# NaN NaN NaN ;Mean Elev.(m), Avg Gradient(m/km), RMS Gradient(m/km) - SRTM1     
#   10.861  -0.200   3.781 ;Mean Elev.(m), Avg Gradient(m/km), RMS Gradient(m/km) - ASTER GDEM
#    3.000  -0.000   1.087 ;Mean Elev.(m), Avg Gradient(m/km), RMS Gradient(m/km) - GMTED2010 
  7     2.736 52468.70828258 23.81  53.391484  67.948659 25.758
  7     2.358 52468.70828323 19.66  53.387774  67.951709 25.758
  8     0.632 52503.70827061 21.54  53.393316  67.950652 30.125
  8     0.640 52503.70827126 20.30  53.389606  67.953692 30.125
  9     2.977 52538.70825346 24.03  53.381500  67.942174 23.579
  9     1.123 52538.70825410 25.57  53.377790  67.945224 23.579
  9     1.258 52538.70825475 29.18  53.374085  67.948270 37.717
 10     0.020 52573.70829627 38.53  53.384985  67.949435 12.902
 10     0.046 52573.70829691 36.79  53.381275  67.952485 12.902
 11     1.560 52608.70825490 17.15  53.396604  67.950500  2.766
 11     1.792 52608.70825555 16.90  53.392904  67.953550  2.766
 12     1.056 52643.70824918 12.85  53.382549  67.948334  2.315
 12     0.705 52643.70824983 13.14  53.378839  67.951384  2.315
 13     1.797 52678.70823047 10.16  53.399357  67.952431  2.047
 13     1.815 52678.70823112 10.28  53.395647  67.955471  2.047
 15     2.356 52748.70829656 18.61  53.390844  67.949669 19.161
 15     0.239 52748.70829721 19.85  53.387141  67.952716 22.897
 16     3.024 52783.70823697 29.11  53.377179  67.943268 39.202
 16     3.185 52783.70823761 32.13  53.373469  67.946308 39.202
 17     3.012 52818.70831374 21.26  53.380549  67.942129 26.318
 17     2.611 52818.70831438 20.70  53.376849  67.945169 26.318
 17     2.163 52818.70831503 24.44  53.373139  67.948219 26.318
 18     0.074 52853.70836388 53.95  53.385672  67.947661 44.169
 18     0.172 52853.70836452 49.41  53.381962  67.950711 44.169
 20     2.780 52923.70835156 27.53  53.402057  67.949880 27.325
 20     2.442 52923.70835221 24.39  53.398357  67.952920 27.325
 21     0.905 52958.70831784 28.62  53.386805  67.947016  5.814
 21     0.986 52958.70831849 27.58  53.383095  67.950066  5.814
 22     1.767 52993.70834614 16.03  53.388733  67.948488  2.697
 22     1.554 52993.70834679 15.88  53.385023  67.951538  2.697
 23     1.761 53028.70831078 10.14  53.404702  67.951845  1.990
 23     1.804 53028.70831143 10.12  53.400992  67.954885  1.990
 24     1.507 53063.70831888 10.90  53.390512  67.950571  2.113
 24     2.107 53063.70831952 10.71  53.386799  67.953621  1.855
 25     2.222 53098.70833302  9.51  53.397959  67.949607  2.555
 25     2.290 53098.70833366  9.68  53.394259  67.952647  2.555
 26     2.646 53133.70831718 11.22  53.392731  67.948599  9.426
 26     1.979 53133.70831782 12.31  53.389021  67.951649  9.426
 28     0.270 53203.70839034 53.34  53.389812  67.947803 37.946
 28     0.329 53203.70839098 51.81  53.386102  67.950843 37.946
 29     0.174 53238.70835889 35.17  53.404449  67.950642 28.766
 29     2.165 53238.70835953 26.20  53.400739  67.953682 28.766
 30     0.622 53273.70831975 37.68  53.377465  67.943637 32.441
 30     0.919 53273.70832040 32.92  53.373765  67.946687 32.441
 31     0.526 53308.70837663 39.83  53.382855  67.947140 15.795
 31     0.517 53308.70837728 38.70  53.379145  67.950180 15.795
 33     2.414 53378.70828596 17.44  53.379300  67.944033  3.603
 33     2.001 53378.70828660 17.76  53.375590  67.947073  3.603
 34     1.961 53413.70831961 14.10  53.395133  67.949978  2.463
 34     2.119 53413.70832026 13.42  53.391423  67.953018  2.463
 35     1.240 53448.70830794 12.75  53.378646  67.941373  2.116
 35     1.050 53448.70830859 12.97  53.374936  67.944423  2.116
 35     0.601 53448.70830923 12.79  53.371226  67.947463  2.116
 36     1.365 53483.70839391 10.18  53.381213  67.945041  2.065
 36     1.434 53483.70839455 10.28  53.377503  67.948091  2.065
 37     2.702 53518.70839313 30.02  53.393916  67.949934 33.863
 37     2.584 53518.70839378 26.38  53.390206  67.952974 33.863
 38     2.594 53553.70841495 19.75  53.387179  67.948019 26.806
 38     0.918 53553.70841559 23.59  53.383479  67.951059 26.806
 39     2.554 53588.70836316 26.12  53.403107  67.950615 32.152
 39     2.411 53588.70836380 25.59  53.399407  67.953665 32.152
 41     0.769 53658.70836393 50.15  53.383133  67.946417 33.755
 41     0.596 53658.70836457 42.34  53.379423  67.949467 33.755
 42     2.815 53693.70834360 25.64  53.396041  67.950027 24.042
 42     2.453 53693.70834425 28.86  53.392341  67.953067 24.042
 43     1.902 53728.70826686 20.26  53.407510  67.952533  3.625
 43     1.874 53728.70826750 20.07  53.403800  67.955583  3.625
 44     1.580 53763.70822743 10.49  53.385552  67.949622  2.138
 44     1.184 53763.70822807 10.79  53.381842  67.952672  2.138
 45     1.295 53798.70823545  9.98  53.405220  67.950639  2.117
 45     1.375 53798.70823610  9.49  53.401510  67.953679  2.117
 46     0.626 53833.70823028  8.82  53.380957  67.944055  2.032
 46     0.678 53833.70823092  8.79  53.377247  67.947105  2.032
 46     1.151 53833.70823157  8.41  53.373537  67.950155  2.032
 47     0.566 53868.70829563 27.24  53.385541  67.946316 26.969
 47     0.553 53868.70829627 30.87  53.381831  67.949356 26.969
 49     2.634 53938.70836360 20.61  53.382312  67.946317 26.712
 49     1.644 53938.70836425 21.27  53.378602  67.949367 26.712
 50     2.294 53973.70832512 28.21  53.397195  67.950141 33.278
 50     2.433 53973.70832577 25.00  53.393485  67.953191 33.278
 51     0.837 54008.70831578 41.93  53.380103  67.945070 41.084
 51     0.789 54008.70831643 47.81  53.376393  67.948110 41.084
 52     0.510 54043.70833734 17.82  53.389934  67.948250  2.991
 52     1.518 54043.70833798 18.58  53.386224  67.951290  2.991
 53     1.511 54078.70833090 12.02  53.398844  67.949341  2.072
 53     1.676 54078.70833155 11.73  53.395134  67.952381  2.072
 54     2.067 54113.70826835 15.20  53.407318  67.951386  4.591
 54     2.230 54113.70826900 15.09  53.403618  67.954436  4.591
 56     1.724 54183.70825800 11.34  53.404408  67.952187  2.770
 56     2.026 54183.70825864 11.52  53.400708  67.955227  2.770
 57     2.529 54218.70828509 18.43  53.385018  67.946251 11.729
 57     2.075 54218.70828574 17.39  53.381308  67.949301 11.729
 58     2.617 54253.70831028 24.35  53.389611  67.948529 33.809
 58     2.211 54253.70831092 23.90  53.385901  67.951569 33.809
 59     2.567 54288.70831395 24.08  53.394104  67.949998 29.254
 59     2.456 54288.70831459 25.91  53.390394  67.953038 29.254
 61     1.270 54358.70826761 29.73  53.406011  67.952246 31.459
 61     2.457 54358.70826826 24.54  53.402301  67.955296 31.459
 62     0.812 54393.70825134 42.74  53.390901  67.948280 27.148
 62     1.770 54393.70825199 30.03  53.387191  67.951320 27.148
 63     2.289 54428.70821740 25.07  53.400599  67.949692  5.197
 63     1.103 54428.70821805 24.16  53.396889  67.952742  5.197
 65     1.741 54498.70822727 12.12  53.398944  67.949686  2.091
 65     1.553 54498.70822791 11.67  53.395244  67.952726  2.091
 67     1.307 54568.70823143  8.53  53.404861  67.951079  2.185
 67     1.010 54568.70823208  8.30  53.401151  67.954129  2.185
 68     2.659 54603.70823897 22.96  53.388978  67.948168 10.891
 68     2.259 54603.70823961 19.98  53.385268  67.951218 10.891
 69     2.782 54638.70824949 28.12  53.393492  67.948631 40.871
 69     1.934 54638.70825013 25.77  53.389782  67.951681 40.871
 71     2.493 54708.70821090 19.06  53.401120  67.951798 28.506
 71     1.530 54708.70821155 27.39  53.397410  67.954848 28.506
 72     0.360 54743.70821834 44.05  53.389204  67.947606 43.018
 72     0.437 54743.70821898 48.88  53.385494  67.950656 43.018
 73     2.231 54778.70819364 25.10  53.394813  67.951870 20.023
 73     1.019 54778.70819428 41.46  53.391103  67.954920 20.023
 74     0.482 54813.70821166 21.59  53.386116  67.946521  4.840
 74     0.560 54813.70821230 21.12  53.382406  67.949561  4.840
 75     1.086 54848.70819283 12.50  53.398499  67.950511  2.904
 75     1.681 54848.70819347 12.80  53.394789  67.953561  2.904
 76     1.208 54883.70821507 10.49  53.388433  67.947196  2.046
 76     1.095 54883.70821572 10.57  53.384733  67.950246  2.046
 77     1.331 54918.70819488 10.01  53.404913  67.950258  2.110
 77     1.583 54918.70819552  9.68  53.401213  67.953308  2.110
 79     2.696 54988.70823396 25.44  53.387478  67.948084 42.705
 79     2.594 54988.70823461 23.70  53.383768  67.951134 42.705
 80     2.598 55023.70822574 24.68  53.397250  67.949305 32.977
 80     2.283 55023.70822639 20.43  53.393540  67.952355 32.977
 81     2.547 55058.70822099 31.17  53.394305  67.949248 40.845
 81     1.659 55058.70822163 26.36  53.390595  67.952298 40.845
 82     2.521 55093.70817520 17.32  53.403464  67.951654 32.482
 82     2.126 55093.70817584 19.47  53.399754  67.954704 32.482
 83     0.505 55128.70816217 44.33  53.387464  67.950388 37.191
 83     0.606 55128.70816281 48.33  53.383754  67.953438 37.191
 84     2.362 55163.70813671 20.09  53.396261  67.950230  3.933
 84     1.893 55163.70813736 20.92  53.392551  67.953280  3.933
 85     2.145 55198.70815313 16.17  53.386925  67.947165  2.594
 85     1.877 55198.70815377 15.53  53.383215  67.950215  2.594
 87     0.962 55268.70814821 11.37  53.388851  67.950180  2.241
 87     1.680 55268.70814886 10.68  53.385141  67.953230  2.241
 88     2.126 55303.70812153 10.80  53.405913  67.951603  2.209
 88     2.160 55303.70812218 10.47  53.402203  67.954653  2.209
 89     2.728 55338.70812104 26.21  53.392267  67.949544 36.520
 89     2.267 55338.70812169 23.18  53.388567  67.952594 36.520
 90     2.777 55373.70811182 24.39  53.396519  67.949040 36.363
 90     2.315 55373.70811247 20.73  53.392809  67.952090 36.363
 91     0.178 55408.70813304 51.68  53.389400  67.948489 40.857
 91     0.074 55408.70813368 50.79  53.385690  67.951539 40.857
 92     2.665 55443.70812981 24.49  53.394646  67.949816 16.928
 92     1.940 55443.70813045 22.42  53.390936  67.952866 16.928
 93     2.323 55478.70806774 20.20  53.408040  67.952121 33.601
 93     2.483 55478.70806839 17.81  53.404330  67.955171 33.601
