-163458.878    65.209     0.00    4.08
-163089.980    66.950     4.72    5.20
-162721.158    67.833     2.39    5.80
-162352.413    69.852     5.47    5.97
-161983.745    71.072     3.31    5.65
-161615.154    72.217     3.11    4.30
-161246.640    72.563     0.94    3.49
-160878.203    73.121     1.51    3.91
-160509.843    73.268     0.40    5.18
-160141.559    73.785     1.40    5.88
-159773.353    75.676     5.13    7.19
-159405.222    80.416    12.88    8.26
-159037.169    83.499     8.38    7.64
-158669.192    86.198     7.34    7.50
-158301.291    88.131     5.25    8.45
-157933.467    88.267     0.37    9.32
-157565.719    92.121    10.48   10.34
-157198.048    96.522    11.97    8.97
-156830.453    99.405     7.84    7.13
-156462.935   102.805     9.25    4.07
-156095.492   105.427     7.14    5.38
-155728.126   109.446    10.94    7.53
-155360.836   114.607    14.05    7.19
-154993.622   118.962    11.86    4.98
-154626.484   120.900     5.28    3.63
-154259.422   119.978    -2.51    5.54
-153892.436   117.426    -6.95    7.68
-153525.525   112.910   -12.31    9.42
-153158.691   107.051   -15.97   10.57
-152791.933    99.030   -21.87   13.78
-152425.250    87.703   -30.89   16.95
-152058.643    75.249   -33.97   16.90
-151692.112    65.542   -26.49   12.94
-151325.656    62.007    -9.65   10.03
-150959.276    66.853    13.23   13.96
-150592.971    75.288    23.03   14.17
-150226.742    83.835    23.34   11.20
-149860.588    87.155     9.07    9.22
-149494.510    87.687     1.46    9.33
-149128.507    85.415    -6.21   10.81
-148762.579    80.515   -13.39   12.37
-148396.727    75.186   -14.57   11.88
-148030.950    69.607   -15.25    9.44
-147665.248    63.615   -16.39    8.05
-147299.621    59.415   -11.49    7.32
-146934.069    55.229   -11.45    6.90
-146568.592    52.047    -8.71    6.55
-146190.243    50.049    -5.28    6.50
-145809.122    49.235    -2.14    6.40
-145428.083    47.146    -5.48    6.76
-145047.128    45.005    -5.62    6.74
-144666.255    45.318     0.82    7.16
-144285.465    50.510    13.64    9.81
-143904.758    58.681    21.47   10.73
-143524.133    66.047    19.35    8.41
-143143.590    69.746     9.72    5.26
-142763.130    70.342     1.57    4.85
-142382.752    69.785    -1.46    4.54
-142002.457    68.644    -3.00    4.05
-141622.243    69.684     2.74    3.14
-141242.112    68.290    -3.67    5.11
-140862.063    65.039    -8.56    6.78
-140482.097    62.228    -7.40    6.24
-140102.212    59.857    -6.24    4.57
-139722.409    58.311    -4.07    4.60
-139342.688    56.043    -5.97    6.16
-138963.049    51.043   -13.17    7.97
-138583.492    43.862   -18.92    8.46
-138204.017    36.969   -18.17    9.09
-137824.624    29.639   -19.32    7.99
-137445.312    25.089   -12.00    7.28
-137066.081    20.235   -12.80    6.36
-136686.933    18.139    -5.53    4.93
-136307.866    19.607     3.87    5.03
-135928.880    20.931     3.49    5.49
-135549.976    22.836     5.03    4.44
-135171.153    23.511     1.78    4.08
-134792.411    23.458    -0.14    4.06
-134413.751    24.245     2.08    3.52
-134035.172    24.607     0.96    3.04
-133656.674    24.107    -1.32    2.50
-133278.257    25.330     3.23    2.80
-132899.921    27.756     6.41    4.53
-132521.667    30.104     6.21    4.87
-132143.493    32.341     5.92    3.72
-131765.400    33.459     2.96    2.14
-131387.388    32.333    -2.98    3.26
-131009.457    30.383    -5.16    3.73
-130631.606    29.469    -2.42    3.28
-130253.837    27.533    -5.13    2.81
-129876.147    27.115    -1.11    2.58
-129498.539    27.841     1.92    3.09
-129121.011    28.809     2.56    3.83
-128743.563    30.267     3.86    3.39
-128366.196    30.352     0.23    2.96
-127988.910    30.921     1.51    2.34
-127611.704    30.152    -2.04    2.09
-127234.578    30.948     2.11    3.52
-126857.532    32.500     4.11    4.97
-126480.566    33.329     2.20    5.06
-126103.681    34.110     2.07    4.05
-125726.876    34.050    -0.16    2.50
-125350.150    32.745    -3.46    3.20
-124973.505    32.152    -1.58    4.22
-124596.940    33.155     2.66    5.26
-124220.454    34.240     2.88    5.90
-123844.049    35.184     2.51    6.44
-123467.723    35.949     2.03    6.44
-123091.477    35.660    -0.77    6.06
-122715.311    36.459     2.12    4.33
-122339.224    35.458    -2.66    3.55
-121963.217    35.260    -0.52    3.27
-121587.289    33.676    -4.22    4.56
-121211.441    32.596    -2.87    4.67
-120835.672    32.211    -1.02    4.10
-120459.983    32.598     1.03    3.88
-120084.373    34.086     3.96    3.44
-119708.842    35.037     2.53    2.69
-119333.391    35.545     1.35    2.56
-118958.019    35.658     0.30    2.91
-118582.726    35.636    -0.06    2.97
-118207.512    35.779     0.38    2.82
-117832.377    36.331     1.47    3.25
-117457.321    37.655     3.53    4.38
-117082.344    39.858     5.87    4.15
-116707.446    42.035     5.81    3.55
-116332.627    43.552     4.05    2.51
-115957.886    43.889     0.90    2.59
-115583.225    44.068     0.48    2.76
-115208.642    44.022    -0.12    3.20
-114834.137    43.905    -0.31    3.77
-114459.712    43.075    -2.22    3.67
-114085.365    41.824    -3.34    3.91
-113711.096    40.830    -2.66    3.79
-113336.906    37.713    -8.33    3.40
-112962.794    36.007    -4.56    2.77
-112588.760    36.160     0.41    3.32
-112214.805    36.001    -0.43    3.31
-111840.928    34.790    -3.24    4.16
-111467.130    34.194    -1.59    4.46
-111093.409    33.716    -1.28    4.16
-110719.767    33.692    -0.06    3.68
-110346.203    34.697     2.69    3.29
-109972.716    35.655     2.56    4.26
-109599.308    35.249    -1.09    5.30
-109225.978    34.853    -1.06    5.15
-108852.725    34.049    -2.15    4.76
-108479.551    34.700     1.74    4.47
-108106.454    35.727     2.75    4.20
-107733.434    38.267     6.81    4.37
-107360.493    39.568     3.49    4.13
-106987.629    39.479    -0.24    4.08
-106614.843    40.136     1.76    3.56
-106242.134    39.596    -1.45    3.59
-105869.503    39.937     0.91    3.31
-105496.949    39.666    -0.73    2.92
-105124.473    39.469    -0.53    2.75
-104752.074    39.001    -1.26    2.86
-104379.752    38.007    -2.67    2.56
-104007.507    37.339    -1.79    2.20
-103635.340    36.794    -1.46    1.88
-103263.250    36.983     0.51    1.39
-102891.237    36.660    -0.87    2.06
-102519.301    35.911    -2.02    2.34
-102147.442    36.717     2.17    3.38
-101775.660    37.234     1.39    3.62
-101403.955    38.192     2.58    3.00
-101032.327    38.816     1.68    2.19
-100660.775    38.086    -1.97    2.75
-100289.301    38.196     0.30    2.88
 -99917.903    38.794     1.61    3.42
 -99546.582    38.927     0.36    3.63
 -99175.337    38.947     0.05    3.91
 -98804.169    39.166     0.59    3.19
 -98433.078    39.511     0.93    2.83
 -98062.063    41.096     4.27    3.47
 -97691.124    43.198     5.67    4.25
 -97320.262    43.684     1.31    4.07
 -96949.477    42.989    -1.88    5.36
 -96578.767    39.780    -8.66    6.07
 -96208.134    36.041   -10.09    4.69
 -95837.577    31.552   -12.12    6.08
 -95467.096    27.844   -10.01    5.83
 -95096.692    23.975   -10.45    5.54
 -94726.363    19.731   -11.46    6.09
 -94356.111    16.774    -7.99    6.31
 -93985.934    14.639    -5.77    5.77
 -93615.834    14.427    -0.57    5.09
 -93245.809    15.310     2.39    4.74
 -92875.860    15.803     1.33    5.11
 -92505.987    14.947    -2.31    5.77
 -92136.190    13.551    -3.78    5.33
 -91766.468    13.618     0.18    4.60
 -91396.822    13.462    -0.42    4.33
 -91027.252    11.168    -6.21    4.10
 -90657.757    10.554    -1.66    3.72
 -90288.338    12.181     4.40    4.91
 -89918.994    15.713     9.56    6.22
 -89549.726    21.050    14.46    6.17
 -89180.533    25.061    10.86    5.07
 -88811.415    27.262     5.96    2.93
 -88442.373    28.447     3.21    3.30
 -88073.406    29.327     2.39    4.20
 -87704.514    29.598     0.74    4.41
 -87335.697    30.216     1.67    3.42
 -86966.956    29.841    -1.02    2.49
 -86598.289    29.644    -0.54    2.14
 -86229.698    29.618    -0.07    2.22
 -85861.181    29.068    -1.49    2.06
 -85492.740    29.681     1.67    2.64
 -85124.373    31.297     4.39    3.66
 -84756.081    34.305     8.17    4.39
 -84387.864    36.512     6.00    3.93
 -84019.722    38.663     5.84    3.74
 -83651.654    40.373     4.65    3.90
 -83283.661    42.987     7.10    4.84
 -82915.743    46.309     9.03    4.91
 -82547.899    48.519     6.01    3.95
 -82180.130    49.437     2.50    3.20
 -81812.435    49.506     0.19    3.69
 -81444.815    50.256     2.04    3.98
 -81077.269    51.491     3.36    3.93
 -80709.797    53.514     5.50    3.88
 -80342.400    57.168     9.95    6.05
 -79975.077    62.519    14.57    8.05
 -79607.828    67.799    14.38    7.19
 -79240.653    72.627    13.15    5.07
 -78873.553    76.437    10.38    5.55
 -78506.526    80.030     9.79    6.52
 -78139.574    84.480    12.13    7.36
 -77772.695    89.306    13.15    8.58
 -77405.891    92.706     9.27    9.01
 -77039.160    96.245     9.65    8.42
 -76672.503    99.568     9.06    6.89
 -76305.920   102.086     6.87    5.15
 -75939.411   102.669     1.59    4.01
 -75572.976   102.351    -0.87    4.24
 -75206.614    99.916    -6.65    5.40
 -74840.326    96.815    -8.47    6.61
 -74474.111    94.315    -6.83    7.55
 -74107.970    89.937   -11.96    9.46
 -73741.902    85.472   -12.20   10.29
 -73375.908    78.039   -20.31   11.59
 -73009.988    70.655   -20.18   10.89
 -72644.140    65.987   -12.76    8.86
 -72278.366    66.014     0.07    8.42
 -71912.666    68.888     7.86    9.47
 -71538.653    72.479     9.60    7.54
 -71157.694    73.450     2.55    6.34
 -70776.815    72.394    -2.77    6.09
 -70396.018    72.349    -0.12    5.53
 -70015.301    74.448     5.51    5.97
 -69634.664    77.257     7.38    5.67
 -69254.107    80.288     7.96    5.97
 -68873.631    84.041     9.87    5.71
 -68493.236    87.878    10.09    5.49
 -68112.920    91.803    10.32    4.66
 -67732.685    94.405     6.84    4.69
 -67352.530    97.212     7.38    5.33
 -66972.455    99.773     6.74    6.98
 -66592.460   102.416     6.95    7.85
 -66212.546   103.458     2.74    8.66
 -65832.711   101.328    -5.61   10.13
 -65452.956    97.799    -9.29   10.77
 -65073.281    94.253    -9.34    8.47
 -64693.685    93.546    -1.86    6.81
 -64314.170    96.756     8.46    7.67
 -63934.734   101.198    11.71    8.19
 -63555.378   106.277    13.39    6.34
 -63176.101   110.105    10.09    4.25
 -62796.904   113.426     8.76    4.42
 -62417.787   116.248     7.44    4.56
 -62038.749   118.554     6.08    3.61
 -61659.790   120.394     4.85    2.09
 -61280.911   121.050     1.73    2.50
 -60902.111   120.950    -0.26    3.21
 -60523.390   120.308    -1.70    4.26
 -60144.749   118.700    -4.25    5.93
 -59766.187   113.878   -12.74    7.83
 -59387.703   107.655   -16.44   10.16
 -59009.299    96.469   -29.56   13.63
 -58630.974    85.585   -28.77   14.45
 -58252.728    76.803   -23.22   10.31
 -57874.561    73.843    -7.83    8.95
 -57496.473    76.840     7.93   10.85
 -57118.463    80.583     9.90    9.60
 -56740.533    81.111     1.40    9.16
 -56362.681    77.955    -8.35   11.06
 -55984.907    72.242   -15.13   12.20
 -55607.213    64.764   -19.80   11.78
 -55229.597    57.601   -18.97   10.83
 -54852.059    50.169   -19.69   10.08
 -54474.600    43.361   -18.04    8.71
 -54097.220    38.663   -12.45    6.00
 -53719.917    41.211     6.75    9.50
 -53342.693    51.484    27.23   16.01
 -52965.548    66.781    40.56   20.50
 -52588.481    82.933    42.84   18.76
 -52211.491    94.107    29.64   13.23
 -51834.580   100.460    16.86    9.39
 -51457.748   101.873     3.75    7.59
 -51080.993   101.138    -1.95    7.19
 -50704.316    99.564    -4.18    7.74
 -50327.717    99.038    -1.40    7.88
 -49951.196    98.201    -2.22    6.95
 -49574.753    99.160     2.55    6.79
 -49198.388    99.975     2.16    7.18
 -48822.100   100.327     0.94    7.96
 -48445.891   100.523     0.52    7.74
 -48069.758    99.339    -3.15    7.28
 -47693.704    94.158   -13.78   10.38
 -47317.727    88.130   -16.03   12.95
 -46941.828    81.187   -18.47   13.58
 -46566.006    75.031   -16.38   10.93
 -46190.261    72.253    -7.40    6.91
 -45814.594    72.655     1.07    4.98
 -45439.004    75.090     6.48    5.52
 -45063.492    79.147    10.80    6.74
 -44688.057    84.350    13.86    7.32
 -44312.699    88.437    10.89    6.47
 -43937.418    91.872     9.15    4.51
 -43562.214    94.770     7.73    3.40
 -43187.088    97.083     6.16    4.93
 -42812.038   100.222     8.37    6.19
 -42437.065   104.705    11.96    6.51
 -42062.169   108.351     9.73    5.73
 -41687.350   111.516     8.44    3.70
 -41312.608   112.611     2.92    2.79
 -40937.943   111.938    -1.80    4.40
 -40563.354   108.503    -9.17    9.10
 -40188.842   105.769    -7.30    9.68
 -39814.407   105.631    -0.37    9.15
 -39440.048   107.121     3.98    8.73
 -39065.766   109.620     6.68    6.20
 -38691.561   110.916     3.46    2.83
 -38317.431   110.687    -0.61    2.92
 -37943.379   110.575    -0.30    3.17
 -37569.402   109.633    -2.52    4.70
 -37195.502   107.646    -5.31    5.34
 -36821.678   108.196     1.47    5.49
 -36447.931   110.087     5.06    6.81
 -36074.259   114.218    11.06    7.07
 -35700.664   117.635     9.15    4.09
 -35327.145   117.861     0.61    3.83
 -34953.701   115.917    -5.21    4.37
 -34580.334   112.674    -8.69    5.98
 -34207.043   108.198   -11.99    8.41
 -33833.827   102.009   -16.58    9.70
 -33460.688    96.114   -15.80    8.30
 -33087.624    91.724   -11.77    6.27
 -32714.636    89.289    -6.53    5.40
 -32341.724    88.592    -1.87    6.43
 -31968.887    87.132    -3.91    7.60
 -31596.126    85.631    -4.03    8.36
 -31223.441    83.462    -5.82    8.12
 -30850.831    82.426    -2.78    8.76
 -30478.296    81.911    -1.38    9.76
 -30105.838    82.546     1.71   10.41
 -29733.454    82.372    -0.47    9.88
 -29361.146    84.491     5.69    9.02
 -28988.913    86.494     5.38    8.28
 -28616.755    88.448     5.25    7.54
 -28244.673    86.976    -3.96   10.49
 -27872.666    82.027   -13.30   14.06
 -27500.733    76.185   -15.71   14.54
 -27128.876    72.338   -10.35   14.00
 -26757.094    72.383     0.12   13.95
 -26385.387    74.417     5.47   14.09
 -26013.755    74.731     0.85   14.25
 -25642.198    73.417    -3.54   14.96
 -25270.716    70.296    -8.40   13.92
 -24899.308    65.382   -13.23   15.09
 -24527.975    57.598   -20.96   17.15
 -24156.717    47.854   -26.25   17.09
 -23785.534    38.948   -23.99   12.15
 -23414.425    35.238   -10.00    7.17
 -23043.391    36.970     4.67    7.53
 -22672.431    41.124    11.20   10.39
 -22301.546    46.603    14.77   12.23
 -21930.736    48.937     6.30   12.23
 -21559.999    50.603     4.49   10.68
 -21189.337    50.163    -1.19    8.82
 -20818.750    50.438     0.74    8.29
 -20448.237    49.888    -1.48    9.13
 -20077.798    49.960     0.19    8.70
 -19707.433    49.111    -2.29    7.32
 -19337.142    49.963     2.30    6.76
 -18966.925    53.024     8.27    7.15
 -18596.783    56.730    10.01    7.44
 -18226.714    59.927     8.64    7.67
 -17856.719    64.337    11.92    8.72
 -17486.799    71.007    18.03   11.34
 -17116.952    78.383    19.94   12.14
 -16747.179    86.038    20.70   11.87
 -16377.480    91.943    15.97   11.01
 -16007.854    99.072    19.29    9.75
 -15638.302   103.937    13.17    9.05
 -15268.824   109.723    15.66    8.54
 -14899.420   114.669    13.39    8.46
 -14530.089   121.129    17.49    8.41
 -14160.832   126.274    13.93    8.55
 -13791.648   131.781    14.92    6.32
 -13422.537   134.548     7.49    4.78
 -13053.500   135.440     2.42    4.72
 -12684.536   135.469     0.08    4.40
 -12315.646   135.132    -0.91    3.87
 -11946.829   135.702     1.54    3.36
 -11578.085   136.238     1.46    2.88
 -11209.414   136.822     1.58    2.91
 -10840.817   135.603    -3.31    3.62
 -10472.292   134.000    -4.35    4.40
 -10103.841   132.020    -5.37    4.53
  -9735.462   129.348    -7.25    4.21
  -9367.157   127.016    -6.33    4.35
  -8998.924   125.155    -5.05    3.85
  -8630.765   121.877    -8.90    4.74
  -8262.678   117.754   -11.20    7.42
  -7894.664   113.705   -11.00    7.98
  -7526.722   110.626    -8.37    6.04
  -7158.854   110.844     0.59    6.00
  -6791.058   113.324     6.74    6.31
  -6423.334   112.998    -0.89    7.18
  -6055.684   111.638    -3.70    7.86
  -5688.106   108.922    -7.39    8.10
  -5320.600   106.655    -6.17    7.71
  -4953.167   103.980    -7.28    7.35
  -4585.806   101.970    -5.47    7.86
  -4218.517    99.111    -7.79    7.79
  -3851.301    97.053    -5.60    7.78
  -3484.157    92.953   -11.17    9.73
  -3117.085    83.105   -26.83   16.71
  -2750.086    69.655   -36.65   22.64
  -2383.159    53.244   -44.73   24.61
  -2016.304    41.000   -33.37   22.93
  -1649.520    27.800   -35.99   20.75
  -1282.809    17.075   -29.25   18.83
   -916.170     8.023   -24.69   13.95
   -549.603     2.416   -15.30    7.19
   -183.108    -0.560    -8.12    0.19
    183.316    -0.595    -0.10    0.00
    549.667    -0.595     0.00    0.00
    915.947    -0.519     0.21    0.27
   1282.155    -0.308     0.58    0.46
   1648.292     0.064     1.02    0.69
   2014.356     1.383     3.60    2.99
   2380.349     2.405     2.79    3.47
   2746.271     3.538     3.10    3.72
   3116.291     6.149     7.06    5.18
   3497.088     9.560     8.96    6.42
   3877.806    13.196     9.55    5.64
   4258.445    15.316     5.57    4.26
   4639.007    15.094    -0.58    4.88
   5019.490    15.394     0.79    4.93
   5399.894    16.605     3.18    4.87
   5780.221    19.315     7.13    3.53
   6160.469    20.800     3.91    3.42
   6540.639    21.328     1.39    3.54
   6920.731    23.083     4.62    3.57
   7300.745    24.594     3.98    3.61
   7680.681    26.272     4.42    3.41
   8060.538    28.675     6.33    3.51
   8440.318    31.383     7.13    4.99
   8820.021    34.007     6.91    5.19
   9199.645    36.658     6.98    3.81
   9579.191    38.205     4.08    3.28
   9958.660    40.361     5.68    4.22
  10338.051    43.111     7.25    4.52
  10717.365    45.746     6.95    4.12
  11096.601    47.777     5.36    4.09
  11475.759    48.072     0.78    4.27
  11854.840    47.000    -2.83    5.32
  12233.843    45.304    -4.48    5.89
  12612.770    43.119    -5.77    5.35
  12991.618    42.872    -0.65    4.98
  13370.390    44.858     5.25    4.59
  13749.084    43.888    -2.56    5.59
  14127.701    41.888    -5.28    7.28
  14506.241    39.724    -5.72    7.37
  14884.703    37.587    -5.65    4.50
  15263.089    39.350     4.66    4.51
  15641.397    42.382     8.02    6.38
  16019.629    43.727     3.56    6.55
  16397.784    43.702    -0.07    6.10
  16775.861    41.549    -5.69    5.92
  17153.862    41.954     1.07    6.07
  17531.787    44.572     6.93    7.97
  17909.634    45.246     1.78    6.96
  18287.405    44.416    -2.20    5.60
  18665.099    44.655     0.63    5.65
  19042.716    48.938    11.34   10.38
  19420.257    53.697    12.60   10.68
  19797.722    56.405     7.17    9.09
  20175.110    57.016     1.62    6.07
  20552.421    55.038    -5.24    5.52
  20929.656    53.483    -4.12    5.10
  21306.815    54.638     3.06    5.68
  21683.898    57.922     8.71    4.97
  22060.904    60.644     7.22    3.10
  22437.834    61.821     3.12    1.98
  22814.688    63.371     4.11    4.16
  23191.466    64.675     3.46    5.67
  23568.168    64.238    -1.16    7.04
  23944.793    61.416    -7.49    9.57
  24321.343    57.405   -10.65   10.23
  24697.817    53.294   -10.92    8.33
  25074.215    52.746    -1.46    7.44
  25450.537    52.872     0.33    6.29
  25826.784    52.928     0.15    4.41
  26202.955    54.272     3.57    3.61
  26579.050    55.943     4.45    2.86
  26955.069    58.116     5.78    3.79
  27331.013    60.459     6.23    4.14
  27706.881    63.827     8.96    4.92
  28082.674    67.160     8.87    6.50
  28458.391    70.618     9.20    7.24
  28834.033    74.223     9.60    6.64
  29209.599    78.360    11.02    5.83
  29585.090    82.075     9.89    5.89
  29960.506    85.416     8.90    6.08
  30335.847    86.394     2.60    5.70
  30711.112    84.944    -3.86    6.47
  31086.302    81.012   -10.48    7.80
  31461.417    77.683    -8.87    6.34
  31836.458    76.939    -1.98    5.79
  32211.423    77.700     2.03    5.85
  32586.313    77.816     0.31    4.96
  32961.128    73.916   -10.40    7.87
  33335.868    69.686   -11.29    8.11
  33710.534    67.205    -6.62    7.02
  34085.124    67.697     1.31    6.33
  34459.640    71.030     8.90    6.28
  34834.081    70.794    -0.63    6.94
  35208.448    67.939    -7.63    8.17
  35582.740    63.294   -12.41    6.69
  35956.957    60.779    -6.72    4.71
  36331.100    60.760    -0.05    4.98
  36705.168    59.537    -3.27    7.18
  37079.162    55.205   -11.58   11.69
  37453.082    47.248   -21.28   13.10
  37826.927    39.427   -20.92   10.19
  38200.698    34.830   -12.30    5.31
  38574.394    35.360     1.42    5.49
  38948.016    36.847     3.98    5.22
  39321.565    38.371     4.08    4.22
  39695.039    39.240     2.33    3.34
  40068.439    41.045     4.83    4.30
  40441.765    44.498     9.25    6.58
  40815.016    48.994    12.04    7.99
  41188.194    53.881    13.10    8.11
  41561.298    56.240     6.32    7.41
  41934.329    57.742     4.03    7.37
  42307.285    59.872     5.71    8.51
  42680.167    63.214     8.96   10.09
  43052.976    68.383    13.86    9.65
  43425.711    73.274    13.12    8.09
  43798.373    76.484     8.61    5.89
  44170.961    78.750     6.08    5.56
  44543.475    81.618     7.70    6.89
  44915.916    85.333     9.97    8.81
  45288.283    90.742    14.52    9.03
  45660.577    95.277    12.18    7.55
  46032.797    97.572     6.16    5.99
  46404.944    97.689     0.32    6.99
  46777.018    94.972    -7.30    9.02
  47149.019    92.220    -7.40    8.64
  47520.946    88.294   -10.56    8.55
  47892.800    83.827   -12.01    8.55
  48264.581    77.798   -16.22    8.78
  48636.289    71.528   -16.87    8.81
  49007.924    63.803   -20.79    9.94
  49379.486    57.072   -18.11    9.70
  49750.975    51.972   -13.73    5.96
  50122.391    50.872    -2.96    4.74
  50493.734    52.666     4.83    6.08
  50865.004    56.916    11.45    8.11
  51236.201    61.917    13.47    9.24
  51607.326    65.598     9.92    8.50
  51978.378    67.827     6.01    7.38
  52349.357    68.742     2.47    5.75
  52720.264    69.658     2.47    6.61
  53091.098    70.553     2.41    7.73
  53461.860    71.726     3.17    9.06
  53832.549    73.405     4.53    8.65
  54203.165    76.252     7.68    7.15
  54573.709    81.038    12.92    8.89
  54944.181    88.257    19.49   12.48
  55314.581    96.113    21.21   12.95
  55684.908    99.888    10.19   10.30
  56055.163    99.708    -0.48    8.10
  56425.346    96.348    -9.08    8.13
  56795.456    92.803    -9.58    4.96
  57165.495    93.560     2.05    5.43
  57535.461    95.803     6.06    5.35
  57905.356    97.146     3.63    3.80
  58275.178    96.968    -0.48    3.20
  58644.928    95.723    -3.37    3.09
  59014.607    94.988    -1.99    2.35
  59384.213    97.596     7.05    5.36
  59753.748   104.128    17.68   10.23
  60123.211   111.621    20.28   11.01
  60492.603   117.262    15.27    9.11
  60861.922   118.328     2.89   10.63
  61231.170   114.347   -10.78   13.48
  61600.346   109.787   -12.35   12.68
  61969.451   105.212   -12.39   10.47
  62338.484   100.573   -12.57    9.19
  62707.446    96.497   -11.05    9.97
  63076.336    91.075   -14.70   11.12
  63445.155    88.227    -7.72   10.43
  63813.902    87.734    -1.34    9.52
  64182.579    87.348    -1.05    8.76
  64551.183    90.658     8.98    6.73
  64919.717    93.809     8.55    8.06
  65288.179    98.798    13.54    9.94
  65656.571   105.753    18.88    9.00
  66024.891   111.742    16.26    5.94
  66393.140   114.416     7.26    4.74
  66761.318   117.321     7.89    5.47
  67129.425   119.549     6.05    5.64
  67497.461   119.255    -0.80    6.71
  67865.426   114.072   -14.09   11.78
  68233.320   108.030   -16.42   11.50
  68601.143   105.686    -6.37   10.97
  68968.896   109.517    10.42   12.73
  69336.578   118.314    23.92   13.17
  69704.189   124.116    15.78   12.11
  70071.729   125.589     4.01   13.25
  70439.199   123.614    -5.37   15.87
  70806.598   122.296    -3.59   16.95
  71173.927   125.655     9.14   17.71
  71541.185   131.043    14.67   14.32
  71908.373   134.012     8.08    9.15
  72275.490   137.746    10.17    6.18
  72642.537   140.972     8.79    7.64
  73009.513   144.980    10.92    7.86
  73376.419   151.293    17.20    6.71
  73743.255   154.991    10.08    5.85
  74110.021   156.888     5.17    5.84
  74476.716   158.697     4.93    5.72
  74843.341   162.091     9.26    6.48
  75209.897   165.216     8.53    7.43
  75576.382   168.405     8.70    7.02
  75942.797   171.855     9.42    6.61
  76309.142   175.476     9.88    5.66
  76675.417   178.394     7.96    5.41
  77041.622   180.951     6.98    4.75
  77407.758   181.427     1.30    4.08
  77774.116   180.393    -2.82    4.41
  78154.752   179.064    -3.49    4.78
  78535.312   178.474    -1.55    5.42
  78915.795   180.484     5.28    7.34
  79296.202   184.358    10.19    8.68
  79676.533   189.760    14.20    7.56
  80056.788   192.643     7.58    4.72
  80436.966   192.075    -1.49    6.00
  80817.068   188.807    -8.60    8.55
  81197.095   181.848   -18.31   10.82
  81577.045   173.718   -21.40   12.13
  81956.919   165.871   -20.66   10.18
  82336.717   160.864   -13.18    5.63
  82716.439   160.293    -1.50    4.38
  83096.086   162.440     5.66    5.59
  83475.656   165.753     8.73    7.14
  83855.151   168.738     7.87    8.78
  84234.570   173.798    13.34   10.76
  84613.913   180.118    16.66    9.60
  84993.181   184.761    12.24    7.48
  85372.373   188.973    11.11    5.56
  85751.490   190.348     3.63    5.10
  86130.531   189.462    -2.34    5.66
  86509.497   186.996    -6.51    6.29
  86888.387   183.681    -8.75    5.69
  87267.202   181.635    -5.40    5.24
  87645.941   179.113    -6.66    3.91
  88024.605   176.727    -6.30    3.98
  88403.194   173.472    -8.60    4.60
  88781.708   171.672    -4.76    4.35
  89160.147   170.859    -2.15    3.94
  89538.510   172.852     5.27    4.21
  89916.799   174.871     5.34    3.59
  90295.012   175.015     0.38    3.60
  90673.151   174.655    -0.95    3.48
  91051.214   173.051    -4.24    2.50
  91429.203   176.200     8.33    6.40
  91807.117   180.798    12.16    8.19
  92184.956   184.753    10.47    7.82
  92562.720   189.512    12.60    6.50
  92940.410   194.189    12.38    9.47
  93318.025   199.844    14.97   11.13
  93695.565   204.632    12.68    9.57
  94073.031   211.453    18.07    9.20
  94450.422   217.109    14.99   10.60
  94827.739   223.075    15.81   11.60
  95204.981   231.473    22.26   11.72
  95582.149   237.558    16.13   12.22
  95959.242   242.095    12.03   11.79
  96336.261   246.103    10.63   12.03
  96713.206   249.484     8.97   12.51
  97090.077   255.870    16.94   12.41
  97466.873   260.564    12.46   10.77
  97843.596   264.738    11.08    7.26
  98220.244   264.655    -0.22    7.32
  98596.818   262.556    -5.57    9.07
  98973.318   259.338    -8.55   11.02
  99349.745   254.623   -12.52   11.92
  99726.097   246.916   -20.48   12.50
 100102.375   239.945   -18.53   10.42
 100478.580   237.858    -5.55   10.82
 100854.711   238.037     0.48   13.84
 101230.768   239.301     3.36   16.19
 101606.751   236.928    -6.31   17.93
 101982.661   229.798   -18.96   17.85
 102358.497   220.640   -24.37   14.28
 102734.259   212.821   -20.81   10.87
 103109.948   207.962   -12.93    7.90
 103485.563   202.593   -14.29    7.06
 103861.105   197.223   -14.30    7.84
 104236.574   193.091   -11.00    7.16
 104611.969   186.928   -16.42    6.12
 104987.291   183.280    -9.72    7.75
 105362.540   178.381   -13.05    8.80
 105737.715   173.041   -14.23    8.18
 106112.817   169.280   -10.03    7.51
 106487.846   165.835    -9.18    6.17
 106862.802   165.303    -1.42    6.38
 107237.685   166.205     2.41    6.53
 107612.495   168.212     5.35    7.50
 107987.232   170.178     5.25    7.76
 108361.896   171.498     3.52    6.74
 108736.487   171.146    -0.94    5.80
 109111.005   169.382    -4.71    5.13
 109485.450   166.242    -8.38    4.93
 109859.823   162.405   -10.25    5.26
 110234.122   158.275   -11.03    5.27
 110608.350   153.700   -12.22    4.88
 110982.504   149.978    -9.95    4.99
 111356.586   147.158    -7.54    3.94
 111730.595   146.911    -0.66    4.24
 112104.532   148.888     5.29    5.74
 112478.396   152.033     8.41    5.41
 112852.188   154.742     7.25    4.30
 113225.908   155.184     1.18    4.67
 113599.555   152.655    -6.77    7.84
 113973.130   150.314    -6.27    8.63
 114346.632   148.207    -5.64    7.62
 114720.063   149.596     3.72    6.99
 115093.421   151.784     5.86    5.06
 115466.707   152.114     0.88    4.07
 115839.921   152.219     0.28    3.73
 116213.063   150.973    -3.34    3.69
 116586.133   150.612    -0.97    3.11
 116959.130   149.939    -1.80    3.05
 117332.056   148.595    -3.60    3.70
 117704.910   146.577    -5.41    4.35
 118077.693   144.299    -6.11    3.11
 118450.403   143.644    -1.76    3.10
 118823.042   144.750     2.97    4.50
 119195.608   147.439     7.22    4.96
 119568.104   150.250     7.55    3.91
 119940.527   151.859     4.32    2.53
 120312.879   150.923    -2.51    3.13
 120685.159   149.293    -4.38    3.25
 121057.368   148.100    -3.20    2.46
 121429.506   148.164     0.17    2.17
 121801.572   149.862     4.56    3.55
 122173.566   151.950     5.61    4.56
 122545.489   153.051     2.96    4.41
 122917.341   152.549    -1.35    4.36
 123289.122   149.417    -8.42    4.51
 123660.831   146.934    -6.68    4.14
 124032.469   146.661    -0.73    4.45
 124404.036   144.666    -5.37    4.95
 124775.532   141.881    -7.50    7.00
 125146.957   137.382   -12.11    7.62
 125518.310   132.762   -12.44    4.65
 125889.593   130.945    -4.89    2.00
 126260.805   130.570    -1.01    2.08
 126631.946   131.196     1.69    2.65
 127003.016   132.207     2.73    2.95
 127374.015   132.723     1.39    4.50
 127744.943   131.382    -3.61    7.33
 128115.801   129.621    -4.75    8.19
 128486.588   127.714    -5.14    7.51
 128857.304   125.462    -6.07    6.57
 129227.950   122.800    -7.18    4.99
 129598.525   121.819    -2.65    3.33
 129969.029   121.996     0.48    3.49
 130339.463   123.893     5.12    4.18
 130709.827   126.325     6.57    3.59
 131080.120   127.583     3.40    2.82
 131450.342   128.807     3.31    2.51
 131820.495   129.051     0.66    2.40
 132190.577   129.428     1.02    2.83
 132560.588   130.320     2.41    3.27
 132930.530   130.189    -0.35    3.43
 133300.401   131.015     2.23    3.70
 133670.202   133.416     6.49    3.84
 134039.933   134.576     3.14    3.38
 134409.594   135.678     2.98    3.41
 134779.185   136.107     1.16    3.94
 135148.706   136.497     1.05    2.97
 135518.157   137.321     2.23    1.86
 135887.538   137.312    -0.02    1.93
 136256.850   136.661    -1.76    2.18
 136626.091   135.934    -1.97    2.12
 136995.263   136.109     0.47    2.24
 137364.365   136.814     1.91    2.71
 137733.397   138.770     5.30    2.83
 138102.359   140.591     4.94    2.05
 138471.252   141.126     1.45    2.31
 138840.075   138.833    -6.21    5.28
 139208.829   133.991   -13.13    7.40
 139577.513   128.152   -15.84    7.60
 139946.128   124.175   -10.79    4.75
 140314.673   123.220    -2.59    3.62
 140683.149   123.209    -0.03    3.47
 141051.555   124.063     2.32    3.29
 141419.892   123.587    -1.29    3.16
 141788.160   122.405    -3.21    2.27
 142156.359   122.600     0.53    1.87
 142524.488   123.137     1.46    2.57
 142892.548   123.267     0.35    3.79
 143260.539   124.626     3.69    4.83
 143628.461   124.700     0.20    5.14
 143996.314   124.012    -1.87    5.65
 144364.098   123.044    -2.63    5.65
 144731.813   122.265    -2.12    5.34
 145099.459   122.260    -0.01    4.66
 145467.036   123.646     3.77    3.56
 145834.545   124.405     2.06    3.65
 146201.984   124.129    -0.75    5.34
 146569.355   124.742     1.67    6.91
 146936.657   125.324     1.58    7.67
 147303.890   127.104     4.84    7.16
 147671.054   127.700     1.62    5.72
 148038.150   126.345    -3.69    6.19
 148405.178   123.649    -7.35    6.48
 148772.136   123.079    -1.55    6.34
 149139.027   125.512     6.63    7.88
 149505.848   128.899     9.23    7.69
 149872.602   131.754     7.78    5.98
 150239.287   133.060     3.56    5.64
 150605.903   132.370    -1.88    6.00
 150972.452   133.289     2.51    5.87
 151338.932   134.429     3.11    5.78
 151705.344   135.780     3.69    5.73
 152071.687   137.198     3.87    5.29
 152437.962   137.577     1.04    5.45
 152815.145   136.356    -3.24    8.12
 153195.551   137.303     2.49    9.65
 153575.883   137.269    -0.09    9.50
 153956.140   135.496    -4.66    9.01
 154336.323   133.124    -6.24    7.43
 154716.432   132.894    -0.61    6.69
 155096.467   137.289    11.56    8.94
 155476.428   142.033    12.48    9.18
 155856.315   146.193    10.95    7.24
 156236.127   148.234     5.37    6.52
 156615.866   147.805    -1.13    6.42
 156995.531   146.746    -2.79    5.83
 157375.121   145.087    -4.37    4.81
 157754.638   142.869    -5.84    5.10
 158134.081   138.312   -12.01    7.06
 158513.451   133.719   -12.11    6.49
 158892.746   130.416    -8.71    5.00
 159271.968   129.031    -3.65    5.07
 159651.116   130.026     2.62    5.86
 160030.191   131.664     4.32    4.85
 160409.192   132.474     2.14    3.09
 160788.120   132.960     1.28    3.09
 161166.974   133.099     0.37    3.51
 161545.754   132.539    -1.48    4.11
 161924.461   132.141    -1.05    4.78
 162303.095   130.576    -4.13    5.44
 162681.656   127.858    -7.18    6.46
 163060.143   125.970    -4.99    5.71
 163438.557   126.646     1.79    5.53
 163816.898   129.777     8.27    6.56
 164195.165   132.859     8.15    6.09
 164573.360   134.802     5.14    4.00
 164951.482   132.876    -5.09    5.59
 165329.530   128.405   -11.83    7.37
 165707.506   125.152    -8.61    6.33
 166085.408   123.975    -3.11    5.17
 166463.238   124.164     0.50    4.70
 166840.995   123.817    -0.92    3.99
 167218.679   123.207    -1.61    3.61
 167596.290   124.531     3.51    3.89
 167973.829   125.417     2.35    4.29
 168351.295   126.765     3.57    3.32
 168728.688   128.087     3.50    2.74
 169106.008   127.255    -2.20    3.55
 169483.257   128.333     2.85    3.73
 169860.432   130.021     4.48    4.32
 170237.535   131.637     4.28    4.07
 170614.566   132.998     3.61    2.18
 170991.524   133.035     0.10    2.04
 171368.410   131.346    -4.48    2.47
 171745.224   129.954    -3.69    3.08
 172121.965   128.973    -2.60    3.25
 172498.634   127.880    -2.90    3.12
 172875.231   129.837     5.19    5.15
 173251.756   131.775     5.15    4.73
 173628.208   132.521     1.98    4.00
 174004.589   131.368    -3.06    4.28
 174380.898   128.347    -8.03    4.22
 174757.134   125.307    -8.08    5.13
 175133.299   122.626    -7.13    5.52
 175509.392   122.238    -1.03    5.25
 175885.413   123.497     3.35    5.67
 176261.362   126.802     8.79    6.21
 176637.239   130.524     9.90    4.96
 177013.045   131.893     3.64    3.75
 177388.779   130.928    -2.57    4.78
 177764.441   128.335    -6.90    4.73
 178140.031   126.917    -3.78    3.67
 178515.550   127.631     1.90    3.53
 178890.998   127.957     0.87    3.89
 179266.374   126.272    -4.49    5.72
 179641.679   122.277   -10.64    9.06
 180016.912   115.172   -18.93   10.36
 180392.074   109.087   -16.22    8.30
 180767.164   105.810    -8.74    5.28
 181142.183   106.189     1.01    6.23
 181517.131   108.687     6.66    7.65
 181892.008   110.595     5.09    8.44
 182266.814   112.277     4.49    9.10
 182641.548   115.005     7.28    9.22
 183016.212   119.670    12.45   10.02
 183390.804   124.882    13.91    7.52
 183765.325   129.170    11.45    5.64
 184139.776   130.167     2.66    4.28
 184514.155   128.152    -5.38    5.85
 184888.464   126.064    -5.58    6.14
 185262.702   122.549    -9.39    3.68
 185636.868   122.463    -0.23    2.55
 186010.965   123.207     1.99    3.14
 186384.990   122.863    -0.92    3.77
 186758.945   123.137     0.73    4.00
 187132.829   123.196     0.16    4.65
 187506.642   123.176    -0.05    5.34
 187880.385   123.714     1.44    6.03
 188254.058   125.060     3.60    6.04
 188627.660   128.489     9.18    7.14
 189001.191   131.675     8.53    7.70
 189374.652   134.519     7.61    6.97
 189748.043   136.357     4.92    6.50
 190121.363   136.214    -0.38    6.38
 190494.614   135.963    -0.67    5.35
 190867.793   136.024     0.16    4.54
 191240.903   137.107     2.90    4.47
 191613.943   139.359     6.04    5.05
 191986.912   142.548     8.55    5.01
 192359.811   145.774     8.65    4.54
 192732.640   148.265     6.68    4.78
 193105.400   150.649     6.39    5.59
 193478.089   151.875     3.29    7.02
 193850.708   153.123     3.35    8.64
 194223.258   153.864     1.99    8.87
 194595.737   154.640     2.08    8.96
 194968.147   155.299     1.77    8.47
 195340.487   156.464     3.13    8.13
 195712.757   159.332     7.70    7.07
 196084.958   161.486     5.79    6.60
 196457.089   163.335     4.97    6.38
 196829.150   166.230     7.78    5.46
 197201.142   167.161     2.50    4.39
 197573.064   166.347    -2.19    4.34
 197944.917   164.807    -4.14    4.78
 198316.700   163.267    -4.14    3.55
 198688.413   163.322     0.15    3.37
 199060.058   164.998     4.51    3.50
 199431.633   165.886     2.39    4.12
 199803.139   165.010    -2.36    5.21
 200174.575   164.343    -1.79    5.80
 200545.942   162.940    -3.78    5.31
 200917.240   162.330    -1.64    4.08
 201288.469   161.323    -2.71    3.08
 201659.629   160.442    -2.37    2.11
 202030.720   161.060     1.66    3.52
 202401.741   162.705     4.43    4.57
 202772.694   165.219     6.78    4.67
 203143.578   167.967     7.41    3.55
 203514.392   168.934     2.61    2.93
 203885.138   169.886     2.57    3.57
 204255.815   172.543     7.17    4.51
 204626.424   175.080     6.84    5.63
 204996.963   176.835     4.74    4.91
 205367.434   175.634    -3.24    6.84
 205737.836   171.934    -9.99    8.80
 206108.169   168.265    -9.91    8.27
 206478.434   165.240    -8.17    7.64
 206848.630   162.682    -6.91    7.73
 207218.758   161.278    -3.79    6.97
 207588.817   159.766    -4.09    4.10
 207958.808   162.655     7.81    5.97
 208328.730   166.589    10.63    6.90
 208698.584   170.369    10.22    5.38
 209068.369   172.019     4.46    3.43
 209438.086   170.923    -2.97    3.59
 209807.735   167.970    -7.99    3.91
 210177.316   165.109    -7.74    4.45
 210546.829   163.370    -4.70    3.85
 210916.273   163.486     0.31    3.63
 211285.649   165.010     4.12    4.43
 211654.957   167.689     7.25    4.44
 212024.197   170.321     7.13    5.45
 212393.369   173.544     8.73    5.99
 212762.473   176.382     7.69    6.55
 213131.510   178.592     5.99    6.03
 213500.478   179.141     1.49    5.22
 213869.378   178.835    -0.83    3.62
 214238.211   178.730    -0.28    3.16
 214606.975   178.815     0.23    2.85
 214975.672   181.129     6.28    3.18
 215344.302   183.112     5.38    3.35
 215712.863   185.675     6.95    3.95
 216081.357   187.063     3.77    3.14
 216449.784   188.064     2.71    3.75
 216818.143   188.111     0.13    4.82
 217186.434   184.714    -9.22    8.70
 217554.658   179.405   -14.42   12.14
 217922.814   171.917   -20.34   12.36
 218290.903   164.754   -19.46    8.35
 218658.925   160.574   -11.36    4.65
 219026.879   157.770    -7.62    3.34
 219394.766   156.298    -4.00    3.15
 219762.585   154.828    -3.99    3.72
 220130.338   152.305    -6.86    4.19
 220498.023   150.312    -5.42    4.49
 220865.641   147.597    -7.38    4.07
 221233.192   143.217   -11.92    5.93
 221600.676   139.139   -11.09    6.11
 221968.093   135.043   -11.15    5.24
 222335.442   132.624    -6.58    3.72
 222702.725   131.323    -3.54    3.57
 223069.941   130.242    -2.94    3.91
 223437.090   129.798    -1.21    4.24
 223804.172   128.562    -3.37    4.18
 224171.188   128.560    -0.01    4.00
 224538.136   128.347    -0.58    3.93
 224905.018   127.441    -2.47    4.37
 225271.833   126.958    -1.32    3.80
 225638.581   126.742    -0.59    3.72
 226005.263   127.111     1.01    4.02
 226371.878   128.530     3.87    3.28
 226738.427   126.774    -4.79    4.75
 227104.909   123.469    -9.02    6.75
 227478.646   119.464   -10.71    7.93
 227858.897   115.076   -11.54    7.60
 228239.076   113.637    -3.78    7.38
 228619.182   111.880    -4.62    7.98
 228999.217   111.103    -2.05    7.87
 229379.179   111.475     0.98    8.13
 229759.068   111.170    -0.81    7.50
 230138.886   110.622    -1.44    7.74
 230518.632   109.899    -1.90    8.21
 230898.305   108.277    -4.27    8.34
 231277.906   106.689    -4.18    7.60
 231657.436   106.487    -0.53    7.84
 232036.893   106.840     0.93    8.37
 232416.279   109.581     7.22    9.25
 232795.593   113.232     9.62    8.64
 233174.834   117.523    11.31    6.14
 233554.005   121.592    10.73    4.42
 233933.103   122.111     1.37    2.94
 234312.129   122.055    -0.15    2.71
 234691.084   121.658    -1.05    2.40
 235069.968   122.244     1.55    3.05
 235448.779   122.566     0.85    3.26
 235827.519   122.807     0.64    3.34
 236206.188   123.191     1.01    3.23
 236584.785   122.948    -0.64    2.81
 236963.311   122.750    -0.52    2.34
 237341.765   122.742    -0.02    2.89
 237720.148   121.995    -1.97    4.40
 238098.460   120.513    -3.92    5.59
 238476.700   119.246    -3.35    6.25
 238854.869   115.512    -9.87    8.17
 239232.967   109.331   -16.35   13.01
 239610.994   100.847   -22.44   14.59
 239988.950    91.771   -24.01   11.04
 240366.835    86.005   -15.26    5.64
 240744.648    85.101    -2.39    5.84
 241122.391    83.793    -3.46    5.58
 241500.063    83.992     0.53    5.77
 241877.663    84.852     2.28    7.52
 242255.193    87.917     8.12   10.79
 242632.652    91.935    10.64   13.74
 243010.041    98.417    17.17   16.85
 243387.358   102.508    10.84   16.17
 243764.605   105.084     6.83   14.07
 244141.781   106.905     4.83   10.73
 244518.887   107.825     2.44    8.25
 244895.922   110.828     7.97    7.83
 245272.886   114.134     8.77    6.93
 245649.780   116.052     5.09    6.29
 246026.603   117.995     5.16    7.55
 246403.356   120.200     5.85    7.76
 246780.039   123.487     8.72    7.79
 247156.651   127.296    10.11    7.98
 247533.193   130.899     9.57    8.15
 247909.665   133.766     7.62    6.52
 248286.066   135.146     3.66    4.57
 248662.397   135.899     2.00    2.98
 249038.658   135.817    -0.22    1.99
 249414.849   135.028    -2.09    2.30
 249790.970   135.200     0.46    2.67
 250167.021   135.892     1.84    2.96
 250543.001   136.464     1.52    2.90
 250918.912   137.405     2.50    2.63
 251294.753   137.770     0.97    3.49
 251670.524   138.342     1.52    3.77
 252046.225   139.643     3.46    3.67
 252421.857   139.531    -0.30    3.45
 252797.418   138.521    -2.69    3.98
 253172.910   137.617    -2.41    4.27
 253548.332   135.857    -4.69    4.23
 253923.685   134.046    -4.82    4.42
 254298.967   131.217    -7.54    5.45
 254674.181   128.405    -7.49    5.13
 255049.324   124.191   -11.23    5.77
 255424.399   119.430   -12.69    6.20
 255799.404   116.544    -7.69    5.89
 256174.339   113.582    -7.90    3.90
 256549.205   111.754    -4.87    3.42
 256924.002   112.050     0.79    3.20
 257298.729   112.405     0.95    3.28
 257673.387   113.917     4.04    3.65
 258047.976   116.595     7.15    3.78
 258422.495   119.269     7.14    4.06
 258796.946   122.167     7.74    4.18
 259171.327   123.742     4.21    3.32
 259545.640   124.723     2.62    3.71
 259919.883   126.072     3.60    4.30
 260294.057   127.706     4.37    5.13
 260668.162   131.634    10.50    5.45
 261042.199   133.628     5.33    5.21
 261416.166   134.133     1.35    4.85
 261790.065   134.200     0.18    5.28
 262163.895   132.634    -4.19    5.46
 262537.656   132.287    -0.93    5.61
 262911.348   134.649     6.32    5.21
 263284.972   135.039     1.04    4.07
 263658.527   135.661     1.66    3.70
 264032.013   135.658    -0.01    3.42
 264405.431   134.015    -4.40    3.34
 264778.780   134.031     0.04    3.52
 265152.061   133.615    -1.12    3.45
 265525.273   135.203     4.25    4.25
 265898.417   137.027     4.89    3.89
 266271.492   138.083     2.83    3.61
 266644.499   139.701     4.34    3.72
 267017.438   141.087     3.72    4.77
 267390.308   141.667     1.55    6.49
 267763.110   142.024     0.96    7.93
 268135.844   141.059    -2.59    8.91
 268508.510   137.083   -10.67    8.84
 268881.108   133.381    -9.93    8.82
 269253.638   127.524   -15.72    7.49
 269626.099   124.271    -8.73    5.30
 269998.493   123.214    -2.84    4.15
 270370.818   125.250     5.47    5.62
 270743.076   129.405    11.16    5.80
 271115.265   132.717     8.90    5.10
 271487.387   135.179     6.61    4.26
 271859.441   136.699     4.09    4.05
 272231.427   136.357    -0.92    5.39
 272603.346   135.492    -2.32    6.31
 272975.196   133.682    -4.87    6.44
 273346.979   131.104    -6.93    5.19
 273718.695   130.793    -0.84    5.27
 274090.342   130.849     0.15    6.08
 274461.922   130.612    -0.64    6.48
 274833.435   129.124    -4.00    6.33
 275204.880   126.882    -6.04    5.46
 275576.258   124.528    -6.34    2.77
 275947.568   123.844    -1.84    1.99
 276318.811   125.109     3.41    3.21
 276689.986   127.946     7.64    5.26
 277061.094   130.880     7.90    5.71
 277432.135   133.868     8.05    5.54
 277803.109   134.592     1.95    6.46
 278174.015   130.770   -10.30    9.45
 278544.855   126.025   -12.79   10.35
 278915.627   121.786   -11.43    8.47
 279286.332   118.012   -10.18    2.52
 279656.970   118.946     2.52    2.65
 280027.540   120.033     2.93    2.95
 280398.044   122.393     6.37    3.52
 280768.481   124.747     6.35    3.23
 281138.851   128.687    10.64    6.39
 281509.154   132.253     9.63    6.51
 281879.391   133.714     3.95    5.67
 282249.560   134.264     1.48    5.50
 282619.663   132.207    -5.56    5.06
 282989.699   129.207    -8.11    5.09
 283359.668   125.698    -9.48    5.86
 283729.571   122.281    -9.23    5.17
 284099.407   118.498   -10.23    6.06
 284469.176   116.146    -6.36    7.65
 284838.879   112.880    -8.83    9.09
 285208.516   109.844    -8.21    9.02
 285578.085   107.214    -7.11    8.34
 285947.589   104.978    -6.05    7.99
 286317.026   105.875     2.43   10.06
 286686.396   106.685     2.19   12.19
 287055.701   107.823     3.08   13.16
