# NaN NaN NaN ;Mean Elev.(m), Avg Gradient(m/km), RMS Gradient(m/km) - SRTM1     
#   17.475   0.360   2.019 ;Mean Elev.(m), Avg Gradient(m/km), RMS Gradient(m/km) - ASTER GDEM
#    3.000   0.000   0.227 ;Mean Elev.(m), Avg Gradient(m/km), RMS Gradient(m/km) - GMTED2010 
  8  53.090900  67.817241     1.776     1.988  3 52492.32900110 20.916
 10  53.097063  67.818541     1.747     1.774  4 52562.32902881 25.256
 12  53.096266  67.817993     1.135     1.246  4 52632.32898869 15.130
 13  53.082467  67.816914     0.524     0.541  3 52667.32900825 12.145
 14  53.112480  67.822701     0.356     0.325  3 52702.32897813 11.387
 15  53.079051  67.815997     0.923     0.992  3 52737.32902209 10.235
 16  53.071309  67.816073     0.849     0.849  2 52772.32898875 25.451
 17  53.099547  67.819813     2.729     2.732  3 52807.32904399 46.378
 18  53.098516  67.819153     1.746     1.810  3 52842.32910274 22.770
 19  53.089810  67.817874     1.450     1.512  4 52877.32914176 21.685
 20  53.079343  67.815957     1.320     1.356  3 52912.32910080 23.082
 21  53.116081  67.822677     0.072     0.063  3 52947.32905561 46.900
 23  53.072419  67.814715     0.389     0.389  2 53017.32908980 11.837
 24  53.105919  67.821626     0.254     0.246  3 53052.32906728 10.919
 25  53.063147  67.814496     2.569     2.569  2 53087.32910665 10.561
 26  53.094282  67.817751     1.523     1.660  5 53122.32907518  7.729
 27  53.083407  67.816754     3.013     2.972  3 53157.32913184 30.008
 28  53.088059  67.816653     1.881     1.886  3 53192.32912460 41.381
 29  53.084180  67.817221     1.810     1.601  3 53227.32912497 21.656
 30  53.064913  67.815644     0.972     0.972  2 53262.32909903 21.978
 31  53.082734  67.816622     1.132     1.132  2 53297.32913502 24.266
 32  53.084310  67.816593     0.581     0.437  3 53332.32910686 24.550
 33  53.071207  67.815629     0.625     0.625  2 53367.32905241 17.723
 34  53.091318  67.817428     1.267     1.296  4 53402.32907978 15.508
 35  53.074082  67.815927     0.567     0.567  2 53437.32906963 12.852
 36  53.089626  67.817292     0.890     0.870  4 53472.32912221 11.808
 37  53.081687  67.816661     1.373     1.394  3 53507.32915172 36.409
 38  53.078471  67.815924     1.814     1.138  3 53542.32915945 33.769
 39  53.072315  67.815786     0.203     0.203  2 53577.32914638 26.268
 40  53.064118  67.814723     0.840     0.840  2 53612.32909914 25.177
 41  53.100228  67.819644     1.710     1.813  4 53647.32910212 25.382
 42  53.073628  67.815890     1.144     1.144  2 53682.32911919 27.365
 43  53.075143  67.816029     0.352     0.352  2 53717.32904650 28.571
 44  53.111739  67.822316     0.335     0.338  3 53752.32896395 11.323
 45  53.083861  67.816420     0.317     0.314  3 53787.32899593 11.494
 46  53.116781  67.822091     0.573     0.573  2 53822.32894817  9.009
 47  53.086390  67.816210    -0.049    -0.203  3 53857.32904184 19.379
 48  53.092856  67.816572     2.508     2.550  4 53892.32905501 23.813
 49  53.074243  67.815368     0.463     0.454  3 53927.32911573 38.597
 50  53.068193  67.815766     1.115     1.115  2 53962.32909988 20.216
 52  53.097211  67.818174     0.427     0.431  4 54032.32909441 34.031
 54  53.068388  67.814941     0.648     0.648  2 54102.32904998 17.985
 55  53.093025  67.816590     0.355     0.274  4 54137.32901688 12.848
 56  53.072405  67.815291     0.693     0.731  3 54172.32902698 13.204
 57  53.094509  67.817730     1.578     1.791  5 54207.32902216 19.794
 58  53.085136  67.816612     3.883     3.883  3 54242.32905488 52.276
 59  53.084491  67.815925     2.583     2.383  3 54277.32906905 28.011
 60  53.085005  67.816723     2.237     1.912  3 54312.32906962 20.015
 61  53.070609  67.815482     0.865     0.865  2 54347.32904265 34.765
 62  53.094038  67.817508     1.981     1.966  5 54382.32900641 20.351
 63  53.075309  67.815669     1.082     1.077  3 54417.32899179 37.160
 64  53.102706  67.820785     0.994     0.993  4 54452.32897504 19.880
 65  53.085976  67.817931     0.646     0.598  3 54487.32898840 13.461
 66  53.094888  67.818796     0.476     0.456  4 54522.32898887 12.645
 67  53.073012  67.814955     0.375     0.375  2 54557.32899941 17.342
 68  53.087104  67.817258     0.812     0.866  4 54592.32898524  9.313
 69  53.080802  67.816074     3.725     3.815  3 54627.32900118 29.578
 70  53.085117  67.817746     2.166     1.789  3 54662.32900837 20.657
 71  53.074967  67.815989     1.084     1.072  3 54697.32898414 21.780
 72  53.096695  67.819195     1.430     1.486  4 54732.32896432 20.320
 73  53.082501  67.815807     1.687     1.628  3 54767.32896337 19.429
 74  53.096136  67.818836     0.069     0.080  4 54802.32895841 22.111
 75  53.082494  67.815595     0.755     0.618  3 54837.32895592 12.975
 76  53.093440  67.817011     0.162     0.095  4 54872.32895759 12.818
 77  53.066512  67.813783     0.868     0.868  2 54907.32896439 10.257
 78  53.092416  67.817426     1.440     1.557  4 54942.32895027  8.871
 79  53.083219  67.816265     2.121     2.072  3 54977.32897840 34.232
 80  53.080683  67.816340     2.821     2.494  3 55012.32898640 24.526
 81  53.086034  67.816576     2.077     1.781  3 55047.32897831 20.682
 82  53.068428  67.814744     0.132     0.132  2 55082.32895069 27.025
 83  53.095531  67.818446     1.746     1.842  4 55117.32890971 21.192
 84  53.079080  67.816011     0.273     0.280  3 55152.32890834 28.671
 85  53.095264  67.818224     1.091     1.193  4 55187.32889674 17.631
 86  53.080388  67.816804     0.549     0.531  3 55222.32890682 14.717
 87  53.089930  67.816768     0.199     0.197  4 55257.32889330 13.923
 88  53.069684  67.814872     0.347     0.431  3 55292.32889540 12.201
 89  53.082888  67.816352     2.357     2.410  3 55327.32887738 34.905
 90  53.076839  67.815564     1.705     1.705  2 55362.32887383 21.196
 91  53.092808  67.817008     0.477     0.460  4 55397.32888077 52.608
 92  53.085389  67.816182     1.179     1.309  3 55432.32888865 26.875
 93  53.067388  67.815185     1.587     1.587  2 55467.32884846 19.875
