-134030.378    16.899     0.00    2.51
-133655.404    16.061    -2.23    2.61
-133280.511    15.269    -2.11    2.68
-132905.699    16.141     2.33    4.02
-132530.967    19.094     7.88    5.82
-132156.317    23.945    12.95    7.11
-131781.747    27.918    10.61    6.17
-131407.258    29.565     4.40    4.84
-131032.850    28.258    -3.49    5.80
-130658.522    25.480    -7.42    5.93
-130284.275    22.444    -8.11    5.54
-129910.108    21.333    -2.97    5.35
-129536.022    19.965    -3.66    4.05
-129162.016    19.332    -1.69    3.31
-128788.091    20.393     2.84    4.52
-128414.246    21.908     4.05    5.81
-128040.481    22.088     0.48    6.40
-127666.796    21.506    -1.56    6.40
-127293.191    19.152    -6.30    6.62
-126919.667    17.228    -5.15    5.58
-126546.222    16.782    -1.19    5.24
-126172.858    17.601     2.19    4.94
-125799.573    20.117     6.74    4.60
-125426.369    23.485     9.03    4.22
-125053.244    25.441     5.24    3.37
-124680.199    26.032     1.58    3.17
-124307.233    26.281     0.67    3.23
-123934.348    26.571     0.78    3.85
-123561.542    28.103     4.11    4.06
-123188.815    29.459     3.64    3.29
-122816.169    31.080     4.35    2.87
-122443.601    32.248     3.13    3.30
-122071.113    33.509     3.39    4.19
-121698.705    35.970     6.61    5.42
-121326.375    37.341     3.68    5.09
-120954.125    37.898     1.50    5.02
-120581.955    35.155    -7.37    6.67
-120209.863    32.072    -8.29    6.44
-119837.851    28.713    -9.03    6.31
-119465.917    24.456   -11.45    5.28
-119094.063    22.805    -4.44    4.77
-118722.288    21.663    -3.07    4.26
-118350.591    19.655    -5.40    4.43
-117978.974    17.807    -4.97    6.88
-117607.435    13.838   -10.68    8.73
-117235.975     8.807   -13.55    8.73
-116864.594     5.291    -9.47    8.35
-116493.292     3.702    -4.28    8.17
-116122.068     3.413    -0.78    7.27
-115750.923     2.488    -2.49    7.07
-115379.856     1.282    -3.25    6.44
-115008.868     0.707    -1.55    5.55
-114637.958    -0.383    -2.94    5.57
-114267.127     0.446     2.24    6.01
-113896.374     1.448     2.70    6.05
-113525.699     2.269     2.22    5.94
-113155.102     1.398    -2.35    7.21
-112784.584    -1.314    -7.32    7.99
-112414.144     1.207     6.81   10.21
-112043.782     6.313    13.79   10.91
-111673.498     8.624     6.24    9.17
-111303.292     9.536     2.47    7.43
-110933.164     6.101    -9.28    7.25
-110563.113     3.689    -6.52    6.26
-110193.141     4.113     1.15    6.02
-109823.246     5.228     3.01    6.36
-109453.430     8.228     8.11    5.49
-109083.691    10.561     6.31    4.24
-108714.029    12.533     5.33    2.82
-108344.445    13.144     1.65    2.12
-107974.939    14.007     2.34    2.22
-107605.510    14.384     1.02    2.42
-107236.159    15.411     2.78    2.52
-106866.885    16.898     4.03    3.26
-106497.689    18.499     4.34    3.45
-106128.570    20.228     4.68    2.75
-105759.528    21.906     4.55    3.55
-105390.563    23.424     4.11    4.26
-105021.675    25.174     4.75    3.88
-104652.865    27.051     5.09    2.60
-104284.132    27.228     0.48    2.39
-103915.476    26.419    -2.19    2.69
-103546.896    24.071    -6.37    4.52
-103178.394    19.380   -12.73    6.47
-102809.968    14.905   -12.15    6.45
-102441.620    10.606   -11.67    4.59
-102073.348     8.032    -6.99    3.72
-101705.153     7.047    -2.68    3.94
-101337.035     8.270     3.32    4.42
-100968.993     9.632     3.70    3.58
-100601.028    10.333     1.91    2.24
-100233.139     9.640    -1.88    2.36
 -99865.327     8.451    -3.23    2.34
 -99497.591     8.311    -0.38    2.33
 -99129.932     8.486     0.48    2.68
 -98762.349     9.164     1.84    3.04
 -98394.843    10.318     3.14    3.33
 -98027.413    10.197    -0.33    3.63
 -97660.059     9.023    -3.19    3.64
 -97292.781     7.290    -4.72    4.11
 -96925.579     5.494    -4.89    3.89
 -96558.453     4.355    -3.10    3.75
 -96191.404     2.967    -3.78    3.65
 -95824.430     2.483    -1.32    3.20
 -95457.533     2.612     0.35    2.70
 -95090.711     2.739     0.35    3.37
 -94723.965     4.301     4.26    3.52
 -94357.295     5.281     2.68    3.24
 -93990.700     5.638     0.97    2.73
 -93624.182     5.321    -0.87    2.13
 -93257.739     4.504    -2.23    2.50
 -92891.371     3.613    -2.43    2.62
 -92525.080     1.992    -4.43    2.04
 -92158.863     1.717    -0.75    1.64
 -91792.723     1.565    -0.42    1.60
 -91426.657     1.644     0.22    2.40
 -91060.667     1.749     0.29    2.69
 -90694.753     2.919     3.20    3.18
 -90328.913     3.796     2.40    3.32
 -89963.149     4.964     3.19    3.41
 -89597.460     5.807     2.30    2.77
 -89231.847     7.261     3.98    3.58
 -88866.308     9.351     5.72    4.36
 -88500.845    10.322     2.66    4.03
 -88123.659    10.459     0.36    3.15
 -87742.539     9.499    -2.52    3.11
 -87361.503     8.153    -3.53    2.32
 -86980.549     7.260    -2.34    2.27
 -86599.678     6.832    -1.12    2.35
 -86218.890     5.939    -2.35    2.38
 -85838.185     5.238    -1.84    3.78
 -85457.561     4.672    -1.49    4.83
 -85077.021     4.939     0.70    5.81
 -84696.563     4.641    -0.78    6.40
 -84316.187     5.105     1.22    6.20
 -83935.894     5.161     0.15    6.54
 -83555.683     4.603    -1.47    7.82
 -83175.554     2.307    -6.04   10.11
 -82795.508    -1.091    -8.94   11.17
 -82415.543    -3.598    -6.60   10.43
 -82035.661    -6.570    -7.82    8.07
 -81655.861    -8.672    -5.54    6.05
 -81276.142    -9.381    -1.87    6.72
 -80896.506    -8.294     2.86    8.72
 -80516.952    -7.252     2.75   10.38
 -80137.479    -7.106     0.39   10.35
 -79758.088    -8.116    -2.66    9.21
 -79378.779    -8.862    -1.97    7.86
 -78999.552    -6.962     5.01    7.58
 -78620.406    -4.261     7.12    6.77
 -78241.342    -2.219     5.39    5.30
 -77862.359    -1.693     1.39    3.67
 -77483.458    -2.541    -2.24    3.54
 -77104.638    -3.328    -2.08    4.18
 -76725.900    -3.689    -0.95    4.28
 -76347.243    -1.223     6.51    5.63
 -75968.667     1.728     7.79    5.86
 -75590.172     5.295     9.43    5.69
 -75211.759     8.164     7.58    5.76
 -74833.427     9.067     2.39    5.71
 -74455.175    10.058     2.62    4.90
 -74077.005    10.699     1.70    5.16
 -73698.916    12.409     4.52    6.37
 -73320.907    12.194    -0.57    6.90
 -72942.980    10.405    -4.73    7.85
 -72565.133     7.483    -7.73    8.35
 -72187.367     3.393   -10.83    5.53
 -71809.682     1.361    -5.38    3.17
 -71432.077     0.634    -1.93    2.83
 -71054.553     0.868     0.62    2.64
 -70677.110     2.346     3.92    3.31
 -70299.747     3.101     2.00    3.22
 -69922.464     3.185     0.22    3.05
 -69545.262     3.705     1.38    3.38
 -69168.140     4.109     1.07    2.85
 -68791.099     5.394     3.41    2.13
 -68414.137     6.696     3.45    2.50
 -68037.256     8.517     4.83    5.07
 -67660.455    10.754     5.94    6.28
 -67283.734    12.250     3.97    6.49
 -66907.094    11.228    -2.71    6.80
 -66530.533     8.705    -6.70    5.85
 -66154.052     7.334    -3.64    3.89
 -65777.651     7.520     0.49    3.28
 -65401.330     7.613     0.25    3.46
 -65025.089     7.546    -0.18    3.53
 -64648.927     7.728     0.48    4.00
 -64272.845     7.195    -1.42    4.44
 -63896.843     9.153     5.21    5.61
 -63520.920    10.347     3.18    5.49
 -63145.077    10.322    -0.07    5.43
 -62769.313     9.641    -1.81    5.65
 -62393.629     7.765    -4.99    4.54
 -62018.024     6.898    -2.31    4.65
 -61642.499     7.781     2.35    6.31
 -61267.053     8.334     1.47    6.76
 -60891.686     7.755    -1.54    7.28
 -60516.398     7.164    -1.57    6.52
 -60141.189     6.923    -0.64    6.44
 -59766.060     6.068    -2.28    6.75
 -59391.009     3.536    -6.75    8.36
 -59016.038    -0.123    -9.76    8.31
 -58641.145    -3.177    -8.14    4.97
 -58266.332    -2.549     1.67    5.18
 -57891.597     0.217     7.38    6.40
 -57516.941     2.121     5.08    7.26
 -57142.364     2.641     1.39    7.50
 -56767.865     1.600    -2.78    6.38
 -56393.445     1.572    -0.07    5.27
 -56019.104     1.270    -0.81    4.51
 -55644.841     1.828     1.49    4.27
 -55270.657     1.176    -1.74    4.20
 -54896.551    -0.039    -3.25    4.43
 -54522.524    -0.866    -2.21    4.10
 -54148.575    -1.795    -2.48    3.52
 -53774.704    -2.166    -0.99    3.35
 -53400.912    -2.636    -1.26    3.21
 -53027.198    -1.585     2.81    4.15
 -52653.562    -0.311     3.41    5.11
 -52280.004     0.015     0.87    5.29
 -51906.524     0.056     0.11    4.96
 -51533.122    -1.070    -3.02    4.88
 -51159.798    -1.166    -0.26    4.78
 -50786.552    -1.262    -0.26    4.51
 -50413.384    -2.729    -3.93    4.24
 -50040.294    -3.181    -1.21    3.53
 -49667.281    -3.278    -0.26    3.51
 -49294.347    -2.634     1.73    3.88
 -48921.490    -1.525     2.97    3.50
 -48548.710    -1.446     0.21    3.07
 -48176.008    -1.020     1.14    3.84
 -47803.384     0.590     4.32    5.20
 -47430.837     2.533     5.21    6.02
 -47058.368     5.694     8.49    4.05
 -46685.976     7.063     3.68    3.00
 -46313.661     6.928    -0.36    3.33
 -45941.424     6.249    -1.82    3.37
 -45569.264     5.894    -0.95    3.64
 -45197.181     5.738    -0.42    3.90
 -44825.175     5.865     0.34    3.72
 -44453.246     5.088    -2.09    3.61
 -44081.395     4.486    -1.62    3.55
 -43709.620     5.967     3.98    4.17
 -43337.923     7.887     5.17    3.77
 -42966.302     8.518     1.70    3.16
 -42594.758     8.281    -0.64    2.76
 -42223.291     5.335    -7.93    4.66
 -41851.901     2.738    -6.99    5.04
 -41480.588     0.074    -7.18    4.07
 -41109.351    -1.081    -3.11    3.20
 -40738.191    -0.319     2.05    3.28
 -40367.107     0.432     2.02    3.49
 -39996.100     1.101     1.80    3.01
 -39625.169     1.175     0.20    2.49
 -39254.315     1.394     0.59    2.21
 -38883.538     1.206    -0.51    2.13
 -38512.836     0.760    -1.20    2.05
 -38142.211     0.533    -0.61    1.72
 -37771.663     0.250    -0.76    2.13
 -37401.190    -0.998    -3.37    3.79
 -37030.794    -2.435    -3.88    4.16
 -36660.474    -3.030    -1.61    4.09
 -36290.229    -2.666     0.98    3.70
 -35920.061    -1.917     2.02    3.13
 -35549.969    -1.091     2.23    2.77
 -35179.953    -0.873     0.59    2.74
 -34810.013    -0.095     2.10    2.67
 -34440.148     1.082     3.18    2.86
 -34070.359     1.228     0.40    3.61
 -33700.646     1.383     0.42    4.47
 -33331.009     0.387    -2.69    4.76
 -32961.448    -0.563    -2.57    4.59
 -32591.962    -2.070    -4.08    4.44
 -32222.551    -3.262    -3.23    3.99
 -31853.216    -4.549    -3.49    2.96
 -31483.957    -5.697    -3.11    1.43
 -31114.773    -5.950    -0.69    0.88
 -30745.664    -5.837     0.31    0.29
 -30376.631    -5.784     0.14    0.11
 -30007.673    -5.772     0.03    0.00
 -29638.790    -5.772     0.00    0.00
 -29269.983    -5.772     0.00    0.00
 -28901.251    -5.772     0.00    0.00
 -28532.593    -5.772     0.00    0.00
 -28164.011    -5.772     0.00    0.00
 -27795.504    -5.772     0.00    0.00
 -27427.072    -5.772     0.00    0.00
 -27058.715    -5.772     0.00    0.00
 -26690.432    -5.772     0.00    0.00
 -26322.225    -5.772     0.00    0.00
 -25954.092    -5.772     0.00    0.00
 -25586.034    -5.636     0.37    0.35
 -25218.051    -5.245     1.06    0.79
 -24850.142    -4.761     1.32    0.92
 -24482.308    -4.235     1.43    0.77
 -24114.548    -3.892     0.93    0.42
 -23746.864    -3.772     0.33    0.00
 -23379.253    -3.772     0.00    0.00
 -23011.717    -3.772     0.00    0.00
 -22644.255    -3.772     0.00    0.00
 -22276.868    -3.772     0.00    0.00
 -21909.555    -3.772     0.00    0.00
 -21542.316    -3.772     0.00    0.00
 -21175.152    -3.772     0.00    0.00
 -20808.061    -3.772     0.00    0.00
 -20441.045    -3.772     0.00    0.00
 -20074.103    -3.772     0.00    0.00
 -19707.235    -3.772     0.00    0.00
 -19340.441    -3.772     0.00    0.00
 -18973.720    -3.772     0.00    0.00
 -18607.074    -3.772     0.00    0.00
 -18240.502    -3.772     0.00    0.00
 -17874.003    -3.772     0.00    0.00
 -17507.578    -3.772     0.00    0.00
 -17141.227    -3.772     0.00    0.00
 -16774.949    -3.660     0.31    0.38
 -16408.745    -3.557     0.28    0.49
 -16042.615    -3.533     0.07    0.52
 -15676.558    -3.563    -0.08    0.48
 -15310.575    -3.708    -0.40    0.29
 -14944.665    -3.772    -0.17    0.00
 -14578.829    -3.772     0.00    0.00
 -14213.066    -3.772     0.00    0.00
 -13847.376    -3.772     0.00    0.00
 -13474.771    -3.772     0.00    0.00
 -13093.815    -3.337     1.14    0.83
 -12712.940    -2.837     1.31    1.00
 -12332.145    -2.267     1.50    0.87
 -11951.430    -1.839     1.12    0.36
 -11570.796    -1.772     0.18    0.00
 -11190.243    -1.772     0.00    0.00
 -10809.770    -1.772     0.00    0.00
 -10429.377    -1.772     0.00    0.00
 -10049.064    -1.772     0.00    0.00
  -9668.832    -1.772     0.00    0.00
  -9288.680    -1.772     0.00    0.00
  -8908.609    -1.772     0.00    0.00
  -8528.617    -1.772     0.00    0.00
  -8148.705    -1.772     0.00    0.00
  -7768.874    -1.772     0.00    0.00
  -7389.122    -1.772     0.00    0.00
  -7009.450    -1.772     0.00    0.00
  -6629.858    -1.772     0.00    0.00
  -6250.346    -1.772     0.00    0.00
  -5870.914    -1.750     0.06    0.15
  -5491.561    -1.591     0.42    0.87
  -5112.289    -1.161     1.13    1.89
  -4733.095    -0.826     0.88    2.41
  -4353.982    -0.439     1.02    2.89
  -3974.947    -0.677    -0.63    2.31
  -3595.993    -0.772    -0.25    1.63
  -3217.117    -0.966    -0.51    1.29
  -2838.321    -0.871     0.25    1.63
  -2459.605    -0.631     0.63    2.36
  -2080.967    -1.149    -1.37    2.03
  -1702.409    -1.359    -0.56    1.67
  -1323.930    -0.944     1.10    1.74
   -945.530    -0.684     0.69    1.41
   -567.209    -0.428     0.68    0.88
   -188.967    -0.044     1.02    0.58
    189.195     0.228     0.72    0.00
    567.279     0.228     0.00    0.00
    945.284     0.228     0.00    0.00
   1323.210     0.228     0.00    0.00
   1701.058     0.228     0.00    0.00
   2078.827     0.228     0.00    0.00
   2456.517     0.228     0.00    0.00
   2834.128     0.228     0.00    0.00
   3211.661     0.304     0.20    0.34
   3589.115     0.402     0.26    0.87
   3966.491     0.228    -0.46    1.31
   4343.788     0.132    -0.25    1.66
   4721.007    -0.517    -1.72    2.53
   5098.147    -0.528    -0.03    3.15
   5475.210     0.061     1.56    3.61
   5852.194     0.217     0.41    4.00
   6229.100     1.419     3.19    3.84
   6605.927     2.497     2.86    4.31
   6982.677     3.801     3.46    5.03
   7359.348     4.002     0.53    4.78
   7735.942     3.421    -1.54    5.14
   8112.458     2.368    -2.80    4.37
   8488.895     1.103    -3.36    2.29
   8865.255     0.260    -2.24    1.49
   9241.537     0.307     0.13    1.41
   9617.741     0.658     0.93    1.18
   9993.868     1.171     1.36    0.70
  10369.917     1.368     0.52    0.50
  10745.888     1.307    -0.16    0.31
  11121.781     1.486     0.47    0.44
  11497.598     1.773     0.76    0.50
  11873.336     2.013     0.64    0.41
  12248.997     2.228     0.57    0.00
  12624.581     2.228     0.00    0.00
  13000.088     2.228     0.00    0.00
  13375.517     2.228     0.00    0.00
  13750.869     2.216    -0.03    0.11
  14126.143     2.185    -0.08    0.33
  14501.341     2.228     0.11    0.00
  14876.461     2.228     0.00    0.00
  15251.505     2.228     0.00    0.00
  15626.471     2.228     0.00    0.00
  16001.361     2.228     0.00    0.00
  16376.173     2.228     0.00    0.00
  16750.909     2.228     0.00    0.00
  17125.568     2.228     0.00    0.00
  17500.150     2.228     0.00    0.00
  17874.655     2.228     0.00    0.00
  18249.084     2.228     0.00    0.00
  18623.436     2.228     0.00    0.00
  18997.711     2.228     0.00    0.00
  19371.910     2.228     0.00    0.00
  19746.032     2.228     0.00    0.00
  20120.078     2.228     0.00    0.00
  20494.048     2.228     0.00    0.00
  20867.941     2.228     0.00    0.00
  21241.758     2.228     0.00    0.00
  21615.498     2.228     0.00    0.00
  21989.163     2.228     0.00    0.00
  22362.751     2.228     0.00    0.00
  22736.263     2.262     0.09    0.18
  23109.699     2.350     0.24    0.33
  23483.059     2.430     0.21    0.40
  23856.343     2.550     0.32    0.47
  24229.551     2.650     0.27    0.50
  24602.683     2.967     0.85    0.64
  24975.739     3.360     1.05    0.70
  25348.720     3.776     1.12    0.62
  25721.624     4.118     0.92    0.31
  26094.453     4.228     0.29    0.00
  26467.207     4.228     0.00    0.00
  26839.884     4.228     0.00    0.00
  27212.486     4.228     0.00    0.00
  27585.013     4.228     0.00    0.00
  27957.464     4.228     0.00    0.00
  28329.840     4.228     0.00    0.00
  28702.140     4.228     0.00    0.00
  29074.365     4.228     0.00    0.00
  29446.515     4.228     0.00    0.00
  29818.589     4.228     0.00    0.00
  30190.588     4.228     0.00    0.00
  30562.512     4.228     0.00    0.00
  30934.361     4.228     0.00    0.00
  31306.135     4.228     0.00    0.00
  31677.833     4.228     0.00    0.00
  32049.457     4.228     0.00    0.00
  32421.006     4.228     0.00    0.00
  32792.480     4.228     0.00    0.00
  33163.879     4.394     0.45    0.37
  33535.203     4.597     0.55    0.49
  33906.453     4.887     0.78    0.48
  34277.627     5.130     0.65    0.30
  34648.727     5.228     0.26    0.00
  35019.753     5.327     0.27    0.30
  35390.704     5.561     0.63    0.47
  35761.580     5.832     0.73    0.49
  36132.382     6.088     0.69    0.35
  36503.109     6.228     0.38    0.00
  36873.762     6.228     0.00    0.00
  37244.341     6.228     0.00    0.00
  37614.845     6.228     0.00    0.00
  37985.275     6.228     0.00    0.00
  38355.631     6.228     0.00    0.00
  38725.913     6.228     0.00    0.00
  39096.120     6.228     0.00    0.00
  39466.254     6.228     0.00    0.00
  39836.313     6.228     0.00    0.00
  40206.298     6.228     0.00    0.00
  40576.210     6.228     0.00    0.00
  40946.047     6.228     0.00    0.00
  41315.810     6.260     0.09    0.23
  41685.500     6.285     0.07    0.35
  42055.116     6.184    -0.27    0.51
  42424.658     5.832    -0.95    1.10
  42794.127     5.521    -0.84    1.46
  43163.522     5.323    -0.54    1.53
  43532.843     5.506     0.49    2.09
  43902.090     6.137     1.71    2.54
  44271.265     8.271     5.78    3.24
  44640.365    12.057    10.26    6.39
  45009.392    16.777    12.79    9.50
  45378.346    18.894     5.74    8.88
  45747.227    18.271    -1.69    7.96
  46116.034    16.041    -6.05    7.78
  46484.768    13.028    -8.17    7.41
  46853.428     9.934    -8.39    5.33
  47222.016     7.412    -6.84    0.64
  47590.530     7.239    -0.47    0.10
  47958.971     7.228    -0.03    0.00
  48327.339     7.228     0.00    0.00
  48695.635     7.228     0.00    0.00
  49063.857     7.228     0.00    0.00
  49432.006     7.228     0.00    0.00
  49800.083     7.228     0.00    0.00
  50168.086     7.228     0.00    0.00
  50536.017     7.228     0.00    0.00
  50903.875     7.228     0.00    0.00
  51271.660     7.228     0.00    0.00
  51639.373     7.228     0.00    0.00
  52007.013     7.228     0.00    0.34
  52374.581     6.858    -1.01    0.99
  52742.076     6.577    -0.77    1.99
  53109.498     6.378    -0.54    2.97
  53476.848     5.772    -1.65    3.68
  53844.126     6.305     1.45    3.74
  54211.331     7.107     2.18    4.18
  54578.464     9.430     6.33    5.09
  54945.524    11.239     4.93    4.28
  55312.513    12.250     2.76    3.06
  55679.429    12.426     0.48    2.89
  56046.273    12.802     1.03    2.74
  56413.045    13.815     2.76    3.04
  56779.745    15.170     3.69    3.05
  57146.373    16.402     3.36    2.90
  57512.929    16.839     1.19    2.87
  57879.412    17.294     1.24    2.77
  58245.824    18.593     3.54    3.31
  58612.165    19.483     2.43    3.42
  58978.433    20.557     2.93    3.01
  59344.630    20.481    -0.21    2.72
  59710.754    20.448    -0.09    3.39
  60076.808    22.404     5.35    5.19
  60442.789    24.524     5.79    6.48
  60808.699    27.228     7.39    6.58
  61177.075    28.469     3.37    5.95
  61557.871    27.584    -2.33    7.63
  61938.588    25.327    -5.93    8.26
  62319.227    22.495    -7.44    7.77
  62699.787    20.543    -5.13    6.11
  63080.269    19.053    -3.91    2.93
  63460.672    18.239    -2.14    2.70
  63840.997    17.600    -1.68    2.52
  64221.244    17.434    -0.44    2.32
  64601.413    15.812    -4.27    3.26
  64981.504    14.733    -2.84    4.34
  65361.516    13.846    -2.34    4.99
  65741.451    13.074    -2.03    4.48
  66121.307    13.527     1.19    3.70
  66501.085    15.050     4.01    4.34
  66880.786    18.883    10.09    6.85
  67260.409    22.261     8.90    7.78
  67639.953    24.599     6.16    7.64
  68019.420    23.250    -3.55    8.25
  68398.810    19.594    -9.63    7.98
  68778.121    16.130    -9.13    4.92
  69157.356    14.606    -4.02    2.99
  69536.512    14.887     0.74    3.70
  69915.591    13.953    -2.46    3.88
  70294.592    13.515    -1.16    3.74
  70673.516    15.205     4.46    5.52
  71052.363    17.262     5.43    7.75
  71431.132    19.535     6.00    7.49
  71809.824    19.733     0.52    5.72
  72188.439    19.206    -1.39    3.53
  72566.976    19.530     0.86    2.99
  72945.436    20.655     2.97    3.62
  73323.819    21.969     3.47    3.86
  73702.125    21.994     0.07    3.80
  74080.355    22.088     0.25    3.53
  74458.507    24.316     5.89    5.35
  74836.582    27.934     9.57    7.91
  75214.580    30.975     8.05    8.86
  75592.501    34.537     9.43   10.25
  75970.346    36.999     6.52    9.76
  76348.114    38.832     4.85    7.69
  76725.805    39.304     1.25    6.07
  77103.420    39.007    -0.79    5.48
  77480.958    38.141    -2.29    5.71
  77858.419    38.518     1.00    7.11
  78235.804    41.140     6.95   10.38
  78613.112    44.775     9.63   11.92
  78990.344    46.594     4.82   11.03
  79367.500    47.334     1.96    8.64
  79744.579    48.437     2.92    5.48
  80121.582    49.787     3.58    4.34
  80498.509    52.891     8.23    7.07
  80875.359    55.073     5.79    8.36
  81252.134    57.374     6.11    9.20
  81628.832    59.144     4.70    9.46
  82005.454    61.667     6.70    9.17
  82382.000    65.345     9.77    7.46
  82758.471    68.217     7.63    6.34
  83134.865    70.049     4.87    6.19
  83511.183    72.107     5.47    6.03
  83887.426    74.802     7.16    4.97
  84263.593    78.315     9.34    5.68
  84639.684    82.515    11.17    6.85
  85015.699    86.502    10.60    6.35
  85391.639    90.687    11.13    4.03
  85767.503    92.931     5.97    3.27
  86143.292    94.381     3.86    3.03
  86519.005    95.183     2.14    2.66
  86894.643    94.871    -0.83    2.91
  87270.205    92.149    -7.25    4.10
  87645.692    88.686    -9.22    4.95
  88021.103    85.340    -8.91    5.49
  88396.439    83.204    -5.69    4.16
  88771.700    83.008    -0.52    3.42
  89146.886    84.192     3.16    3.58
  89521.997    86.810     6.98    4.51
  89897.032    89.466     7.08    4.79
  90271.993    93.195     9.95    4.71
  90646.878    96.797     9.61    3.32
  91021.689    98.347     4.13    2.55
  91396.424    98.710     0.97    3.07
  91771.085    97.986    -1.93    4.03
  92145.671    97.394    -1.58    4.15
  92520.182    99.061     4.45    5.96
  92894.618   100.716     4.42    6.11
  93268.979   101.666     2.54    5.72
  93643.266   101.192    -1.27    6.40
  94017.478    98.509    -7.17    6.56
  94391.616    97.228    -3.42    6.47
  94765.679    96.672    -1.49    7.07
  95139.668    94.949    -4.61    8.79
  95513.582    94.458    -1.31    8.55
  95887.422    93.356    -2.95    7.45
  96261.188    94.920     4.19    6.94
  96634.879    97.104     5.84    5.35
  97008.496   100.160     8.18    6.10
  97382.038   103.104     7.88    7.16
  97755.507   108.931    15.60   10.05
  98128.901   116.353    19.87   14.03
  98502.221   125.628    24.84   14.44
  98875.468   131.848    16.67   11.65
  99248.640   135.452     9.66    5.31
  99621.738   137.375     5.15    3.60
  99994.762   139.439     5.53    4.65
 100367.713   141.762     6.23    5.96
 100740.589   147.106    14.33    7.55
 101113.392   152.296    13.92    9.19
 101486.121   158.182    15.79    9.19
 101858.777   163.677    14.74    7.69
 102231.359   167.114     9.22    6.87
 102603.867   168.773     4.45    6.39
 102976.301   169.078     0.82    6.06
 103348.662   169.328     0.67    5.14
 103720.950   169.975     1.74    3.33
 104093.164   169.953    -0.06    2.96
 104465.305   171.444     4.01    2.98
 104837.372   173.261     4.88    3.36
 105209.366   175.596     6.28    4.23
 105581.287   176.217     1.67    5.40
 105953.135   174.418    -4.84    7.47
 106324.909   170.672   -10.08    7.30
 106696.610   166.192   -12.05    6.18
 107068.238   161.430   -12.81    6.92
 107439.794   157.013   -11.89    7.34
 107811.276   151.969   -13.58    6.72
 108182.685   146.887   -13.68    5.98
 108554.021   141.688   -14.00    6.03
 108925.284   138.986    -7.28    4.98
 109296.475   139.184     0.53    5.20
 109667.593   140.599     3.81    6.08
 110038.638   143.994     9.15    6.86
 110409.610   146.917     7.88    7.06
 110780.509   148.554     4.41    7.30
 111151.336   148.773     0.59    6.66
 111522.091   147.535    -3.34    5.34
 111892.772   146.014    -4.10    3.44
 112263.382   144.942    -2.89    1.54
 112633.919   145.217     0.74    1.72
 113004.383   145.182    -0.09    2.67
 113374.775   144.317    -2.34    4.23
 113745.095   142.600    -4.64    6.24
 114115.342   138.512   -11.04    7.95
 114485.517   134.252   -11.51    8.43
 114855.620   132.823    -3.86    8.28
 115225.651   133.155     0.90    8.12
 115595.610   135.739     6.98    6.09
 115965.497   137.975     6.04    5.22
 116335.311   139.839     5.04    6.64
 116705.054   142.389     6.90    8.74
 117074.724   146.406    10.87    8.81
 117444.323   149.272     7.76    6.61
 117813.850   148.082    -3.22    7.26
 118183.305   142.489   -15.14   10.49
 118552.688   134.103   -22.70   12.81
 118922.000   127.048   -19.10   11.93
 119291.240   121.228   -15.76   11.18
 119660.408   113.761   -20.22   14.81
 120029.504   102.871   -29.50   21.45
 120398.529    89.717   -35.64   21.93
 120767.482    77.704   -32.55   13.62
 121136.364    79.924     6.02   16.42
 121505.175    93.942    38.00   26.25
 121873.914   110.262    44.25   27.24
 122242.582   126.430    43.85   21.94
 122611.178   139.306    34.93   22.65
 122979.703   150.228    29.63   22.08
 123348.157   157.587    19.97   19.89
 123716.539   163.992    17.38   19.45
 124084.851   168.655    12.66   19.88
 124453.091   173.591    13.40   17.58
 124821.260   178.148    12.38   11.02
 125189.358   175.643    -6.80   12.06
 125557.385   164.285   -30.86   20.71
 125925.342   146.637   -47.96   24.83
 126293.227   128.809   -48.46   21.18
 126661.041   117.439   -30.91   13.39
 127028.785   109.972   -20.30    8.04
 127396.458   103.837   -16.68   11.41
 127764.060   102.337    -4.08   12.29
 128131.591   109.834    20.40   20.37
 128499.051   119.986    27.62   23.94
 128866.441   136.520    45.00   18.59
 129233.761   149.160    34.41   12.67
 129601.010   159.216    27.38   14.23
 129968.188   165.642    17.50   16.24
 130335.296   176.607    29.87   15.59
 130702.333   183.772    19.52   13.34
 131069.300   187.507    10.18   12.85
 131436.197   188.843     3.64   13.76
 131803.023   188.513    -0.90   14.29
 132169.779   188.997     1.32   12.81
 132536.465   189.557     1.53   10.86
 132903.080   187.082    -6.75    8.97
 133269.626   183.251   -10.45    9.56
 133636.101   175.351   -21.55   11.96
 134002.507   167.194   -22.26   11.82
 134368.842   161.319   -16.04   11.06
 134735.107   158.410    -7.94   12.76
 135101.302   154.642   -10.29   14.96
 135467.428   151.486    -8.62   14.43
 135833.483   147.142   -11.87   12.43
 136212.541   145.330    -4.78   10.42
 136593.100   145.995     1.75    9.24
 136973.584   146.239     0.64   11.45
 137353.990   145.925    -0.82   14.46
 137734.321   145.617    -0.81   13.14
 138114.575   147.785     5.70   12.78
 138494.753   150.037     5.92   11.40
 138874.855   152.603     6.75   10.70
 139254.881   156.972    11.50   10.44
 139634.831   159.950     7.84   10.51
 140014.704   161.114     3.06    9.80
 140394.502   159.932    -3.11   11.21
 140774.223   158.216    -4.52   13.36
 141153.869   156.228    -5.24   13.48
 141533.439   157.418     3.14   13.70
 141912.933   158.807     3.66   12.73
 142292.351   161.644     7.48   10.96
 142671.694   165.801    10.96   11.98
 143050.960   169.228     9.03   12.46
 143430.152   172.608     8.91   12.13
 143809.267   175.537     7.73   10.50
 144188.307   179.183     9.62   11.96
 144567.272   184.057    12.86   11.79
 144946.161   189.387    14.07   12.03
 145324.974   196.371    18.43    9.16
 145703.712   199.569     8.44    6.11
 146082.375   201.495     5.09    3.86
 146460.963   201.823     0.87    4.64
 146839.475   202.460     1.68    4.73
 147217.912   202.812     0.93    3.98
 147596.274   205.492     7.08    5.41
 147974.561   208.171     7.08    6.21
 148352.773   212.170    10.57    6.08
 148730.910   216.929    12.58    4.53
 149108.972   220.353     9.06    4.44
 149486.959   222.012     4.39    4.13
 149864.871   220.091    -5.08    7.61
 150242.708   217.148    -7.79    9.01
 150620.470   213.147   -10.59    8.67
 150998.158   209.136   -10.62    7.33
 151375.771   205.887    -8.60    5.94
 151753.309   203.853    -5.39    4.41
 152130.773   203.283    -1.51    4.18
 152508.162   203.984     1.86    4.01
 152885.476   204.341     0.95    3.25
 153262.716   205.883     4.09    5.66
 153639.882   211.103    13.84    8.91
 154016.973   215.635    12.02    8.03
 154393.989   219.160     9.35    4.73
 154770.932   219.158    -0.00    4.34
 155147.800   217.172    -5.27    3.63
 155524.594   215.565    -4.26    3.47
 155901.314   215.283    -0.75    4.86
 156277.959   213.823    -3.88    6.83
 156654.531   211.147    -7.10    8.09
 157031.028   207.094   -10.77    8.60
 157407.452   201.149   -15.79    8.07
 157783.801   197.613    -9.39    6.98
 158160.077   196.182    -3.80    5.59
 158536.279   194.632    -4.12    5.02
 158912.406   192.887    -4.64    5.80
 159288.460   190.644    -5.96    6.76
 159664.441   186.716   -10.45    7.44
 160040.347   183.459    -8.66    6.08
 160416.180   180.894    -6.82    4.56
 160791.939   179.435    -3.88    4.91
 161167.625   180.160     1.93    5.48
 161543.237   183.240     8.20    7.94
 161918.776   187.050    10.14    8.48
 162294.241   192.069    13.37    8.19
 162669.633   195.617     9.45    6.30
 163044.951   196.496     2.34    5.80
 163420.196   196.796     0.80    5.39
 163795.368   195.216    -4.21    5.70
 164170.466   194.538    -1.81    6.04
 164545.492   195.252     1.90    6.64
 164920.444   199.239    10.63    7.83
 165295.323   203.886    12.40    8.29
 165670.129   206.417     6.75    8.90
 166044.862   206.661     0.65   12.21
 166419.522   203.955    -7.22   15.36
 166794.109   201.264    -7.18   15.24
 167168.623   199.894    -3.66   13.29
 167543.064   201.277     3.69   11.26
 167917.433   206.739    14.59    9.70
 168291.729   212.277    14.79   10.04
 168665.952   218.994    17.95    9.98
 169040.102   225.037    16.15    6.82
 169414.179   228.035     8.01    4.27
 169788.184   228.423     1.04    3.88
 170162.117   227.848    -1.54    5.16
 170535.977   228.130     0.75    7.12
 170909.764   229.091     2.57    8.63
 171283.479   231.710     7.01   10.10
 171657.122   235.217     9.38    9.87
 172030.692   238.914     9.90   10.45
 172404.190   245.837    18.53   12.00
 172777.616   253.069    19.36   13.63
 173150.969   260.682    20.39   11.63
 173524.250   265.447    12.76    8.93
 173897.460   265.596     0.40    8.20
 174270.597   263.847    -4.69    8.65
 174643.661   262.037    -4.85    7.82
 175016.654   260.867    -3.13    6.71
 175389.575   258.125    -7.35    8.06
 175762.424   249.957   -21.90   14.36
 176135.201   238.330   -31.19   15.43
 176507.907   231.367   -18.68   10.52
 176880.540   231.500     0.36   10.48
 177253.102   240.722    24.75   15.37
 177625.592   251.750    29.60   14.76
 177998.010   259.848    21.74    9.99
 178370.356   262.739     7.76    6.20
 178742.631   262.414    -0.87    6.61
 179114.835   261.239    -3.15    7.15
 179486.967   262.978     4.67    8.22
 179859.027   265.014     5.47    7.79
 180231.016   268.311     8.86    8.78
 180602.933   274.591    16.88   14.53
 180974.780   285.285    28.75   22.06
 181346.554   305.584    54.59   29.00
 181718.258   325.080    52.44   31.94
 182089.890   344.515    52.29   30.42
 182461.451   361.786    46.48   25.73
 182832.941   371.204    25.35   22.17
 183204.360   373.653     6.59   20.13
 183575.708   366.828   -18.38   23.24
 183946.985   353.848   -34.95   27.23
 184318.190   338.918   -40.22   25.43
 184689.325   330.523   -22.62   19.00
 185060.389   324.954   -15.01    9.79
 185431.382   327.021     5.57    8.49
 185802.304   331.635    12.44   10.30
 186173.155   336.653    13.53   12.54
 186543.936   339.277     7.07   12.43
 186914.646   338.216    -2.86   13.02
 187285.285   335.094    -8.42   12.72
 187655.854   330.194   -13.22   11.34
 188026.352   324.276   -15.97   11.13
 188396.779   314.694   -25.86   13.93
 188767.136   306.639   -21.74   14.29
 189137.422   305.080    -4.21   17.48
 189507.638   307.451     6.40   22.64
 189877.784   317.819    28.00   28.24
 190247.859   327.940    27.35   28.29
 190617.864   333.090    13.92   26.15
 190987.799   334.250     3.14   23.88
 191357.663   337.216     8.02   20.07
 191727.457   337.489     0.74   18.87
 192097.181   338.642     3.12   16.98
 192466.835   332.458   -16.73   17.73
 192836.419   322.321   -27.42   19.35
 193205.933   317.591   -12.80   15.29
 193575.377   317.663     0.19   12.95
 193944.751   323.583    16.03   13.21
 194314.055   330.374    18.39    8.53
 194683.289   330.791     1.13    9.63
 195052.453   326.825   -10.74   12.55
 195421.548   317.009   -26.59   17.42
 195790.572   303.618   -36.28   19.13
 196159.527   294.704   -24.16   15.98
 196528.413   290.416   -11.62   12.01
 196897.228   292.637     6.02   12.26
 197265.975   300.239    20.61   11.97
 197634.651   308.577    22.61   11.00
 198003.258   311.739     8.58   10.39
 198371.796   315.251     9.53   10.35
 198740.264   314.992    -0.70   10.77
 199108.662   312.007    -8.10   11.67
 199476.992   306.611   -14.65   14.06
 199845.252   297.310   -25.25   15.77
 200213.442   289.182   -22.07   14.96
 200581.564   282.549   -18.01   12.21
 200949.616   280.412    -5.81   11.71
 201317.599   281.277     2.35   11.76
 201685.513   283.687     6.55   11.89
 202053.358   286.630     8.00   13.79
 202421.133   289.538     7.91   15.81
 202788.840   292.794     8.85   17.30
 203156.478   296.565    10.26   19.59
 203524.047   296.170    -1.07   23.31
 203891.547   294.728    -3.92   26.73
 204258.978   290.681   -11.01   29.23
 204626.340   288.751    -5.25   27.49
 204993.634   288.781     0.08   23.61
 205360.858   293.007    11.51   18.41
 205728.014   296.239     8.80   11.63
 206095.102   295.311    -2.53    9.70
 206462.120   287.773   -20.53   12.92
 206829.071   278.215   -26.04   13.41
 207195.952   266.546   -31.80   14.71
 207562.765   256.944   -26.17   14.28
 207929.510   244.274   -34.54   19.67
 208296.186   228.975   -41.72   21.72
 208662.794   211.530   -47.58   21.87
 209029.333   197.630   -37.92   16.54
 209395.804   187.756   -26.94   11.40
 209762.207   181.523   -17.01   10.05
 210128.542   174.854   -18.20   10.91
 210494.808   168.966   -16.07   11.48
 210869.903   162.032   -18.48    9.31
 211250.309   156.382   -14.85    7.87
 211630.640   151.148   -13.76    5.00
 212010.897   148.929    -5.84    4.01
 212391.080   147.077    -4.87    3.39
 212771.189   146.193    -2.32    3.53
 213151.223   145.642    -1.45    3.28
 213531.183   146.466     2.17    3.44
 213911.069   148.182     4.52    4.83
 214290.881   150.722     6.68    6.05
 214670.619   153.412     7.08    6.63
 215050.282   154.853     3.80    8.04
 215429.872   154.733    -0.31    8.64
 215809.388   153.853    -2.32    8.19
 216188.830   152.989    -2.28    6.13
 216568.198   153.035     0.12    4.58
 216947.493   155.569     6.68    6.19
 217326.714   160.937    14.15    8.66
 217705.861   167.159    16.41    8.60
 218084.934   173.821    17.57    4.92
 218463.934   177.080     8.60    4.01
 218842.860   178.680     4.22    3.49
 219221.713   180.216     4.05    3.51
 219600.492   183.807     9.48    5.11
 219979.197   186.987     8.39    6.53
 220357.830   189.193     5.83    5.38
 220736.389   191.356     5.71    5.02
 221114.874   194.193     7.50    6.61
 221493.287   196.966     7.33    8.29
 221871.626   199.463     6.60    8.14
 222249.892   200.418     2.52    7.62
 222628.084   200.379    -0.10    5.59
 223006.204   199.685    -1.84    4.13
 223384.251   194.158   -14.62    8.68
 223762.224   188.130   -15.94    9.34
 224140.125   184.012   -10.90    7.86
 224517.952   182.008    -5.30    6.78
 224895.707   182.137     0.34    7.99
 225273.389   182.450     0.83    8.53
 225650.998   182.274    -0.47    7.64
 226028.534   180.902    -3.63    5.88
 226405.998   180.402    -1.33    4.04
 226783.389   179.408    -2.63    3.23
 227160.707   177.007    -6.36    3.78
 227537.953   175.832    -3.11    3.88
 227915.126   176.389     1.47    4.74
 228292.226   176.891     1.33    4.80
 228669.254   176.596    -0.78    5.56
 229046.210   174.433    -5.74    6.54
 229423.093   171.561    -7.62    5.32
 229799.904   170.584    -2.59    3.51
 230176.643   173.577     7.94    5.37
 230553.309   177.460    10.31    5.77
 230929.903   181.067     9.57    4.96
 231306.425   184.408     8.87    4.26
 231682.874   186.146     4.62    4.02
 232059.252   188.007     4.94    4.15
 232435.558   190.167     5.74    3.66
 232811.791   191.367     3.19    3.90
 233187.953   192.623     3.34    4.10
 233564.042   195.262     7.02    6.16
 233940.060   199.769    11.98    8.80
 234316.006   208.274    22.62    9.87
 234691.880   217.520    24.59   12.41
 235067.682   229.739    32.51   14.95
 235443.412   241.439    31.13   13.88
 235819.071   252.458    29.32    9.81
 236194.658   259.167    17.86    8.11
 236570.174   262.681     9.36    5.89
 236945.618   262.966     0.76    5.76
 237320.990   258.821   -11.04    9.61
 237696.291   253.782   -13.42   11.06
 238071.521   247.871   -15.75   13.50
 238446.679   239.728   -21.70   15.54
 238821.765   230.367   -24.95   15.07
 239196.781   222.465   -21.07    9.66
 239571.725   216.619   -15.59    7.57
 239946.598   213.006    -9.64    7.53
 240321.399   209.646    -8.96    7.08
 240696.130   205.490   -11.09    7.85
 241070.789   203.914    -4.21    8.33
 241445.377   201.940    -5.27    8.21
 241819.894   202.856     2.44    7.81
 242194.340   204.253     3.73    5.77
 242568.715   201.779    -6.61    7.16
 242943.020   197.765   -10.72    7.64
 243317.253   192.577   -13.86    6.51
 243691.416   188.565   -10.72    5.08
 244065.507   184.404   -11.12    4.90
 244439.528   180.252   -11.10    5.47
 244813.478   176.103   -11.09    4.98
 245187.358   172.277   -10.23    3.84
 245561.167   169.860    -6.47    3.29
 245934.905   167.240    -7.01    3.24
 246308.573   164.545    -7.21    3.40
 246682.170   161.598    -7.89    3.82
 247055.697   158.837    -7.39    3.54
 247429.153   156.734    -5.63    3.05
 247802.539   154.785    -5.22    2.89
 248175.854   152.401    -6.38    4.17
 248549.099   148.960    -9.22    4.82
 248922.274   145.903    -8.19    3.58
 249295.379   143.239    -7.14    3.83
 249668.413   141.790    -3.88    4.22
 250041.377   140.693    -2.94    3.93
 250414.271   139.815    -2.35    3.52
 250787.095   139.507    -0.83    3.23
 251159.849   137.978    -4.10    3.62
 251532.533   135.934    -5.48    3.68
 251905.147   134.115    -4.88    2.94
 252277.691   133.837    -0.75    2.98
 252650.165   135.071     3.31    3.69
 253022.569   135.425     0.95    3.38
 253394.904   134.625    -2.15    4.20
 253767.168   132.949    -4.50    3.97
 254139.363   131.740    -3.25    2.72
 254511.488   132.389     1.74    3.39
 254883.544   132.927     1.45    3.66
 255255.530   132.680    -0.66    4.61
 255627.446   130.959    -4.63    5.77
 255999.293   127.867    -8.31    5.26
 256371.070   126.577    -3.47    4.22
 256742.778   126.745     0.45    4.16
 257114.416   128.959     5.96    4.19
 257485.985   130.949     5.35    3.04
 257857.485   130.649    -0.81    2.68
 258228.915   130.394    -0.69    2.13
 258600.276   130.495     0.27    2.34
 258971.568   130.522     0.07    2.54
 259342.791   131.011     1.32    2.73
 259713.944   131.030     0.05    2.75
 260085.029   130.498    -1.43    3.01
 260456.044   128.625    -5.05    5.23
 260826.990   124.922    -9.98    8.37
 261197.867   121.042   -10.46    9.00
 261568.676   119.898    -3.08    7.97
 261939.415   121.818     5.18    8.72
 262310.085   127.542    15.44    9.37
 262680.687   131.894    11.74    5.94
 263051.220   132.995     2.97    5.28
 263421.684   134.251     3.39    6.00
 263792.079   136.051     4.86    7.44
 264162.406   140.496    12.00    7.78
 264532.664   145.816    14.37    7.01
 264902.853   149.728    10.56    6.43
 265272.974   153.004     8.85    6.43
 265643.026   155.139     5.77    4.88
 266013.009   155.495     0.96    3.93
 266382.925   156.040     1.47    3.37
 266752.771   154.251    -4.84    3.60
 267122.550   152.090    -5.84    3.63
 267492.260   151.204    -2.40    3.54
 267861.901   151.923     1.94    4.09
 268231.475   153.585     4.50    4.43
 268600.980   155.630     5.53    3.87
 268970.417   159.032     9.21    4.67
 269339.786   160.322     3.49    4.51
 269709.086   163.228     7.87    4.52
 270078.319   165.107     5.09    3.75
 270447.484   164.910    -0.53    3.72
 270816.580   164.504    -1.10    3.91
 271185.609   162.734    -4.79    4.60
 271554.569   160.942    -4.86    4.96
 271923.462   160.507    -1.18    4.99
 272292.287   161.345     2.27    4.85
 272661.044   163.594     6.10    5.24
 273029.733   167.692    11.11    5.27
 273398.354   169.734     5.54    5.03
 273766.908   170.573     2.28    4.59
 274135.394   170.678     0.29    4.17
 274503.812   169.969    -1.92    3.34
 274872.163   170.253     0.77    3.85
 275240.447   171.439     3.22    3.85
 275608.662   173.815     6.45    3.43
 275976.810   175.646     4.97    3.60
 276344.891   176.578     2.53    4.12
 276712.905   178.668     5.68    4.54
 277080.851   179.505     2.27    4.59
 277448.729   180.262     2.06    4.34
 277816.540   179.878    -1.04    3.85
 278184.284   178.786    -2.97    4.37
 278551.961   178.059    -1.98    3.97
 278919.571   177.668    -1.06    3.30
 279287.113   177.894     0.62    3.49
 279654.589   176.106    -4.87    4.50
 280021.997   173.170    -7.99    4.96
 280389.338   168.758   -12.01    5.69
 280756.612   165.675    -8.39    4.96
 281123.819   164.503    -3.19    4.53
 281490.960   165.439     2.55    4.44
 281858.033   168.115     7.29    6.92
 282225.039   172.972    13.23    8.84
 282591.979   177.715    12.92    7.46
 282958.852   178.930     3.31    6.64
 283325.658   180.129     3.27    5.83
 283692.397   180.630     1.37    5.82
 284059.070   180.119    -1.39    5.07
 284425.676   177.781    -6.38    6.84
 284792.215   173.806   -10.84    8.78
 285158.688   168.095   -15.58    9.75
 285530.137   162.466   -15.15   10.39
 285910.391   157.782   -12.32    8.32
 286290.573   155.746    -5.35    7.24
 286670.682   153.804    -5.11    7.80
 287050.719   154.287     1.27    8.05
 287430.683   156.665     6.26    7.68
 287810.575   158.931     5.97    7.86
 288190.395   162.882    10.40    5.66
 288570.143   165.103     5.85    3.91
 288949.819   162.663    -6.42    5.64
 289329.422   157.465   -13.69    7.23
 289708.954   150.739   -17.72    7.90
 290088.413   142.577   -21.51    9.31
 290467.801   133.656   -23.51   12.77
 290847.117   126.786   -18.11   11.16
 291226.361   122.675   -10.84    9.49
 291605.532   121.131    -4.07    9.23
 291984.633   119.518    -4.25   10.28
 292363.661   112.180   -19.36   12.88
 292742.618   104.457   -20.37   12.57
 293121.503    97.811   -17.54    8.52
 293500.316    94.087    -9.83    2.90
 293879.058    93.321    -2.02    2.03
 294257.728    93.376     0.15    1.96
 294636.327    92.898    -1.26    1.56
 295014.854    92.303    -1.57    1.42
 295393.309    94.463     5.71    4.87
 295771.694    97.924     9.14    7.44
 296150.007   102.799    12.88    9.32
 296528.248   109.740    18.35   11.99
 296906.419   116.495    17.86   13.20
 297284.518   123.794    19.30   12.14
 297662.546   129.192    14.28    8.29
 298040.503   131.080     4.99    5.17
 298418.388   131.107     0.07    4.53
 298796.203   128.757    -6.22    4.82
 299173.947   126.345    -6.38    4.69
 299551.619   125.228    -2.96    4.25
 299929.221   124.487    -1.96    4.53
 300306.752   127.336     7.55    6.29
 300684.211   130.734     9.00    6.59
 301061.600   132.469     4.60    5.37
 301438.919   133.322     2.26    4.85
 301816.166   132.051    -3.37    4.27
 302193.343   131.753    -0.79    3.79
 302570.449   132.418     1.76    3.78
 302947.484   133.289     2.31    4.12
 303324.449   134.109     2.17    4.46
 303701.343   135.091     2.61    4.10
 304078.167   136.742     4.38    2.95
 304454.920   137.442     1.86    2.42
 304831.603   135.020    -6.43    4.24
