-162529.770    43.589     0.00    3.03
-162160.799    44.290     1.90    3.13
-161791.907    45.405     3.02    3.92
-161423.094    47.733     6.31    4.81
-161054.360    50.576     7.71    4.33
-160685.705    53.367     7.57    2.97
-160317.129    54.917     4.20    2.79
-159948.632    55.714     2.16    3.39
-159580.214    56.041     0.89    4.04
-159211.875    56.387     0.94    4.21
-158843.614    57.798     3.83    3.54
-158475.432    60.174     6.45    3.99
-158107.329    62.455     6.20    4.01
-157739.304    64.726     6.17    3.80
-157371.358    66.590     5.07    2.72
-157003.490    67.146     1.51    2.30
-156635.701    68.361     3.30    2.29
-156267.990    69.602     3.38    2.81
-155900.357    71.181     4.29    3.32
-155532.803    73.333     5.86    4.09
-155165.327    77.446    11.19    6.53
-154797.929    84.204    18.40    9.34
-154430.609    90.462    17.04    9.32
-154063.367   100.000    25.97   11.30
-153696.203   108.737    23.80   11.48
-153329.118   118.211    25.81   11.34
-152962.110   126.202    21.78    8.88
-152595.180   131.479    14.38    6.17
-152228.328   132.343     2.36    6.35
-151861.554   130.086    -6.16    8.34
-151494.858   127.576    -6.85    8.22
-151128.239   126.479    -2.99    7.01
-150761.698   126.887     1.11    5.88
-150395.234   127.082     0.53    5.11
-150028.848   126.649    -1.18    5.56
-149662.540   125.081    -4.28    6.26
-149296.309   123.859    -3.34    6.16
-148930.155   124.439     1.58    5.68
-148564.079   126.022     4.32    5.47
-148198.080   127.969     5.32    4.40
-147832.158   127.918    -0.14    4.49
-147466.314   125.653    -6.19    5.87
-147100.546   122.636    -8.25    5.66
-146734.856   119.946    -7.36    3.80
-146369.243   119.717    -0.62    4.07
-146003.707   120.625     2.48    4.18
-145638.248   120.480    -0.40    4.07
-145272.865   118.874    -4.40    5.34
-144907.560   115.010   -10.58    7.24
-144541.555   111.374    -9.94    7.82
-144160.192   107.925    -9.04    6.96
-143778.915   108.490     1.48    6.25
-143397.722   110.885     6.29    6.95
-143016.614   112.582     4.45    6.80
-142635.591   112.596     0.04    7.44
-142254.653   111.357    -3.25    6.89
-141873.800   111.389     0.08    5.97
-141493.032   113.122     4.55    6.07
-141112.348   115.732     6.86    6.43
-140731.749   118.878     8.27    6.02
-140351.235   120.284     3.70    5.13
-139970.805   119.388    -2.36    5.75
-139590.460   114.947   -11.68    8.75
-139210.199   108.188   -17.78   10.45
-138830.023   100.959   -19.02    8.65
-138449.931    95.745   -13.72    5.60
-138069.923    91.558   -11.02    3.60
-137689.999    88.490    -8.08    5.41
-137310.160    84.589   -10.27    6.16
-136930.404    80.094   -11.84    5.67
-136550.733    74.906   -13.66    5.15
-136171.146    70.918   -10.51    6.21
-135791.643    65.800   -13.49    5.56
-135412.223    62.588    -8.47    4.20
-135032.888    61.400    -3.13    3.42
-134653.636    60.667    -1.93    3.35
-134274.468    60.299    -0.97    3.38
-133895.383    59.969    -0.87    3.77
-133516.382    60.404     1.15    4.16
-133137.465    59.897    -1.34    4.23
-132758.631    58.042    -4.90    4.49
-132379.881    56.789    -3.31    4.54
-132001.214    55.948    -2.22    4.25
-131622.631    55.455    -1.30    4.24
-131244.131    54.817    -1.68    4.79
-130865.714    54.061    -2.00    5.00
-130487.380    53.505    -1.47    4.74
-130109.129    53.500    -0.01    3.73
-129730.962    52.309    -3.15    4.05
-129352.877    51.653    -1.73    4.74
-128974.875    50.700    -2.52    5.40
-128596.957    49.031    -4.42    5.93
-128219.121    47.308    -4.56    6.10
-127841.368    43.242   -10.76    7.57
-127463.698    38.935   -11.41    7.83
-127086.110    34.061   -12.91    5.48
-126708.605    30.868    -8.46    3.26
-126331.183    28.177    -7.13    4.67
-125953.843    25.722    -6.51    4.94
-125576.586    22.434    -8.72    4.82
-125199.411    19.880    -6.77    3.04
-124822.318    19.031    -2.25    2.60
-124445.308    18.110    -2.44    2.35
-124068.380    17.959    -0.40    2.08
-123691.535    17.419    -1.43    2.10
-123314.771    16.928    -1.30    1.93
-122938.090    16.266    -1.76    2.07
-122561.490    16.969     1.87    2.42
-122184.973    18.011     2.77    2.14
-121808.538    18.449     1.16    1.94
-121432.184    18.705     0.68    1.96
-121055.913    18.020    -1.82    2.12
-120679.723    17.392    -1.67    1.99
-120303.615    16.175    -3.23    2.45
-119927.588    15.010    -3.10    3.14
-119551.644    12.573    -6.48    3.99
-119175.781    10.135    -6.49    3.95
-118799.999     8.168    -5.23    3.01
-118424.299     7.719    -1.20    3.10
-118048.680     8.716     2.65    3.48
-117673.143    11.072     6.28    4.18
-117297.687    13.853     7.41    4.05
-116922.312    16.842     7.96    2.96
-116547.019    18.894     5.47    2.40
-116171.806    20.235     3.57    2.59
-115796.675    20.689     1.21    2.34
-115421.625    20.695     0.02    2.35
-115046.656    19.833    -2.30    2.61
-114671.768    19.041    -2.11    2.68
-114296.960    19.913     2.33    4.02
-113922.234    22.866     7.88    5.82
-113547.588    27.717    12.95    7.11
-113173.023    31.691    10.61    6.17
-112798.539    33.337     4.40    4.84
-112424.136    32.031    -3.49    5.80
-112049.813    29.253    -7.42    5.93
-111675.571    26.216    -8.11    5.54
-111301.409    25.105    -2.97    5.35
-110927.327    23.737    -3.66    4.05
-110553.326    23.104    -1.69    3.31
-110179.406    24.165     2.84    4.52
-109805.565    25.680     4.05    5.81
-109431.805    25.860     0.48    6.40
-109058.125    25.278    -1.56    6.40
-108684.526    22.924    -6.30    6.62
-108311.006    21.000    -5.15    5.58
-107937.566    20.554    -1.19    5.24
-107564.207    21.374     2.19    4.94
-107190.927    23.889     6.74    4.60
-106817.727    27.258     9.03    4.22
-106444.607    29.213     5.24    3.37
-106071.567    29.804     1.58    3.17
-105698.606    30.054     0.67    3.23
-105325.726    30.344     0.78    3.85
-104952.924    31.875     4.11    4.06
-104580.203    33.232     3.64    3.29
-104207.561    34.853     4.35    2.87
-103834.998    36.020     3.13    3.30
-103462.515    37.281     3.39    4.19
-103090.111    39.742     6.61    5.42
-102717.787    41.113     3.68    5.09
-102345.542    41.670     1.50    5.02
-101973.376    38.927    -7.37    6.67
-101601.289    35.844    -8.29    6.44
-101229.282    32.485    -9.03    6.31
-100857.353    28.228   -11.45    5.28
-100485.504    26.577    -4.44    4.77
-100113.733    25.435    -3.07    4.26
 -99742.042    23.427    -5.40    4.43
 -99370.429    21.579    -4.97    6.88
 -98998.895    17.611   -10.68    8.73
 -98627.440    12.579   -13.55    8.73
 -98256.064     9.063    -9.47    8.35
 -97884.766     7.474    -4.28    8.17
 -97513.547     7.185    -0.78    7.27
 -97142.407     6.260    -2.49    7.07
 -96771.345     5.054    -3.25    6.44
 -96400.361     4.480    -1.55    5.55
 -96029.456     3.389    -2.94    5.57
 -95658.630     4.219     2.24    6.01
 -95287.881     5.220     2.70    6.05
 -94917.212     6.042     2.22    5.94
 -94546.620     5.170    -2.35    7.21
 -94176.106     2.458    -7.32    7.99
 -93805.671     4.980     6.81   10.21
 -93435.314    10.085    13.79   10.91
 -93065.034    12.396     6.24    9.17
 -92694.833    13.309     2.47    7.43
 -92324.710     9.874    -9.28    7.25
 -91954.665     7.462    -6.52    6.26
 -91584.697     7.885     1.15    6.02
 -91214.807     9.000     3.01    6.36
 -90844.995    12.000     8.11    5.49
 -90475.261    14.333     6.31    4.24
 -90105.604    16.305     5.33    2.82
 -89736.025    16.916     1.65    2.12
 -89366.524    17.779     2.34    2.22
 -88997.100    18.156     1.02    2.42
 -88627.754    19.183     2.78    2.52
 -88258.484    20.670     4.03    3.26
 -87889.293    22.272     4.34    3.45
 -87520.178    24.000     4.68    2.75
 -87151.141    25.678     4.55    3.55
 -86782.181    27.196     4.11    4.26
 -86413.299    28.946     4.75    3.88
 -86044.493    30.823     5.09    2.60
 -85675.765    31.000     0.48    2.39
 -85307.113    30.191    -2.19    2.69
 -84938.539    27.844    -6.37    4.52
 -84570.041    23.152   -12.73    6.47
 -84201.620    18.677   -12.15    6.45
 -83833.277    14.378   -11.67    4.59
 -83465.010    11.804    -6.99    3.72
 -83096.819    10.819    -2.68    3.94
 -82728.706    12.042     3.32    4.42
 -82360.669    13.404     3.70    3.58
 -81992.708    14.105     1.91    2.24
 -81624.825    13.412    -1.88    2.36
 -81257.017    12.223    -3.23    2.34
 -80889.286    12.083    -0.38    2.33
 -80521.632    12.258     0.48    2.68
 -80154.054    12.936     1.84    3.04
 -79786.552    14.090     3.14    3.33
 -79419.127    13.969    -0.33    3.63
 -79051.778    12.796    -3.19    3.64
 -78684.505    11.062    -4.72    4.11
 -78317.308     9.266    -4.89    3.89
 -77950.187     8.128    -3.10    3.75
 -77583.142     6.740    -3.78    3.65
 -77216.173     6.256    -1.32    3.20
 -76849.280     6.384     0.35    2.70
 -76482.463     6.511     0.35    3.37
 -76115.722     8.073     4.26    3.52
 -75749.057     9.054     2.68    3.24
 -75382.467     9.411     0.97    2.73
 -75015.953     9.093    -0.87    2.13
 -74649.515     8.277    -2.23    2.50
 -74283.153     7.385    -2.43    2.62
 -73916.866     5.764    -4.43    2.04
 -73550.654     5.489    -0.75    1.64
 -73184.518     5.337    -0.42    1.60
 -72818.458     5.417     0.22    2.40
 -72452.472     5.521     0.29    2.69
 -72086.563     6.691     3.20    3.18
 -71720.728     7.568     2.40    3.32
 -71354.969     8.736     3.19    3.41
 -70989.285     9.579     2.30    2.77
 -70623.676    11.033     3.98    3.58
 -70258.142    13.124     5.72    4.36
 -69892.683    14.095     2.66    4.03
 -69515.502    14.232     0.36    3.15
 -69134.388    13.272    -2.52    3.11
 -68753.357    11.926    -3.53    2.32
 -68372.408    11.033    -2.34    2.27
 -67991.542    10.604    -1.12    2.35
 -67610.759     9.711    -2.35    2.38
 -67230.058     9.010    -1.84    3.78
 -66849.440     8.444    -1.49    4.83
 -66468.904     8.711     0.70    5.81
 -66088.451     8.413    -0.78    6.40
 -65708.081     8.878     1.22    6.20
 -65327.792     8.933     0.15    6.54
 -64947.586     8.375    -1.47    7.82
 -64567.463     6.080    -6.04   10.11
 -64187.421     2.681    -8.94   11.17
 -63807.462     0.174    -6.60   10.43
 -63427.584    -2.798    -7.82    8.07
 -63047.789    -4.900    -5.54    6.05
 -62668.076    -5.608    -1.87    6.72
 -62288.445    -4.522     2.86    8.72
 -61908.895    -3.480     2.75   10.38
 -61529.428    -3.333     0.39   10.35
 -61150.042    -4.344    -2.66    9.21
 -60770.738    -5.090    -1.97    7.86
 -60391.515    -3.189     5.01    7.58
 -60012.375    -0.489     7.12    6.77
 -59633.315     1.553     5.39    5.30
 -59254.338     2.080     1.39    3.67
 -58875.442     1.232    -2.24    3.54
 -58496.627     0.444    -2.08    4.18
 -58117.893     0.083    -0.95    4.28
 -57739.241     2.549     6.51    5.63
 -57360.671     5.500     7.79    5.86
 -56982.181     9.067     9.43    5.69
 -56603.772    11.936     7.58    5.76
 -56225.445    12.839     2.39    5.71
 -55847.199    13.830     2.62    4.90
 -55469.034    14.471     1.70    5.16
 -55090.949    16.181     4.52    6.37
 -54712.946    15.966    -0.57    6.90
 -54335.023    14.177    -4.73    7.85
 -53957.182    11.256    -7.73    8.35
 -53579.421     7.165   -10.83    5.53
 -53201.740     5.133    -5.38    3.17
 -52824.141     4.406    -1.93    2.83
 -52446.622     4.640     0.62    2.64
 -52069.183     6.118     3.92    3.31
 -51691.825     6.874     2.00    3.22
 -51314.547     6.957     0.22    3.05
 -50937.350     7.477     1.38    3.38
 -50560.233     7.882     1.07    2.85
 -50183.197     9.167     3.41    2.13
 -49806.241    10.469     3.45    2.50
 -49429.365    12.289     4.83    5.07
 -49052.569    14.526     5.94    6.28
 -48675.853    16.022     3.97    6.49
 -48299.217    15.000    -2.71    6.80
 -47922.661    12.477    -6.70    5.85
 -47546.185    11.106    -3.64    3.89
 -47169.789    11.292     0.49    3.28
 -46793.473    11.385     0.25    3.46
 -46417.237    11.319    -0.18    3.53
 -46041.080    11.500     0.48    4.00
 -45665.003    10.967    -1.42    4.44
 -45289.006    12.926     5.21    5.61
 -44913.088    14.120     3.18    5.49
 -44537.250    14.095    -0.07    5.43
 -44161.491    13.413    -1.81    5.65
 -43785.812    11.537    -4.99    4.54
 -43410.212    10.670    -2.31    4.65
 -43034.692    11.553     2.35    6.31
 -42659.250    12.106     1.47    6.76
 -42283.889    11.527    -1.54    7.28
 -41908.606    10.936    -1.57    6.52
 -41533.402    10.696    -0.64    6.44
 -41158.278     9.840    -2.28    6.75
 -40783.232     7.309    -6.75    8.36
 -40408.266     3.649    -9.76    8.31
 -40033.378     0.596    -8.14    4.97
 -39658.569     1.223     1.67    5.18
 -39283.840     3.989     7.38    6.40
 -38909.189     5.894     5.08    7.26
 -38534.616     6.413     1.39    7.50
 -38160.123     5.372    -2.78    6.38
 -37785.708     5.344    -0.07    5.27
 -37411.371     5.043    -0.81    4.51
 -37037.114     5.600     1.49    4.27
 -36662.934     4.948    -1.74    4.20
 -36288.834     3.733    -3.25    4.43
 -35914.811     2.906    -2.21    4.10
 -35540.867     1.978    -2.48    3.52
 -35167.001     1.606    -0.99    3.35
 -34793.214     1.136    -1.26    3.21
 -34419.505     2.188     2.81    4.15
 -34045.874     3.462     3.41    5.11
 -33672.321     3.787     0.87    5.29
 -33298.846     3.828     0.11    4.96
 -32925.449     2.702    -3.02    4.88
 -32552.130     2.606    -0.26    4.78
 -32178.889     2.511    -0.26    4.51
 -31805.726     1.043    -3.93    4.24
 -31432.640     0.591    -1.21    3.53
 -31059.633     0.495    -0.26    3.51
 -30686.703     1.138     1.73    3.88
 -30313.851     2.247     2.97    3.50
 -29941.076     2.326     0.21    3.07
 -29568.380     2.753     1.14    3.84
 -29195.760     4.363     4.32    5.20
 -28823.218     6.305     5.21    6.02
 -28450.754     9.466     8.49    4.05
 -28078.367    10.835     3.68    3.00
 -27706.057    10.700    -0.36    3.33
 -27333.825    10.021    -1.82    3.37
 -26961.670     9.667    -0.95    3.64
 -26589.592     9.511    -0.42    3.90
 -26217.591     9.637     0.34    3.72
 -25845.667     8.860    -2.09    3.61
 -25473.821     8.258    -1.62    3.55
 -25102.051     9.739     3.98    4.17
 -24730.358    11.660     5.17    3.77
 -24358.743    12.290     1.70    3.16
 -23987.204    12.053    -0.64    2.76
 -23615.742     9.108    -7.93    4.66
 -23244.356     6.511    -6.99    5.04
 -22873.048     3.846    -7.18    4.07
 -22501.816     2.691    -3.11    3.20
 -22130.661     3.453     2.05    3.28
 -21759.582     4.204     2.02    3.49
 -21388.580     4.874     1.80    3.01
 -21017.654     4.947     0.20    2.49
 -20646.805     5.167     0.59    2.21
 -20276.033     4.978    -0.51    2.13
 -19905.336     4.533    -1.20    2.05
 -19534.716     4.305    -0.61    1.72
 -19164.172     4.022    -0.76    2.13
 -18793.705     2.774    -3.37    3.79
 -18423.313     1.337    -3.88    4.16
 -18052.998     0.742    -1.61    4.09
 -17682.759     1.106     0.98    3.70
 -17312.595     1.856     2.02    3.13
 -16942.508     2.681     2.23    2.77
 -16572.497     2.899     0.59    2.74
 -16202.562     3.677     2.10    2.67
 -15832.702     4.854     3.18    2.86
 -15462.918     5.000     0.40    3.61
 -15093.210     5.156     0.42    4.47
 -14723.578     4.160    -2.69    4.76
 -14354.021     3.209    -2.57    4.59
 -13984.540     1.702    -4.08    4.44
 -13615.135     0.511    -3.23    3.99
 -13245.805    -0.777    -3.49    2.96
 -12876.550    -1.925    -3.11    1.43
 -12507.371    -2.178    -0.69    0.88
 -12138.268    -2.065     0.31    0.29
 -11769.239    -2.011     0.14    0.11
 -11400.286    -2.000     0.03    0.00
 -11031.408    -2.000     0.00    0.00
 -10662.606    -2.000     0.00    0.00
 -10293.878    -2.000     0.00    0.00
  -9925.226    -2.000     0.00    0.00
  -9556.649    -2.000     0.00    0.00
  -9188.147    -2.000     0.00    0.00
  -8819.719    -2.000     0.00    0.00
  -8451.367    -2.000     0.00    0.00
  -8083.089    -2.000     0.00    0.00
  -7714.887    -2.000     0.00    0.00
  -7346.759    -2.000     0.00    0.00
  -6978.706    -1.864     0.37    0.35
  -6610.727    -1.473     1.06    0.79
  -6242.824    -0.989     1.32    0.92
  -5874.995    -0.463     1.43    0.77
  -5507.240    -0.120     0.93    0.42
  -5139.560     0.000     0.33    0.00
  -4771.954     0.000     0.00    0.00
  -4404.423     0.000     0.00    0.00
  -4036.967     0.000     0.00    0.00
  -3669.584     0.000     0.00    0.00
  -3302.276     0.000     0.00    0.00
  -2935.042     0.000     0.00    0.00
  -2567.883     0.000     0.00    0.00
  -2200.797     0.000     0.00    0.00
  -1833.786     0.000     0.00    0.00
  -1466.848     0.000     0.00    0.00
  -1099.985     0.000     0.00    0.00
   -733.196     0.000     0.00    0.00
   -366.481     0.000     0.00    0.00
      0.161     0.000     0.00    0.00
    366.728     0.000     0.00    0.00
    733.222     0.000     0.00    0.00
   1099.642     0.000     0.00    0.00
   1465.989     0.000     0.00    0.00
   1832.261     0.112     0.31    0.38
   2198.460     0.215     0.28    0.49
   2564.586     0.239     0.07    0.52
   2930.638     0.209    -0.08    0.48
   3296.616     0.064    -0.40    0.29
   3662.521     0.000    -0.17    0.00
   4028.352     0.000     0.00    0.00
   4394.110     0.000     0.00    0.00
   4759.795     0.000     0.00    0.00
   5132.395     0.000     0.00    0.00
   5513.346     0.435     1.14    0.83
   5894.217     0.935     1.31    1.00
   6275.006     1.505     1.50    0.87
   6655.716     1.933     1.12    0.36
   7036.345     2.000     0.18    0.00
   7416.893     2.000     0.00    0.00
   7797.361     2.000     0.00    0.00
   8177.748     2.000     0.00    0.00
   8558.056     2.000     0.00    0.00
   8938.283     2.000     0.00    0.00
   9318.430     2.000     0.00    0.00
   9698.496     2.000     0.00    0.00
  10078.483     2.000     0.00    0.00
  10458.389     2.000     0.00    0.00
  10838.216     2.000     0.00    0.00
  11217.962     2.000     0.00    0.00
  11597.629     2.000     0.00    0.00
  11977.216     2.000     0.00    0.00
  12356.723     2.000     0.00    0.00
  12736.150     2.022     0.06    0.15
  13115.497     2.181     0.42    0.87
  13494.765     2.611     1.13    1.89
  13873.953     2.946     0.88    2.41
  14253.062     3.333     1.02    2.89
  14632.091     3.096    -0.63    2.31
  15011.041     3.000    -0.25    1.63
  15389.911     2.806    -0.51    1.29
  15768.702     2.901     0.25    1.63
  16147.413     3.141     0.63    2.36
  16526.046     2.624    -1.37    2.03
  16904.599     2.413    -0.56    1.67
  17283.072     2.828     1.10    1.74
  17661.467     3.088     0.69    1.41
  18039.783     3.344     0.68    0.88
  18418.020     3.728     1.02    0.58
  18796.177     4.000     0.72    0.00
  19174.256     4.000     0.00    0.00
  19552.256     4.000     0.00    0.00
  19930.177     4.000     0.00    0.00
  20308.019     4.000     0.00    0.00
  20685.783     4.000     0.00    0.00
  21063.468     4.000     0.00    0.00
  21441.074     4.000     0.00    0.00
  21818.602     4.076     0.20    0.34
  22196.051     4.174     0.26    0.87
  22573.422     4.000    -0.46    1.31
  22950.714     3.904    -0.25    1.66
  23327.928     3.256    -1.72    2.53
  23705.063     3.245    -0.03    3.15
  24082.120     3.833     1.56    3.61
  24459.099     3.989     0.41    4.00
  24836.000     5.191     3.19    3.84
  25212.823     6.269     2.86    4.31
  25589.567     7.573     3.46    5.03
  25966.234     7.774     0.53    4.78
  26342.822     7.193    -1.54    5.14
  26719.333     6.140    -2.80    4.37
  27095.765     4.875    -3.36    2.29
  27472.120     4.032    -2.24    1.49
  27848.397     4.080     0.13    1.41
  28224.596     4.430     0.93    1.18
  28600.717     4.943     1.36    0.70
  28976.761     5.140     0.52    0.50
  29352.727     5.080    -0.16    0.31
  29728.616     5.258     0.47    0.44
  30104.427     5.545     0.76    0.50
  30480.160     5.785     0.64    0.41
  30855.816     6.000     0.57    0.00
  31231.395     6.000     0.00    0.00
  31606.896     6.000     0.00    0.00
  31982.320     6.000     0.00    0.00
  32357.667     5.989    -0.03    0.11
  32732.937     5.957    -0.08    0.33
  33108.129     6.000     0.11    0.00
  33483.245     6.000     0.00    0.00
  33858.283     6.000     0.00    0.00
  34233.244     6.000     0.00    0.00
  34608.129     6.000     0.00    0.00
  34982.936     6.000     0.00    0.00
  35357.667     6.000     0.00    0.00
  35732.320     6.000     0.00    0.00
  36106.897     6.000     0.00    0.00
  36481.398     6.000     0.00    0.00
  36855.821     6.000     0.00    0.00
  37230.168     6.000     0.00    0.00
  37604.438     6.000     0.00    0.00
  37978.632     6.000     0.00    0.00
  38352.750     6.000     0.00    0.00
  38726.790     6.000     0.00    0.00
  39100.755     6.000     0.00    0.00
  39474.643     6.000     0.00    0.00
  39848.455     6.000     0.00    0.00
  40222.190     6.000     0.00    0.00
  40595.849     6.000     0.00    0.00
  40969.433     6.000     0.00    0.00
  41342.940     6.034     0.09    0.18
  41716.370     6.122     0.24    0.33
  42089.725     6.202     0.21    0.40
  42463.004     6.323     0.32    0.47
  42836.207     6.422     0.27    0.50
  43209.334     6.739     0.85    0.64
  43582.385     7.132     1.05    0.70
  43955.361     7.548     1.12    0.62
  44328.260     7.890     0.92    0.31
  44701.084     8.000     0.29    0.00
  45073.833     8.000     0.00    0.00
  45446.505     8.000     0.00    0.00
  45819.102     8.000     0.00    0.00
  46191.624     8.000     0.00    0.00
  46564.070     8.000     0.00    0.00
  46936.441     8.000     0.00    0.00
  47308.736     8.000     0.00    0.00
  47680.956     8.000     0.00    0.00
  48053.100     8.000     0.00    0.00
  48425.169     8.000     0.00    0.00
  48797.164     8.000     0.00    0.00
  49169.082     8.000     0.00    0.00
  49540.926     8.000     0.00    0.00
  49912.695     8.000     0.00    0.00
  50284.389     8.000     0.00    0.00
  50656.007     8.000     0.00    0.00
  51027.551     8.000     0.00    0.00
  51399.020     8.000     0.00    0.00
  51770.414     8.167     0.45    0.37
  52141.733     8.370     0.55    0.49
  52512.978     8.659     0.78    0.48
  52884.147     8.902     0.65    0.30
  53255.242     9.000     0.26    0.00
  53626.263     9.099     0.27    0.30
  53997.209     9.333     0.63    0.47
  54368.080     9.604     0.73    0.49
  54738.877     9.860     0.69    0.35
  55109.599    10.000     0.38    0.00
  55480.247    10.000     0.00    0.00
  55850.820    10.000     0.00    0.00
  56221.320    10.000     0.00    0.00
  56591.745    10.000     0.00    0.00
  56962.095    10.000     0.00    0.00
  57332.372    10.000     0.00    0.00
  57702.574    10.000     0.00    0.00
  58072.703    10.000     0.00    0.00
  58442.757    10.000     0.00    0.00
  58812.737    10.000     0.00    0.00
  59182.644    10.000     0.00    0.00
  59552.476    10.000     0.00    0.00
  59922.235    10.033     0.09    0.23
  60291.919    10.057     0.07    0.35
  60661.530     9.957    -0.27    0.51
  61031.067     9.605    -0.95    1.10
  61400.531     9.293    -0.84    1.46
  61769.921     9.095    -0.54    1.53
  62139.237     9.278     0.49    2.09
  62508.479     9.909     1.71    2.54
  62877.648    12.043     5.78    3.24
  63246.744    15.830    10.26    6.39
  63615.766    20.549    12.79    9.50
  63984.715    22.667     5.74    8.88
  64353.590    22.043    -1.69    7.96
  64722.392    19.813    -6.05    7.78
  65091.121    16.800    -8.17    7.41
  65459.777    13.707    -8.39    5.33
  65828.359    11.184    -6.84    0.64
  66196.869    11.011    -0.47    0.10
  66565.305    11.000    -0.03    0.00
  66933.668    11.000     0.00    0.00
  67301.958    11.000     0.00    0.00
  67670.175    11.000     0.00    0.00
  68038.320    11.000     0.00    0.00
  68406.391    11.000     0.00    0.00
  68774.390    11.000     0.00    0.00
  69142.315    11.000     0.00    0.00
  69510.168    11.000     0.00    0.00
  69877.949    11.000     0.00    0.00
  70245.656    11.000     0.00    0.00
  70613.291    11.000     0.00    0.34
  70980.854    10.630    -1.01    0.99
  71348.344    10.349    -0.77    1.99
  71715.761    10.151    -0.54    2.97
  72083.106     9.544    -1.65    3.68
  72450.379    10.077     1.45    3.74
  72817.579    10.879     2.18    4.18
  73184.707    13.202     6.33    5.09
  73551.763    15.011     4.93    4.28
  73918.746    16.022     2.76    3.06
  74285.657    16.198     0.48    2.89
  74652.496    16.575     1.03    2.74
  75019.263    17.587     2.76    3.04
  75385.958    18.942     3.69    3.05
  75752.581    20.174     3.36    2.90
  76119.132    20.611     1.19    2.87
  76485.611    21.067     1.24    2.77
  76852.018    22.366     3.54    3.31
  77218.353    23.256     2.43    3.42
  77584.616    24.330     2.93    3.01
  77950.808    24.253    -0.21    2.72
  78316.927    24.220    -0.09    3.39
  78682.976    26.176     5.35    5.19
  79048.952    28.297     5.79    6.48
  79414.857    31.000     7.39    6.58
  79783.228    32.242     3.37    5.95
  80164.019    31.356    -2.33    7.63
  80544.730    29.099    -5.93    8.26
  80925.364    26.267    -7.44    7.77
  81305.919    24.315    -5.13    6.11
  81686.395    22.826    -3.91    2.93
  82066.794    22.011    -2.14    2.70
  82447.114    21.372    -1.68    2.52
  82827.355    21.207    -0.44    2.32
  83207.519    19.584    -4.27    3.26
  83587.604    18.505    -2.84    4.34
  83967.611    17.618    -2.34    4.99
  84347.541    16.846    -2.03    4.48
  84727.392    17.299     1.19    3.70
  85107.165    18.822     4.01    4.34
  85486.860    22.655    10.09    6.85
  85866.478    26.033     8.90    7.78
  86246.017    28.371     6.16    7.64
  86625.479    27.022    -3.55    8.25
  87004.863    23.367    -9.63    7.98
  87384.170    19.902    -9.13    4.92
  87763.398    18.378    -4.02    2.99
  88142.550    18.659     0.74    3.70
  88521.623    17.725    -2.46    3.88
  88900.620    17.287    -1.16    3.74
  89279.538    18.978     4.46    5.52
  89658.380    21.034     5.43    7.75
  90037.144    23.308     6.00    7.49
  90415.830    23.506     0.52    5.72
  90794.440    22.978    -1.39    3.53
  91172.972    23.302     0.86    2.99
  91551.427    24.427     2.97    3.62
  91929.805    25.741     3.47    3.86
  92308.106    25.767     0.07    3.80
  92686.330    25.860     0.25    3.53
  93064.476    28.088     5.89    5.35
  93442.546    31.706     9.57    7.91
  93820.539    34.747     8.05    8.86
  94198.456    38.310     9.43   10.25
  94576.295    40.772     6.52    9.76
  94954.058    42.605     4.85    7.69
  95331.744    43.076     1.25    6.07
  95709.353    42.779    -0.79    5.48
  96086.886    41.913    -2.29    5.71
  96464.342    42.291     1.00    7.11
  96841.721    44.912     6.95   10.38
  97219.025    48.548     9.63   11.92
  97596.251    50.367     4.82   11.03
  97973.402    51.106     1.96    8.64
  98350.476    52.209     2.92    5.48
  98727.474    53.560     3.58    4.34
  99104.395    56.663     8.23    7.07
  99481.240    58.845     5.79    8.36
  99858.010    61.146     6.11    9.20
 100234.703    62.917     4.70    9.46
 100611.320    65.440     6.70    9.17
 100987.861    69.118     9.77    7.46
 101364.326    71.989     7.63    6.34
 101740.715    73.821     4.87    6.19
 102117.028    75.879     5.47    6.03
 102493.266    78.575     7.16    4.97
 102869.427    82.087     9.34    5.68
 103245.513    86.287    11.17    6.85
 103621.523    90.275    10.60    6.35
 103997.458    94.459    11.13    4.03
 104373.317    96.703     5.97    3.27
 104749.100    98.153     3.86    3.03
 105124.808    98.956     2.14    2.66
 105500.441    98.643    -0.83    2.91
 105875.998    95.921    -7.25    4.10
 106251.479    92.458    -9.22    4.95
 106626.885    89.112    -8.91    5.49
 107002.216    86.976    -5.69    4.16
 107377.472    86.780    -0.52    3.42
 107752.653    87.964     3.16    3.58
 108127.758    90.582     6.98    4.51
 108502.789    93.238     7.08    4.79
 108877.744    96.967     9.95    4.71
 109252.624   100.570     9.61    3.32
 109627.429   102.120     4.13    2.55
 110002.160   102.482     0.97    3.07
 110376.815   101.758    -1.93    4.03
 110751.396   101.167    -1.58    4.15
 111125.901   102.833     4.45    5.96
 111500.333   104.488     4.42    6.11
 111874.689   105.438     2.54    5.72
 112248.971   104.964    -1.27    6.40
 112623.178   102.281    -7.17    6.56
 112997.310   101.000    -3.42    6.47
 113371.368   100.444    -1.49    7.07
 113745.352    98.721    -4.61    8.79
 114119.261    98.231    -1.31    8.55
 114493.095    97.128    -2.95    7.45
 114866.856    98.692     4.19    6.94
 115240.542   100.876     5.84    5.35
 115614.153   103.933     8.18    6.10
 115987.691   106.876     7.88    7.16
 116361.154   112.703    15.60   10.05
 116734.543   120.125    19.87   14.03
 117107.858   129.400    24.84   14.44
 117481.099   135.621    16.67   11.65
 117854.266   139.225     9.66    5.31
 118227.359   141.148     5.15    3.60
 118600.379   143.211     5.53    4.65
 118973.324   145.534     6.23    5.96
 119346.195   150.878    14.33    7.55
 119718.993   156.068    13.92    9.19
 120091.717   161.955    15.79    9.19
 120464.367   167.449    14.74    7.69
 120836.944   170.886     9.22    6.87
 121209.447   172.545     4.45    6.39
 121581.876   172.851     0.82    6.06
 121954.232   173.100     0.67    5.14
 122326.514   173.747     1.74    3.33
 122698.723   173.725    -0.06    2.96
 123070.859   175.216     4.01    2.98
 123442.921   177.033     4.88    3.36
 123814.910   179.368     6.28    4.23
 124186.826   179.989     1.67    5.40
 124558.668   178.190    -4.84    7.47
 124930.437   174.444   -10.08    7.30
 125302.133   169.964   -12.05    6.18
 125673.756   165.202   -12.81    6.92
 126045.306   160.786   -11.89    7.34
 126416.783   155.742   -13.58    6.72
 126788.187   150.659   -13.68    5.98
 127159.518   145.461   -14.00    6.03
 127530.777   142.759    -7.28    4.98
 127901.962   142.956     0.53    5.20
 128273.074   144.371     3.81    6.08
 128644.114   147.767     9.15    6.86
 129015.081   150.689     7.88    7.06
 129385.976   152.326     4.41    7.30
 129756.797   152.545     0.59    6.66
 130127.547   151.307    -3.34    5.34
 130498.223   149.787    -4.10    3.44
 130868.827   148.714    -2.89    1.54
 131239.359   148.989     0.74    1.72
 131609.818   148.955    -0.09    2.67
 131980.205   148.089    -2.34    4.23
 132350.520   146.372    -4.64    6.24
 132720.762   142.284   -11.04    7.95
 133090.932   138.024   -11.51    8.43
 133461.030   136.596    -3.86    8.28
 133831.056   136.928     0.90    8.12
 134201.009   139.511     6.98    6.09
 134570.891   141.747     6.04    5.22
 134940.700   143.611     5.04    6.64
 135310.438   146.161     6.90    8.74
 135680.103   150.178    10.87    8.81
 136049.697   153.044     7.76    6.61
 136419.218   151.854    -3.22    7.26
 136788.668   146.261   -15.14   10.49
 137158.046   137.875   -22.70   12.81
 137527.353   130.820   -19.10   11.93
 137896.587   125.000   -15.76   11.18
 138265.750   117.533   -20.22   14.81
 138634.842   106.644   -29.50   21.45
 139003.861    93.489   -35.64   21.93
 139372.810    81.477   -32.55   13.62
 139741.687    83.697     6.02   16.42
 140110.492    97.714    38.00   26.25
 140479.226   114.034    44.25   27.24
 140847.888   130.202    43.85   21.94
 141216.479   143.079    34.93   22.65
 141584.999   154.000    29.63   22.08
 141953.448   161.360    19.97   19.89
 142321.825   167.764    17.38   19.45
 142690.132   172.427    12.66   19.88
 143058.367   177.364    13.40   17.58
 143426.531   181.920    12.38   11.02
 143794.624   179.416    -6.80   12.06
 144162.646   168.057   -30.86   20.71
 144530.597   150.409   -47.96   24.83
 144898.477   132.581   -48.46   21.18
 145266.286   121.211   -30.91   13.39
 145634.025   113.744   -20.30    8.04
 146001.692   107.609   -16.68   11.41
 146369.289   106.110    -4.08   12.29
 146736.815   113.607    20.40   20.37
 147104.271   123.759    27.62   23.94
 147471.656   140.292    45.00   18.59
 147838.970   152.932    34.41   12.67
 148206.214   162.989    27.38   14.23
 148573.387   169.414    17.50   16.24
 148940.489   180.379    29.87   15.59
 149307.522   187.544    19.52   13.34
 149674.484   191.279    10.18   12.85
 150041.375   192.615     3.64   13.76
 150408.196   192.286    -0.90   14.29
 150774.947   192.769     1.32   12.81
 151141.628   193.329     1.53   10.86
 151508.238   190.854    -6.75    8.97
 151874.779   187.023   -10.45    9.56
 152241.249   179.124   -21.55   11.96
 152607.649   170.966   -22.26   11.82
 152973.979   165.091   -16.04   11.06
 153340.239   162.182    -7.94   12.76
 153706.430   158.414   -10.29   14.96
 154072.550   155.258    -8.62   14.43
 154438.600   150.915   -11.87   12.43
 154817.652   149.102    -4.78   10.42
 155198.207   149.767     1.75    9.24
 155578.684   150.011     0.64   11.45
 155959.086   149.698    -0.82   14.46
 156339.411   149.389    -0.81   13.14
 156719.660   151.557     5.70   12.78
 157099.833   153.809     5.92   11.40
 157479.929   156.375     6.75   10.70
 157859.950   160.744    11.50   10.44
 158239.894   163.722     7.84   10.51
 158619.762   164.886     3.06    9.80
 158999.554   163.705    -3.11   11.21
 159379.271   161.989    -4.52   13.36
 159758.911   160.000    -5.24   13.48
 160138.476   161.190     3.14   13.70
 160517.964   162.580     3.66   12.73
 160897.377   165.417     7.48   10.96
 161276.714   169.573    10.96   11.98
 161655.976   173.000     9.03   12.46
 162035.162   176.380     8.91   12.13
 162414.272   179.310     7.73   10.50
 162793.306   182.955     9.62   11.96
 163172.266   187.829    12.86   11.79
 163551.149   193.159    14.07   12.03
 163929.957   200.143    18.43    9.16
 164308.690   203.341     8.44    6.11
 164687.348   205.267     5.09    3.86
 165065.930   205.596     0.87    4.64
 165444.437   206.233     1.68    4.73
 165822.869   206.584     0.93    3.98
 166201.226   209.264     7.08    5.41
 166579.507   211.943     7.08    6.21
 166957.714   215.943    10.57    6.08
 167335.845   220.701    12.58    4.53
 167713.902   224.125     9.06    4.44
 168091.883   225.784     4.39    4.13
 168469.790   223.864    -5.08    7.61
 168847.622   220.920    -7.79    9.01
 169225.379   216.920   -10.59    8.67
 169603.061   212.908   -10.62    7.33
 169980.669   209.659    -8.60    5.94
 170358.202   207.625    -5.39    4.41
 170735.660   207.056    -1.51    4.18
 171113.044   207.756     1.86    4.01
 171490.353   208.114     0.95    3.25
 171867.587   209.655     4.09    5.66
 172244.748   214.875    13.84    8.91
 172621.833   219.407    12.02    8.03
 172998.845   222.932     9.35    4.73
 173375.782   222.930    -0.00    4.34
 173752.645   220.944    -5.27    3.63
 174129.433   219.337    -4.26    3.47
 174506.148   219.056    -0.75    4.86
 174882.788   217.595    -3.88    6.83
 175259.354   214.920    -7.10    8.09
 175635.847   210.866   -10.77    8.60
 176012.265   204.921   -15.79    8.07
 176388.609   201.386    -9.39    6.98
 176764.879   199.954    -3.80    5.59
 177141.075   198.405    -4.12    5.02
 177517.198   196.659    -4.64    5.80
 177893.247   194.417    -5.96    6.76
 178269.221   190.489   -10.45    7.44
 178645.123   187.232    -8.66    6.08
 179020.950   184.667    -6.82    4.56
 179396.704   183.207    -3.88    4.91
 179772.385   183.932     1.93    5.48
 180147.991   187.012     8.20    7.94
 180523.525   190.822    10.14    8.48
 180898.985   195.841    13.37    8.19
 181274.371   199.389     9.45    6.30
 181649.684   200.268     2.34    5.80
 182024.924   200.568     0.80    5.39
 182400.090   198.988    -4.21    5.70
 182775.184   198.310    -1.81    6.04
 183150.204   199.024     1.90    6.64
 183525.151   203.011    10.63    7.83
 183900.024   207.659    12.40    8.29
 184274.825   210.189     6.75    8.90
 184649.553   210.434     0.65   12.21
 185024.207   207.727    -7.22   15.36
 185398.789   205.037    -7.18   15.24
 185773.298   203.667    -3.66   13.29
 186147.734   205.049     3.69   11.26
 186522.097   210.511    14.59    9.70
 186896.387   216.049    14.79   10.04
 187270.605   222.767    17.95    9.98
 187644.750   228.810    16.15    6.82
 188018.822   231.807     8.01    4.27
 188392.822   232.195     1.04    3.88
 188766.749   231.621    -1.54    5.16
 189140.604   231.902     0.75    7.12
 189514.386   232.864     2.57    8.63
 189888.096   235.482     7.01   10.10
 190261.733   238.989     9.38    9.87
 190635.298   242.687     9.90   10.45
 191008.791   249.609    18.53   12.00
 191382.211   256.841    19.36   13.63
 191755.559   264.455    20.39   11.63
 192128.835   269.220    12.76    8.93
 192502.039   269.368     0.40    8.20
 192875.171   267.619    -4.69    8.65
 193248.230   265.809    -4.85    7.82
 193621.218   264.640    -3.13    6.71
 193994.134   261.898    -7.35    8.06
 194366.977   253.729   -21.90   14.36
 194739.749   242.102   -31.19   15.43
 195112.449   235.140   -18.68   10.52
 195485.077   235.273     0.36   10.48
 195857.634   244.494    24.75   15.37
 196230.118   255.523    29.60   14.76
 196602.531   263.621    21.74    9.99
 196974.872   266.512     7.76    6.20
 197347.142   266.186    -0.87    6.61
 197719.340   265.012    -3.15    7.15
 198091.467   266.750     4.67    8.22
 198463.522   268.787     5.47    7.79
 198835.505   272.083     8.86    8.78
 199207.418   278.364    16.88   14.53
 199579.259   289.057    28.75   22.06
 199951.028   309.356    54.59   29.00
 200322.726   328.852    52.44   31.94
 200694.353   348.287    52.29   30.42
 201065.909   365.558    46.48   25.73
 201437.394   374.977    25.35   22.17
 201808.808   377.425     6.59   20.13
 202180.150   370.600   -18.38   23.24
 202551.421   357.621   -34.95   27.23
 202922.622   342.690   -40.22   25.43
 203293.751   334.295   -22.62   19.00
 203664.810   328.726   -15.01    9.79
 204035.798   330.793     5.57    8.49
 204406.715   335.407    12.44   10.30
 204777.561   340.425    13.53   12.54
 205148.336   343.049     7.07   12.43
 205519.041   341.989    -2.86   13.02
 205889.674   338.866    -8.42   12.72
 206260.238   333.966   -13.22   11.34
 206630.730   328.048   -15.97   11.13
 207001.153   318.466   -25.86   13.93
 207371.504   310.412   -21.74   14.29
 207741.785   308.852    -4.21   17.48
 208111.996   311.224     6.40   22.64
 208482.136   321.591    28.00   28.24
 208852.206   331.713    27.35   28.29
 209222.206   336.862    13.92   26.15
 209592.136   338.023     3.14   23.88
 209961.995   340.988     8.02   20.07
 210331.784   341.261     0.74   18.87
 210701.502   342.414     3.12   16.98
 211071.151   336.230   -16.73   17.73
 211440.730   326.093   -27.42   19.35
 211810.238   321.364   -12.80   15.29
 212179.677   321.435     0.19   12.95
 212549.046   327.356    16.03   13.21
 212918.344   334.146    18.39    8.53
 213287.573   334.563     1.13    9.63
 213656.732   330.598   -10.74   12.55
 214025.821   320.782   -26.59   17.42
 214394.841   307.390   -36.28   19.13
 214763.791   298.477   -24.16   15.98
 215132.671   294.188   -11.62   12.01
 215501.481   296.409     6.02   12.26
 215870.222   304.011    20.61   11.97
 216238.893   312.349    22.61   11.00
 216607.495   315.512     8.58   10.39
 216976.027   319.023     9.53   10.35
 217344.490   318.765    -0.70   10.77
 217712.884   315.779    -8.10   11.67
 218081.208   310.384   -14.65   14.06
 218449.462   301.082   -25.25   15.77
 218817.648   292.954   -22.07   14.96
 219185.764   286.321   -18.01   12.21
 219553.811   284.184    -5.81   11.71
 219921.789   285.049     2.35   11.76
 220289.697   287.459     6.55   11.89
 220657.537   290.402     8.00   13.79
 221025.308   293.310     7.91   15.81
 221393.009   296.566     8.85   17.30
 221760.642   300.337    10.26   19.59
 222128.205   299.943    -1.07   23.31
 222495.700   298.500    -3.92   26.73
 222863.126   294.453   -11.01   29.23
 223230.483   292.523    -5.25   27.49
 223597.771   292.553     0.08   23.61
 223964.990   296.779    11.51   18.41
 224332.141   300.012     8.80   11.63
 224699.223   299.083    -2.53    9.70
 225066.237   291.545   -20.53   12.92
 225433.182   281.988   -26.04   13.41
 225800.058   270.318   -31.80   14.71
 226166.866   260.716   -26.17   14.28
 226533.605   248.047   -34.54   19.67
 226900.276   232.747   -41.72   21.72
 227266.879   215.302   -47.58   21.87
 227633.413   201.402   -37.92   16.54
 227999.879   191.529   -26.94   11.40
 228366.276   185.295   -17.01   10.05
 228732.606   178.627   -18.20   10.91
 229098.867   172.739   -16.07   11.48
 229473.957   165.805   -18.48    9.31
 229854.357   160.155   -14.85    7.87
 230234.683   154.920   -13.76    5.00
 230614.935   152.701    -5.84    4.01
 230995.112   150.849    -4.87    3.39
 231375.215   149.965    -2.32    3.53
 231755.244   149.414    -1.45    3.28
 232135.198   150.238     2.17    3.44
 232515.079   151.955     4.52    4.83
 232894.885   154.494     6.68    6.05
 233274.617   157.184     7.08    6.63
 233654.276   158.625     3.80    8.04
 234033.860   158.506    -0.31    8.64
 234413.371   157.625    -2.32    8.19
 234792.807   156.761    -2.28    6.13
 235172.170   156.807     0.12    4.58
 235551.459   159.341     6.68    6.19
 235930.674   164.709    14.15    8.66
 236309.816   170.931    16.41    8.60
 236688.884   177.593    17.57    4.92
 237067.878   180.852     8.60    4.01
 237446.799   182.452     4.22    3.49
 237825.646   183.988     4.05    3.51
 238204.420   187.580     9.48    5.11
 238583.120   190.759     8.39    6.53
 238961.747   192.965     5.83    5.38
 239340.300   195.128     5.71    5.02
 239718.780   197.966     7.50    6.61
 240097.187   200.738     7.33    8.29
 240475.521   203.235     6.60    8.14
 240853.781   204.190     2.52    7.62
 241231.969   204.151    -0.10    5.59
 241610.083   203.457    -1.84    4.13
 241988.124   197.930   -14.62    8.68
 242366.092   191.902   -15.94    9.34
 242743.987   187.784   -10.90    7.86
 243121.810   185.780    -5.30    6.78
 243499.559   185.909     0.34    7.99
 243877.235   186.222     0.83    8.53
 244254.839   186.046    -0.47    7.64
 244632.370   184.675    -3.63    5.88
 245009.828   184.174    -1.33    4.04
 245387.213   183.181    -2.63    3.23
 245764.526   181.442    -4.61    3.39
 246141.766   180.304    -3.02    3.52
