# NaN NaN NaN ;Mean Elev.(m), Avg Gradient(m/km), RMS Gradient(m/km) - SRTM1     
#   23.943     NaN     NaN ;Mean Elev.(m), Avg Gradient(m/km), RMS Gradient(m/km) - ASTER GDEM
#   36.867  -6.168   7.026 ;Mean Elev.(m), Avg Gradient(m/km), RMS Gradient(m/km) - GMTED2010 
  9  58.526527  66.261167    46.768    47.494  3 52547.30939231 23.608
 10  58.522752  66.265116    37.330    37.330  2 52582.30940161 35.228
 12  58.529113  66.261446    46.633    46.633  2 52652.30934944  9.272
 13  58.515745  66.270081    53.331    53.331  2 52687.30934470  7.080
 14  58.520960  66.265989    54.211    54.211  2 52722.30939291  6.652
 19  58.517925  66.270403    40.694    38.974  3 52897.30950918 32.072
 21  58.526390  66.259895    37.354    37.354  2 52967.30946091 29.618
 22  58.516623  66.271445    41.991    44.018  3 53002.30948523 18.809
 23  58.511834  66.274381    40.864    40.864  2 53037.30943386 15.401
 24  58.519863  66.268210    55.322    55.925  3 53072.30945961  9.786
 25  58.511419  66.278088    67.781    67.781  2 53107.30943398  4.458
 26  58.524299  66.263736    48.809    48.809  2 53142.30946869 13.588
 27  58.521984  66.265766    47.851    47.851  2 53177.30949306 23.985
 28  58.519367  66.268903    36.877    36.877  2 53212.30951261 49.946
 29  58.517297  66.270935    42.251    43.753  3 53247.30948101 29.725
 30  58.526073  66.262710    37.661    37.661  3 53282.30947099 48.857
 31  58.523652  66.263291    38.049    38.049  2 53317.30947549 38.518
 32  58.519705  66.269085    44.398    44.443  3 53352.30944022 15.555
 33  58.525093  66.259011    42.340    44.881  3 53387.30943321 15.949
 34  58.524579  66.265262    46.442    46.442  2 53422.30943376 10.096
 36  58.519287  66.269437    60.838    60.838  2 53492.30952366  6.285
 38  58.516054  66.273965    39.061    39.061  2 53562.30953224 47.097
 39  58.518313  66.269575    36.725    36.697  3 53597.30947262 51.459
 40  58.526301  66.261554    46.474    46.549  3 53632.30946889 21.100
 41  58.518439  66.267576    38.048    38.048  2 53667.30949055 47.621
 42  58.520674  66.268354    37.598    37.522  3 53702.30943696 44.622
 43  58.514778  66.275514    44.212    44.212  2 53737.30934569 21.705
 44  58.526450  66.261860    42.245    41.848  3 53772.30935717 15.399
 45  58.515876  66.270564    45.103    45.103  2 53807.30934475 10.527
 47  58.524381  66.262337    39.765    39.765  2 53877.30941455 40.078
 48  58.520603  66.269534    41.586    41.586  2 53912.30946449 23.119
 49  58.515787  66.273913    48.919    48.919  2 53947.30947949 21.228
 50  58.514479  66.271648    37.227    37.227  2 53982.30942300 47.993
 52  58.524247  66.260238    45.922    46.372  3 54052.30944725 19.583
 53  58.518901  66.269696    40.319    38.484  3 54087.30943762 20.375
 55  58.521124  66.267501    51.784    51.784  2 54157.30939937 10.345
 56  58.513588  66.275949    57.279    57.279  2 54192.30935984 11.786
 57  58.522554  66.266319    39.610    39.610  2 54227.30941112 30.957
 58  58.521972  66.265295    48.550    48.550  2 54262.30943048 22.270
 59  58.520841  66.268061    45.744    45.744  2 54297.30943496 21.949
 60  58.516871  66.267894    38.331    38.331  2 54332.30942552 35.863
 61  58.513602  66.274093    38.325    38.325  2 54367.30936587 45.064
 62  58.521539  66.268666    48.295    48.295  2 54402.30936812 20.830
 63  58.516060  66.272844    37.908    37.908  2 54437.30932470 27.078
 64  58.525197  66.262398    46.395    46.525  3 54472.30935421 16.003
 65  58.514329  66.273275    46.172    46.172  2 54507.30933624 10.584
 66  58.522068  66.267408    53.212    53.212  2 54542.30936799  8.384
 67  58.515265  66.275512    37.235    37.235  2 54577.30933780 25.922
 68  58.520224  66.266516    40.110    40.110  2 54612.30935917 35.171
 69  58.520012  66.266800    48.676    48.676  2 54647.30936631 21.801
 70  58.518930  66.269430    37.376    37.376  2 54682.30936647 52.045
 71  58.513906  66.273479    45.223    45.223  2 54717.30931408 21.330
 73  58.515457  66.271408    38.017    38.017  2 54787.30930478 40.805
 74  58.523731  66.262858    43.471    43.471  2 54822.30933385 15.800
 75  58.516871  66.271217    46.196    46.196  2 54857.30930067  8.343
 76  58.518551  66.269351    50.190    50.349  3 54892.30933592  8.581
 77  58.512748  66.275836    46.525    46.525  2 54927.30929808 13.674
 78  58.523143  66.267131    36.685    36.685  2 54962.30933496 18.503
 79  58.519113  66.268703    44.593    44.593  2 54997.30935592 51.726
 80  58.519797  66.268685    47.013    47.013  2 55032.30934550 18.629
 81  58.518702  66.271003    41.505    41.505  2 55067.30933381 27.922
 82  58.511057  66.275217    45.007    45.007  2 55102.30927317 20.478
 83  58.522290  66.265412    41.140    41.140  2 55137.30928133 26.040
 84  58.516103  66.272992    44.924    44.924  2 55172.30924168 16.014
 85  58.523541  66.264798    43.876    43.876  2 55207.30927538 13.072
 86  58.514523  66.275448    45.606    45.606  2 55242.30924632 12.106
 87  58.518995  66.270280    48.286    48.286  2 55277.30926845 10.143
 88  58.514617  66.273209    40.547    40.547  2 55312.30923166 27.379
 89  58.519876  66.268170    47.716    47.838  3 55347.30923868 20.522
 90  58.517798  66.270093    39.024    39.032  3 55382.30922976 49.883
 92  58.515570  66.269931    38.472    38.472  2 55452.30923964 38.411
 93  58.512889  66.274940    39.070    39.070  2 55487.30916136 40.208
