-226287.519   119.876     0.00    4.70
-225914.827   120.592     1.92    4.86
-225542.065   120.930     0.91    4.78
-225169.233   120.539    -1.05    5.14
-224796.331   118.886    -4.43    5.97
-224423.358   116.350    -6.80    5.93
-224050.315   114.362    -5.33    5.45
-223677.201   113.563    -2.14    5.66
-223304.017   112.940    -1.67    5.51
-222930.762   114.056     2.99    5.13
-222557.437   115.938     5.04    4.83
-222184.041   118.449     6.72    4.48
-221810.574   120.486     5.45    4.27
-221437.036   122.628     5.73    3.25
-221063.428   123.127     1.34    3.70
-220689.749   122.730    -1.06    4.58
-220315.999   120.579    -5.75    5.02
-219942.178   116.057   -12.10    6.17
-219568.287   111.835   -11.29    7.06
-219194.324   109.962    -5.01    7.26
-218820.290   109.680    -0.75    7.76
-218446.186   110.219     1.44    7.42
-218072.010   111.881     4.44    5.92
-217697.763   113.033     3.08    6.09
-217323.445   114.469     3.84    6.14
-216949.056   117.149     7.16    4.85
-216574.595   118.421     3.40    3.83
-216200.063   119.079     1.76    3.84
-215825.460   119.649     1.52    3.38
-215450.786   119.021    -1.68    3.57
-215076.040   117.757    -3.37    3.91
-214701.223   115.881    -5.00    3.94
-214326.334   114.056    -4.87    3.04
-213951.373   114.440     1.02    4.01
-213576.341   116.463     5.39    5.62
-213201.238   119.683     8.58    5.93
-212826.063   122.521     7.56    4.84
-212450.816   124.895     6.32    3.14
-212075.497   124.747    -0.39    4.00
-211700.107   124.800     0.14    4.96
-211324.645   124.550    -0.67    5.65
-210949.111   124.116    -1.16    6.51
-210573.505   122.271    -4.91    7.14
-210197.827   117.115   -13.72    8.43
-209822.077   112.616   -11.97    7.94
-209446.255   107.123   -14.61    7.49
-209070.361   103.803    -8.83    5.23
-208694.395   103.366    -1.16    5.25
-208318.357   104.986     4.31    6.79
-207942.246   106.521     4.08    8.29
-207566.064   106.794     0.73   11.46
-207189.809   105.010    -4.74   15.03
-206813.481   102.433    -6.85   16.87
-206437.082    99.137    -8.75   18.42
-206060.610    95.265   -10.28   19.67
-205684.066    90.396   -12.93   19.55
-205307.449    85.152   -13.92   17.97
-204930.759    80.265   -12.97   16.01
-204553.997    77.628    -7.00   12.71
-204177.163    78.251     1.65   10.62
-203800.256    81.473     8.55    8.49
-203423.276    85.860    11.64    7.23
-203046.223    90.667    12.75    5.48
-202669.098    94.297     9.62    6.77
-202291.900    95.749     3.85    8.51
-201914.629    94.567    -3.13   10.25
-201537.285    92.533    -5.39   10.07
-201159.868    91.358    -3.11    7.10
-200782.378    94.776     9.05   10.09
-200404.815   101.584    18.03   12.37
-200027.179   108.804    19.11    9.37
-199649.470   113.323    11.96    5.31
-199271.688   114.539     3.22    4.69
-198893.833   115.102     1.49    5.97
-198515.904   113.903    -3.17    7.28
-198137.902   113.056    -2.24    6.80
-197759.827   111.587    -3.88    6.28
-197381.679   108.533    -8.08    5.35
-197003.457   105.791    -7.25    5.83
-196625.161   102.854    -7.76    6.15
-196246.792    99.412    -9.10    6.80
-195868.350    96.463    -7.79    6.58
-195489.834    93.468    -7.91    5.49
-195111.245    90.742    -7.20    4.32
-194732.581    88.649    -5.53    5.26
-194353.844    86.409    -5.91    5.80
-193975.034    84.265    -5.66    5.77
-193596.149    81.924    -6.18    5.39
-193217.191    79.430    -6.58    5.07
-192838.159    78.235    -3.15    5.59
-192459.053    78.630     1.04    6.87
-192079.873    79.776     3.02    7.70
-191700.619    81.498     4.54    6.26
-191321.291    82.520     2.69    4.13
-190941.889    80.794    -4.55    4.16
-190562.412    79.613    -3.11    3.75
-190182.862    79.975     0.95    3.37
-189803.237    81.342     3.60    3.42
-189423.538    81.579     0.62    3.00
-189043.765    80.478    -2.90    3.51
-188663.918    77.498    -7.84    4.52
-188283.996    74.814    -7.06    3.49
-187903.999    74.221    -1.56    4.18
-187523.929    75.567     3.54    6.10
-187143.783    77.573     5.28    6.01
-186763.563    76.974    -1.57    7.07
-186383.269    73.195    -9.94    8.67
-186002.900    67.828   -14.11    8.49
-185630.064    62.788   -13.52    8.46
-185263.885    58.521   -11.65    7.53
-184897.637    56.418    -5.74    6.23
-184531.321    56.055    -0.99    6.31
-184164.936    55.873    -0.50    6.64
-183798.483    55.414    -1.25    5.92
-183431.961    54.885    -1.44    5.58
-183065.371    55.563     1.85    6.62
-182698.712    57.976     6.58    8.77
-182331.984    60.378     6.55    9.37
-181965.188    63.169     7.61    9.79
-181598.323    64.575     3.83    9.82
-181231.389    64.933     0.98    9.78
-180864.386    64.116    -2.22    9.77
-180497.314    62.486    -4.44    9.59
-180130.174    60.184    -6.27    9.01
-179762.964    57.597    -7.04    8.41
-179395.685    56.089    -4.11    6.98
-179028.338    55.248    -2.29    5.25
-178660.921    54.707    -1.47    3.52
-178293.435    55.800     2.97    2.00
-177925.880    56.623     2.24    2.23
-177558.256    57.116     1.34    2.30
-177190.563    56.821    -0.80    2.77
-176822.800    56.045    -2.11    3.73
-176454.968    52.635    -9.27    5.86
-176087.067    48.242   -11.94    6.47
-175719.096    47.010    -3.35    5.70
-175351.056    46.635    -1.02    4.68
-174982.947    47.419     2.13    4.39
-174614.767    46.442    -2.65    5.87
-174246.519    35.839   -28.79   17.15
-173878.201    26.544   -25.23   17.41
-173509.813    27.338     2.16   19.48
-173141.355    38.498    30.28   27.26
-172772.828    58.056    53.06   24.76
-172404.231    72.009    37.85   14.42
-172035.564    77.335    14.44    8.39
-171666.828    76.578    -2.05    7.97
-171298.021    73.406    -8.60    8.70
-170929.145    70.125    -8.89    9.07
-170560.199    66.655    -9.40    7.70
-170191.183    64.710    -5.27    6.84
-169822.096    63.728    -2.66    7.57
-169452.940    57.837   -15.95   16.98
-169083.714    50.675   -19.39   21.76
-168714.417    40.442   -27.71   21.79
-168345.051    31.715   -23.62   15.72
-167975.614    26.714   -13.53    9.46
-167606.106    23.830    -7.80    9.18
-167236.529    23.873     0.12    8.97
-166866.881    25.544     4.52    9.93
-166497.163    30.621    13.73   10.11
-166127.374    36.033    14.63    6.12
-165757.515    38.469     6.59    1.93
-165387.586    39.114     1.74    2.12
-165017.586    40.556     3.90    3.04
-164647.515    42.805     6.08    4.53
-164277.374    45.905     8.37    5.64
-163907.162    48.134     6.02    5.83
-163536.879    49.138     2.71    4.51
-163166.526    49.464     0.88    3.44
-162796.102    50.274     2.18    3.53
-162425.607    52.550     6.14    5.10
-162055.041    56.996    12.00    6.15
-161684.404    62.021    13.56    6.64
-161313.696    67.252    14.11    6.81
-160942.918    71.471    11.38    6.23
-160572.068    73.900     6.55    6.29
-160201.147    73.851    -0.13    8.15
-159830.156    73.303    -1.48    8.66
-159459.093    72.033    -3.42    8.20
-159087.958    69.847    -5.89    7.42
-158716.753    67.203    -7.12    5.86
-158345.476    63.814    -9.13    5.68
-157974.128    59.317   -12.11    6.39
-157602.709    54.454   -13.09    7.16
-157231.218    48.819   -15.17    7.10
-156859.656    44.283   -12.21    6.08
-156488.023    40.788    -9.40    3.88
-156116.317    40.419    -0.99    2.81
-155744.541    40.614     0.52    2.87
-155372.693    41.033     1.13    2.70
-155000.773    41.354     0.87    2.55
-154628.781    40.193    -3.12    3.41
-154256.718    39.649    -1.46    3.28
-153884.583    38.883    -2.06    3.00
-153512.376    38.780    -0.28    2.83
-153140.097    39.885     2.97    3.88
-152767.747    41.091     3.24    5.90
-152395.324    42.166     2.88    8.00
-152022.830    44.242     5.57    9.50
-151650.263    45.237     2.67    9.64
-151277.625    47.461     5.97    9.12
-150904.914    47.351    -0.30    8.30
-150532.132    47.128    -0.60    6.63
-150159.277    47.318     0.51    4.09
-149786.350    47.898     1.56    2.19
-149413.350    47.460    -1.18    2.38
-149040.278    45.740    -4.61    3.50
-148667.134    43.331    -6.45    5.11
-148293.918    40.581    -7.37    5.44
-147920.629    37.476    -8.32    6.01
-147547.268    34.033    -9.22    5.36
-147173.834    28.910   -13.72    7.82
-146800.328    23.789   -13.71    8.48
-146426.749    20.433    -8.98    8.42
-146053.097    18.502    -5.16    7.82
-145679.373    18.711     0.56    9.15
-145305.576    21.606     7.74   10.52
-144931.706    23.828     5.94   10.78
-144557.764    23.069    -2.03   12.07
-144183.749    19.711    -8.98   12.72
-143809.660    17.985    -4.61   12.40
-143435.499    17.833    -0.41   11.71
-143061.265    18.727     2.39   10.97
-142686.958    20.533     4.82    9.86
-142312.578    21.444     2.44   10.47
-141938.124    22.783     3.57   12.14
-141563.598    25.259     6.61   13.03
-141188.998    29.942    12.50   12.10
-140814.325    35.221    14.09    7.02
-140439.579    39.377    11.09    3.60
-140064.760    42.358     7.95    3.83
-139689.867    44.477     5.65    4.31
-139314.901    45.974     3.99    5.52
-138939.861    47.328     3.61    7.23
-138564.748    47.318    -0.03    7.93
-138189.561    45.703    -4.30    8.72
-137814.301    41.485   -11.24   11.38
-137438.967    37.248   -11.29   12.31
-137063.560    31.703   -14.77   14.37
-136688.079    28.221    -9.27   15.72
-136312.524    23.962   -11.34   17.64
-135936.895    20.544    -9.10   16.92
-135561.193    18.762    -4.74   15.19
-135185.416    18.805     0.12   13.67
-134809.566    21.545     7.29   12.92
-134433.642    27.464    15.75   13.44
-134057.643    37.719    27.27   12.72
-133681.571    45.555    20.83   13.25
-133305.425    53.175    20.26   13.75
-132929.204    59.384    16.50   14.25
-132552.909    65.140    15.29   16.47
-132176.541    69.123    10.58   16.15
-131800.097    71.313     5.82   15.71
-131423.580    73.146     4.87   14.23
-131046.988    72.533    -1.63   11.78
-130670.322    74.089     4.13   11.07
-130293.581    76.711     6.96   13.96
-129916.766    77.899     3.15   15.78
-129539.876    80.362     6.53   17.28
-129162.912    83.912     9.42   18.26
-128785.873    83.044    -2.30   17.90
-128408.760    83.320     0.73   13.90
-128031.572    84.816     3.97   12.87
-127654.309    91.224    16.98   17.12
-127276.971   101.866    28.20   17.12
-126899.558   109.408    19.98   13.67
-126522.071   114.856    14.43   10.13
-126144.509   112.988    -4.95    8.67
-125766.871   108.389   -12.18    9.20
-125389.159   104.864    -9.33    9.63
-125011.372    99.591   -13.96    9.90
-124633.509    94.810   -12.65   13.52
-124255.572    92.079    -7.23   14.43
-123877.559    90.594    -3.93   13.70
-123499.471    89.504    -2.88   13.20
-123121.307    92.695     8.44   10.93
-122743.069    90.964    -4.58   13.43
-122364.755    85.066   -15.59   12.51
-121986.366    83.159    -5.04   11.73
-121607.901    86.021     7.56   12.41
-121229.360    89.964    10.42   12.87
-120850.744    95.794    15.40   14.67
-120472.053    98.122     6.15   17.42
-120093.286    99.305     3.12   18.18
-119714.443   100.344     2.74   16.49
-119335.525   103.010     7.03   13.34
-118956.530   110.599    20.02   13.05
-118577.460   115.137    11.97   10.36
-118198.314   111.419    -9.81   13.99
-117819.093   102.580   -23.31   20.78
-117439.795    92.442   -26.73   21.33
-117060.421    86.129   -16.64   18.78
-116680.971    79.055   -18.64   16.43
-116301.445    76.925    -5.61   13.00
-115921.843    85.576    22.79   18.08
-115542.165    96.247    28.10   17.79
-115162.411   104.626    22.06   11.00
-114782.580   109.268    12.22    6.23
-114402.673   107.271    -5.26    8.14
-114022.690   107.033    -0.63    7.61
-113642.630   107.358     0.86    6.92
-113262.494   105.860    -3.94    7.56
-112882.281   105.291    -1.50    7.55
-112501.992   105.351     0.16    7.16
-112121.626   106.313     2.53    6.15
-111741.184   107.487     3.08    4.30
-111360.664   108.294     2.12    3.05
-110983.162   107.662    -1.67    4.14
-110617.201   106.828    -2.28    4.73
-110251.171   107.271     1.21    5.56
-109885.070   109.373     5.74    6.63
-109518.900   109.652     0.76    6.63
-109152.659   106.370    -8.96    8.96
-108786.347   103.069    -9.01    9.88
-108419.966   103.527     1.25    9.23
-108053.514   105.473     5.31    8.70
-107686.992   106.977     4.10    7.77
-107320.399   109.239     6.17    6.42
-106953.736   109.633     1.07    5.97
-106587.003   109.214    -1.14    6.22
-106220.199   110.419     3.28    5.99
-105853.324   110.201    -0.59    5.80
-105486.379   109.313    -2.42    6.60
-105119.363   108.010    -3.55    6.32
-104752.277   107.715    -0.80    5.77
-104385.120   108.923     3.29    6.32
-104017.892   109.890     2.63    5.99
-103650.593   106.760    -8.52    6.95
-103283.223   104.009    -7.49    6.97
-102915.782   101.448    -6.97    5.05
-102548.271   101.423    -0.07    4.68
-102180.688   101.819     1.08    4.48
-101813.035   101.885     0.18    5.23
-101445.310   100.544    -3.65    6.16
-101077.515    98.134    -6.55    7.63
-100709.648    93.320   -13.08    9.44
-100341.710    90.976    -6.37    9.79
 -99973.701    88.315    -7.23    9.60
 -99605.620    87.639    -1.84   12.31
 -99237.469    87.699     0.16   12.76
 -98869.246    91.810    11.16   14.62
 -98500.951    94.640     7.68   15.51
 -98132.585    97.780     8.52   14.00
 -97764.148    98.205     1.15   14.80
 -97395.639    94.833    -9.15   14.57
 -97027.059    91.653    -8.63   12.97
 -96658.407    89.302    -6.38    9.99
 -96289.683    89.044    -0.70    7.45
 -95920.888    87.639    -3.81    7.82
 -95552.021    84.510    -8.48    9.89
 -95183.082    82.594    -5.19   12.07
 -94814.071    82.844     0.68   12.11
 -94444.989    83.389     1.48   11.38
 -94075.834    81.201    -5.93    9.63
 -93706.608    80.141    -2.87    7.86
 -93337.310    79.819    -0.87    8.51
 -92967.940    81.449     4.41    8.99
 -92598.497    84.864     9.24    7.12
 -92228.983    86.347     4.01    5.06
 -91859.397    86.833     1.32    4.44
 -91489.738    86.089    -2.01    4.57
 -91120.007    84.644    -3.91    4.50
 -90750.204    83.793    -2.30    3.61
 -90380.328    83.410    -1.04    2.83
 -90010.381    82.344    -2.88    3.86
 -89640.361    78.021   -11.68    6.49
 -89270.268    74.448    -9.65    5.75
 -88900.103    73.760    -1.86    4.71
 -88529.865    75.510     4.73    5.46
 -88159.555    79.201     9.97    5.51
 -87789.172    82.448     8.77    4.59
 -87418.717    81.579    -2.35    5.58
 -87048.189    78.252    -8.98    7.46
 -86677.588    74.414   -10.36    6.88
 -86306.915    71.639    -7.48    4.54
 -85936.168    69.406    -6.02    3.21
 -85565.349    69.886     1.30    3.69
 -85194.457    71.764     5.06    4.60
 -84823.492    73.819     5.54    4.91
 -84452.454    75.915     5.65    4.13
 -84081.343    75.977     0.17    3.94
 -83710.159    75.737    -0.65    3.81
 -83338.901    75.886     0.40    3.66
 -82967.571    75.472    -1.12    3.61
 -82596.167    74.077    -3.76    4.65
 -82224.691    72.175    -5.12    5.08
 -81853.141    69.366    -7.56    3.92
 -81481.517    68.134    -3.32    3.19
 -81109.820    68.158     0.06    3.32
 -80738.050    68.110    -0.13    2.92
 -80366.206    67.633    -1.28    2.55
 -79994.289    66.977    -1.76    2.97
 -79622.299    65.606    -3.69    2.69
 -79250.234    64.933    -1.81    3.13
 -78878.096    65.010     0.21    3.65
 -78505.885    65.428     1.12    3.75
 -78133.600    66.916     4.00    4.67
 -77761.240    69.644     7.32    5.31
 -77388.808    71.854     5.93    5.31
 -77016.301    71.955     0.27    5.47
 -76643.720    70.247    -4.58    5.74
 -76271.066    67.583    -7.15    4.64
 -75898.337    65.129    -6.58    3.31
 -75525.535    64.877    -0.68    3.44
 -75152.658    64.691    -0.50    3.50
 -74779.708    62.923    -4.74    3.73
 -74406.683    61.630    -3.46    3.39
 -74033.584    60.648    -2.63    3.77
 -73660.411    59.482    -3.12    4.46
 -73287.163    57.516    -5.27    4.34
 -72913.841    55.866    -4.42    3.39
 -72540.445    54.577    -3.45    2.93
 -72166.974    53.155    -3.81    3.21
 -71793.429    51.797    -3.64    2.75
 -71419.810    51.722    -0.20    2.54
 -71046.115    50.744    -2.62    3.55
 -70672.347    49.768    -2.61    3.13
 -70298.503    48.844    -2.47    3.43
 -69924.585    48.976     0.35    4.21
 -69550.592    49.718     1.98    4.28
 -69176.525    50.333     1.64    4.30
 -68802.383    51.455     3.00    3.67
 -68428.165    52.707     3.35    2.05
 -68053.873    53.169     1.23    1.66
 -67679.506    52.659    -1.36    1.85
 -67305.064    51.703    -2.55    2.37
 -66930.547    52.366     1.77    3.24
 -66555.955    53.385     2.72    3.83
 -66181.287    54.703     3.52    3.86
 -65806.545    55.771     2.85    3.43
 -65431.727    55.855     0.22    3.35
 -65056.834    55.872     0.04    3.23
 -64681.866    56.066     0.52    2.63
 -64306.823    58.159     5.58    3.27
 -63931.704    59.655     3.99    3.78
 -63556.509    60.399     1.98    3.51
 -63181.239    59.681    -1.91    4.49
 -62805.894    56.621    -8.15    5.98
 -62430.473    53.155    -9.23    7.64
 -62054.976    50.544    -6.95    7.53
 -61679.404    47.788    -7.34    5.80
 -61303.756    46.167    -4.31    4.59
 -60928.032    46.593     1.13    4.00
 -60552.232    45.830    -2.03    5.00
 -60176.357    43.329    -6.65    5.30
 -59800.406    40.688    -7.03    4.85
 -59424.378    37.769    -7.76    4.28
 -59048.275    34.619    -8.38    4.20
 -58672.096    30.366   -11.30    7.30
 -58295.840    23.385   -18.55    9.91
 -57919.509    17.466   -15.73    9.59
 -57543.101    11.699   -15.32    6.17
 -57166.618     9.648    -5.45    3.01
 -56790.057     9.642    -0.02    3.10
 -56413.421    10.859     3.23    4.36
 -56036.708    13.504     7.02    5.82
 -55659.919    16.835     8.84    6.39
 -55283.054    20.266     9.10    6.28
 -54906.111    21.494     3.26    5.43
 -54529.093    20.747    -1.98    5.15
 -54151.998    19.277    -3.90    5.11
 -53774.826    18.033    -3.30    3.57
 -53397.577    17.288    -1.97    3.53
 -53020.252    17.109    -0.47    3.94
 -52642.850    15.912    -3.17    4.28
 -52265.371    14.855    -2.80    4.76
 -51887.816    13.813    -2.76    5.14
 -51510.183    11.771    -5.41    5.07
 -51132.474    10.362    -3.73    4.87
 -50754.687     8.305    -5.44    3.33
 -50376.824     7.188    -2.96    1.09
 -49998.883     6.999    -0.50    0.18
 -49620.865     6.855    -0.38    0.38
 -49242.770     6.633    -0.59    0.49
 -48864.598     6.428    -0.54    0.49
 -48486.348     6.221    -0.55    0.39
 -48108.022     6.077    -0.38    0.21
 -47729.618     6.033    -0.12    0.00
 -47351.136     6.033     0.00    0.00
 -46972.577     6.033     0.00    0.00
 -46593.940     6.033     0.00    0.00
 -46215.226     6.824     2.09    2.78
 -45836.434     9.619     7.38    8.16
 -45457.565    12.033     6.37   11.79
 -45078.618    12.757     1.91   12.64
 -44699.593    10.406    -6.20    9.25
 -44320.491     7.612    -7.37    2.76
 -43941.310    10.021     6.35    9.00
 -43562.052    19.881    26.00   20.26
 -43182.715    35.819    42.01   25.59
 -42803.301    50.905    39.76   23.60
 -42423.809    66.033    39.86   14.93
 -42044.238    74.809    23.12   10.68
 -41664.590    82.630    20.60   13.98
 -41284.863    89.585    18.32   13.61
 -40905.058    94.472    12.87    9.76
 -40525.175   102.456    21.02   14.31
 -40145.214   112.272    25.83   19.29
 -39765.174   120.385    21.35   18.33
 -39385.055   121.402     2.67   16.08
 -39004.859   119.066    -6.14   13.43
 -38624.583   115.197   -10.17   10.22
 -38244.229   114.399    -2.10    8.29
 -37863.797   118.274    10.19    7.68
 -37483.286   121.761     9.16    6.76
 -37102.696   123.866     5.53    5.55
 -36722.028   124.635     2.02    4.62
 -36341.280   124.844     0.55    4.10
 -35973.738   123.420    -3.87    4.66
 -35607.930   121.670    -4.78    5.47
 -35242.050   119.504    -5.92    5.62
 -34876.098   116.783    -7.44    4.41
 -34510.074   115.242    -4.21    3.82
 -34143.978   114.206    -2.83    3.63
 -33777.810   111.583    -7.16    5.06
 -33411.570   104.923   -18.19    9.34
 -33045.258    99.370   -15.16    9.40
 -32678.874    93.599   -15.75    6.80
 -32312.418    88.783   -13.14    4.82
 -31945.890    85.488    -8.99    5.21
 -31579.289    82.428    -8.35    7.13
 -31212.616    78.347   -11.13    7.28
 -30845.871    76.717    -4.44    6.16
 -30479.053    75.684    -2.82    5.08
 -30112.163    74.377    -3.56    2.90
 -29745.201    73.855    -1.42    2.59
 -29378.166    71.666    -5.96    3.32
 -29011.059    68.538    -8.52    5.75
 -28643.879    64.277   -11.60    6.72
 -28276.626    59.914   -11.88    6.95
 -27909.301    54.623   -14.40    7.36
 -27541.902    48.744   -16.00    8.44
 -27174.432    42.680   -16.50    7.09
 -26806.888    38.456   -11.49    5.45
 -26439.272    35.184    -8.90    2.59
 -26071.582    34.318    -2.35    2.99
 -25703.820    35.405     2.95    5.25
 -25335.985    38.120     7.38    7.89
 -24968.077    41.248     8.50    8.65
 -24600.096    43.450     5.98    9.08
 -24232.041    45.813     6.42    8.23
 -23863.914    46.488     1.83    7.18
 -23495.713    47.804     3.57    6.19
 -23127.439    48.493     1.87    5.33
 -22759.092    47.108    -3.76    4.79
 -22390.672    45.162    -5.28    3.99
 -22022.178    43.774    -3.77    3.64
 -21653.611    41.468    -6.26    3.50
 -21284.970    39.630    -4.98    3.95
 -20916.256    38.385    -3.38    4.29
 -20547.468    36.348    -5.52    4.87
 -20178.607    35.567    -2.12    5.14
 -19809.672    35.769     0.55    4.93
 -19440.664    35.466    -0.82    4.10
 -19071.581    34.785    -1.84    3.48
 -18702.426    33.747    -2.81    2.91
 -18333.196    32.688    -2.87    2.58
 -17963.892    32.398    -0.79    2.89
 -17594.515    32.561     0.44    3.55
 -17225.063    32.250    -0.84    3.65
 -16855.538    32.440     0.51    3.32
 -16485.939    31.837    -1.63    3.09
 -16116.265    30.711    -3.05    3.09
 -15746.518    28.699    -5.44    4.15
 -15376.696    25.307    -9.17    4.83
 -15006.800    21.077   -11.44    6.01
 -14636.830    16.129   -13.37    6.82
 -14266.786    10.244   -15.91    6.59
 -13896.667     6.296   -10.67    4.97
 -13526.474     3.214    -8.33    3.41
 -13156.207     0.957    -6.10    2.86
 -12785.865    -0.195    -3.11    2.78
 -12415.448    -0.363    -0.45    2.86
 -12044.957     0.521     2.39    3.74
 -11674.392     1.153     1.71    3.79
 -11303.752     0.515    -1.72    3.67
 -10933.037    -0.828    -3.62    2.92
 -10562.247    -1.130    -0.82    2.43
 -10191.383    -0.077     2.84    2.88
  -9820.444     0.389     1.26    3.16
  -9449.430    -0.098    -1.31    4.17
  -9078.341    -1.490    -3.75    5.33
  -8707.177    -3.398    -5.14    5.17
  -8335.938    -4.979    -4.26    4.31
  -7964.624    -5.956    -2.63    3.73
  -7593.235    -6.679    -1.94    2.73
  -7221.771    -6.279     1.07    3.00
  -6850.232    -5.023     3.38    3.63
  -6478.618    -3.634     3.74    3.48
  -6106.928    -2.870     2.06    3.76
  -5735.163    -2.055     2.19    3.52
  -5363.322    -0.967     2.93    2.06
  -4991.407    -0.381     1.58    1.11
  -4619.415    -0.174     0.56    0.88
  -4247.349     0.056     0.62    0.15
  -3875.206     0.033    -0.06    0.00
  -3502.989     0.033     0.00    0.00
  -3130.695     0.033     0.00    0.00
  -2758.326     0.033     0.00    0.00
  -2385.881     0.033     0.00    0.00
  -2013.360     0.033     0.00    0.00
  -1640.764     0.033     0.00    0.00
  -1268.092     0.033     0.00    0.00
   -895.344     0.033     0.00    0.00
   -522.519     0.033     0.00    0.00
   -149.619     0.033     0.00    0.00
    223.357     0.033     0.00    0.00
    596.409     0.033     0.00    0.00
    969.538     0.033     0.00    0.00
   1342.742    -0.158    -0.51    0.40
   1716.023    -0.413    -0.68    0.50
   2089.380    -0.695    -0.75    0.45
   2462.813    -0.892    -0.53    0.27
   2836.323    -0.967    -0.20    0.00
   3209.909    -1.064    -0.26    0.30
   3583.572    -1.305    -0.64    0.48
   3957.311    -1.489    -0.49    0.50
   4331.127    -1.638    -0.40    0.47
   4705.019    -1.641    -0.01    0.47
   5078.988    -1.497     0.39    0.55
   5453.033    -0.032     3.92    3.90
   5827.156     4.262    11.48    8.83
   6201.355    11.033    18.09   11.15
   6575.631    17.135    16.30    9.74
   6949.984    19.947     7.51    6.58
   7324.413    19.699    -0.66    6.01
   7698.920    16.926    -7.40    5.01
   8073.504    14.975    -5.21    2.35
   8448.164    16.181     3.22    3.58
   8822.902    18.067     5.03    3.99
   9197.717    19.511     3.85    3.76
   9572.610    19.977     1.24    3.74
   9947.579    19.902    -0.20    3.35
  10322.626    19.555    -0.93    3.79
  10697.750    20.424     2.32    3.94
  11072.952    21.388     2.57    3.32
  11448.231    21.183    -0.55    3.55
  11823.587    21.054    -0.34    3.84
  12199.021    21.230     0.47    3.98
  12574.533    22.140     2.42    3.85
  12950.122    22.835     1.85    3.11
  13325.789    23.839     2.67    2.84
  13701.533    25.549     4.55    3.91
  14077.356    27.409     4.95    5.06
  14453.256    28.736     3.53    5.02
  14829.234    29.312     1.53    4.63
  15205.290    30.516     3.20    4.15
  15581.424    32.291     4.72    4.03
  15957.636    34.380     5.55    3.61
  16333.926    36.348     5.23    2.60
  16710.294    37.739     3.70    2.65
  17086.741    38.291     1.47    3.55
  17463.265    37.652    -1.70    4.28
  17839.868    36.871    -2.07    4.68
  18216.549    35.850    -2.71    5.43
  18593.308    36.391     1.44    5.99
  18970.146    38.624     5.92    6.96
  19347.063    41.783     8.38    7.50
  19724.057    43.366     4.20    8.26
  20101.131    42.924    -1.17    8.31
  20478.283    42.828    -0.25    7.16
  20855.513    43.758     2.46    5.98
  21232.822    46.344     6.86    5.65
  21610.210    50.055     9.83    4.79
  21987.677    52.366     6.12    4.90
  22365.223    52.977     1.62    4.97
  22742.847    52.731    -0.65    5.95
  23120.551    52.846     0.30    6.14
  23498.333    52.258    -1.55    6.07
  23876.194    51.913    -0.91    5.82
  24254.135    49.753    -5.72    6.40
  24632.155    48.054    -4.49    6.95
  25010.253    47.405    -1.72    7.22
  25388.431    48.043     1.69    6.90
  25766.689    50.728     7.10    7.76
  26145.025    54.667    10.41    8.74
  26523.441    59.565    12.94    8.47
  26901.937    64.022    11.77    7.07
  27280.512    66.033     5.31    5.15
  27659.166    66.366     0.88    4.39
  28037.900    66.120    -0.65    4.03
  28416.714    66.398     0.73    4.07
  28795.607    66.945     1.44    3.88
  29174.580    67.484     1.42    3.64
  29553.633    67.000    -1.28    3.65
  29932.766    65.893    -2.92    4.01
  30311.978    65.359    -1.41    3.47
  30691.271    66.549     3.14    4.27
  31070.643    70.366    10.06    5.78
  31450.095    75.109    12.50    6.75
  31829.628    80.667    14.65    7.62
  32209.241    84.813    10.92    6.75
  32588.933    89.258    11.71    6.22
  32968.706    94.199    13.01    7.19
  33348.560    99.958    15.16    9.22
  33728.493   105.177    13.74    8.18
  34108.507   107.896     7.15    5.57
  34488.601   107.703    -0.51    4.69
  34868.776   104.618    -8.12    5.77
  35249.032    99.976   -12.21    7.10
  35629.368    94.128   -15.38    8.73
  36009.784    87.453   -17.55    9.41
  36390.281    80.592   -18.03    9.01
  36770.859    75.612   -13.08    6.53
  37151.518    72.205    -8.95    5.40
  37532.258    70.803    -3.68    6.26
  37913.078    70.699    -0.27    6.70
  38293.980    71.896     3.14    7.26
  38666.574    74.902     8.07    7.40
  39032.156    78.253     9.17    6.80
  39397.811    79.043     2.16    5.42
  39763.539    77.604    -3.94    5.85
  40129.341    72.217   -14.73    8.93
  40495.217    65.882   -17.32    8.87
  40861.167    60.635   -14.34    5.68
  41227.190    60.086    -1.50    4.90
  41593.288    63.166     8.41    6.07
  41959.459    67.463    11.73    5.70
  42325.704    71.730    11.65    4.63
  42692.022    76.721    13.62    5.84
  43058.415    81.131    12.04    6.69
  43424.882    86.785    15.43    7.33
  43791.423    92.926    16.75    7.64
  44158.038    99.861    18.92    9.09
  44524.727   106.748    18.78   10.80
  44891.490   114.131    20.13    9.61
  45258.328   119.192    13.80    8.12
  45625.240   123.262    11.09    5.86
  45992.226   124.645     3.77    5.92
  46359.287   124.919     0.75    7.10
  46726.422   126.241     3.60    7.95
  47093.631   128.140     5.17    8.18
  47460.915   130.739     7.08    8.66
  47828.274   132.352     4.39    8.41
  48195.707   133.848     4.07    6.94
  48563.215   134.913     2.90    5.20
  48930.797   137.639     7.42    6.13
  49298.454   141.355    10.11    7.44
  49666.186   144.963     9.81    6.19
  50033.993   144.205    -2.06    6.45
  50401.875   141.219    -8.11    7.08
  50769.831   137.108   -11.17    7.06
  51137.863   133.937    -8.62    5.11
  51505.969   132.172    -4.79    4.51
  51874.151   131.543    -1.71    6.34
  52242.408   131.645     0.28    8.70
  52610.740   132.384     2.00   10.44
  52979.147   133.794     3.83   12.47
  53347.629   134.710     2.49   13.61
  53716.187   133.951    -2.06   14.22
  54084.820   129.785   -11.30   15.80
  54453.528   125.989   -10.30   16.90
  54822.312   123.352    -7.15   16.57
  55191.171   122.926    -1.15   16.75
  55560.105   123.416     1.33   15.19
  55929.116   121.652    -4.78   13.55
  56298.201   118.447    -8.68   11.31
  56667.363   116.904    -4.18    9.29
  57036.600   116.318    -1.59    6.77
  57405.913   119.064     7.44    6.42
  57775.302   123.538    12.11    7.60
  58144.766   130.151    17.90    9.39
  58514.307   135.351    14.07    7.73
  58883.923   137.248     5.13    5.49
  59253.615   136.565    -1.85    5.98
  59623.384   133.181    -9.15    5.46
  59993.228   131.066    -5.72    3.49
  60363.149   130.650    -1.13    2.80
  60733.145   131.739     2.94    3.17
  61103.218   133.979     6.05    3.19
  61473.367   136.224     6.06    6.36
  61843.593   138.307     5.63   10.01
  62213.895   137.607    -1.89   11.40
  62584.273   136.133    -3.98   12.70
  62954.727   131.685   -12.01   11.79
  63325.259   127.066   -12.47    8.24
  63695.866   126.348    -1.94    6.50
  64066.550   125.923    -1.15    5.55
  64437.311   127.064     3.08    5.34
  64808.149   127.022    -0.11    5.34
  65179.063   125.902    -3.02    5.40
  65550.054   124.916    -2.66    5.62
  65921.122   124.685    -0.62    5.18
  66292.267   124.612    -0.20    4.88
  66663.488   124.935     0.87    4.50
  67034.787   125.742     2.17    4.16
  67406.162   127.758     5.43    4.87
  67777.615   131.288     9.50    6.03
  68149.145   135.630    11.69    6.48
  68520.751   138.139     6.75    5.51
  68892.436   138.216     0.21    6.32
  69264.197   133.799   -11.88    9.03
  69636.035   127.799   -16.13    8.61
  70007.951   123.914   -10.45    5.17
  70379.945   123.511    -1.08    5.52
  70752.015   126.517     8.08    7.69
  71124.164   130.233     9.99    8.34
  71496.389   133.412     8.54    8.02
  71868.693   133.926     1.38    7.94
  72241.074   129.979   -10.60   10.44
  72613.532   123.812   -16.56   12.56
  72986.069   116.033   -20.88    9.54
  73358.683   112.896    -8.42    5.73
  73731.375   113.549     1.75    5.79
  74104.145   118.748    13.95    8.37
  74476.992   126.121    19.78    9.83
  74849.918   134.285    21.89   11.09
  75222.922   142.260    21.38    8.20
  75596.003   146.841    12.28    4.28
  75969.163   148.527     4.52    3.03
  76342.401   147.706    -2.20    3.73
  76715.718   145.516    -5.87    3.66
  77089.112   142.309    -8.59    5.10
  77462.585   139.304    -8.05    5.90
  77836.136   136.128    -8.50    5.99
  78209.766   132.494    -9.73    6.07
  78583.474   128.210   -11.47    6.78
  78957.260   126.065    -5.74    7.15
  79331.125   124.820    -3.33    6.71
  79705.069   127.405     6.91    6.14
  80079.091   132.108    12.57    8.52
  80453.192   139.741    20.40   11.95
  80827.372   148.533    23.50   11.94
  81201.630   152.633    10.96    7.93
  81575.967   153.576     2.52    6.55
  81950.384   150.033    -9.46    8.43
  82324.879   142.435   -20.29    7.94
  82699.453   136.241   -16.54    7.80
  83074.106   130.482   -15.37    5.97
  83448.839   127.948    -6.76    4.91
  83823.650   127.476    -1.26    6.11
  84198.541   128.127     1.74    6.74
  84573.510   129.033     2.41    6.07
  84948.560   127.424    -4.29    5.34
  85323.688   124.239    -8.49    5.60
  85698.896   119.585   -12.41    6.32
  86074.183   114.933   -12.40    5.05
  86449.550   111.075   -10.28    3.64
  86824.996   108.670    -6.41    2.85
  87200.522   105.845    -7.52    3.70
  87576.128   103.560    -6.08    3.99
  87951.813   100.820    -7.29    3.64
  88327.578    98.925    -5.04    3.02
  88703.423    97.264    -4.42    2.77
  89079.347    95.511    -4.66    2.16
  89455.352    94.138    -3.65    1.84
  89831.436    93.652    -1.29    1.78
  90207.600    92.896    -2.01    1.75
  90583.845    91.916    -2.61    1.71
  90960.169    91.203    -1.89    1.81
  91336.574    90.341    -2.29    1.77
  91713.059    89.788    -1.47    1.69
  92089.624    88.437    -3.59    3.02
  92466.269    86.724    -4.55    3.79
  92842.995    84.990    -4.60    4.00
  93219.801    83.852    -3.02    3.23
  93596.688    84.001     0.40    2.99
  93973.655    85.767     4.68    3.10
  94350.702    86.947     3.13    2.99
  94727.830    85.735    -3.22    4.71
  95105.039    84.106    -4.32    5.60
  95482.329    83.183    -2.45    4.99
  95859.699    84.543     3.60    6.18
  96237.150    89.301    12.61    6.50
  96614.682    93.917    12.23    4.98
  96992.295    99.076    13.66    6.62
  97369.988   105.735    17.63    9.75
  97747.763   114.549    23.33   10.96
  98125.619   120.485    15.71    8.51
  98503.556   124.301    10.10    4.98
  98881.574   124.054    -0.66    5.37
  99259.673   120.654    -8.99    6.28
  99637.854   116.085   -12.08    7.12
 100016.116   110.641   -14.39    6.46
 100394.459   109.210    -3.78    5.12
 100772.884   110.630     3.75    6.35
 101151.390   114.855    11.16    7.49
 101529.977   120.554    15.05    5.71
 101908.647   123.293     7.23    4.53
 102287.397   125.818     6.67    4.81
 102666.230   128.180     6.24    5.46
 103045.144   132.664    11.84    7.61
 103424.140   138.001    14.08    8.51
 103803.218   144.630    17.49    8.25
 104182.378   150.543    15.60    7.07
 104561.619   155.194    12.26    5.84
 104940.943   158.001     7.40    5.50
 105320.349   158.957     2.52    6.67
 105699.837   157.585    -3.62    9.48
 106079.407   154.678    -7.66   11.52
 106459.059   151.822    -7.52   10.46
 106838.793   152.022     0.53   10.09
 107218.610   153.803     4.69    8.79
 107598.509   153.420    -1.01    8.50
 107978.490   148.803   -12.15   10.11
 108358.554   141.341   -19.64    9.83
 108738.701   134.201   -18.78    9.03
 109118.930   127.330   -18.07    9.91
 109499.242   122.916   -11.61   10.36
 109879.636   117.564   -14.07    9.30
 110260.113   113.682   -10.20    9.08
 110640.673   105.822   -20.66   10.94
 111021.316   100.128   -14.96   10.85
 111402.041    93.788   -16.65    9.54
 111782.850    88.678   -13.42    7.05
 112163.741    83.814   -12.77    6.25
 112544.716    79.675   -10.87    6.40
 112925.773    74.554   -13.44    6.07
 113303.836    69.618   -13.06    6.02
 113669.185    64.713   -13.43    6.22
 114034.609    61.012   -10.13    6.40
 114400.109    58.439    -7.04    7.21
 114765.684    58.001    -1.20    9.26
 115131.334    59.998     5.46   12.17
 115497.060    66.610    18.08   15.23
 115862.862    73.108    17.77   14.52
 116228.739    82.650    26.08   13.52
 116594.691    89.751    19.41   11.01
 116960.719    94.839    13.90    9.29
 117326.823    97.949     8.50    8.33
 117693.003    98.188     0.65    9.05
 118059.258    97.012    -3.21    9.60
 118425.589    97.735     1.97   10.81
 118791.996   100.126     6.53   12.44
 119158.479   102.309     5.96   12.67
 119525.038   103.969     4.53   13.06
 119891.673   100.949    -8.24   12.77
 120258.384   101.422     1.29   13.38
 120625.171   104.116     7.35   12.09
 120992.034   105.635     4.14    8.42
 121358.974   101.841   -10.34    8.76
 121725.990    96.609   -14.26    9.78
 122093.082    89.616   -19.05    9.10
 122460.250    83.596   -16.40    7.12
 122827.495    76.822   -18.45    7.76
 123194.816    70.939   -16.02    8.40
 123562.214    67.870    -8.35    8.28
 123929.688    68.063     0.53    9.62
 124297.239    71.413     9.11   10.23
 124664.866    74.053     7.18    7.44
 125032.570    72.334    -4.68    7.32
 125400.351    65.455   -18.70   11.40
 125768.208    56.601   -24.07   11.89
 126136.143    47.359   -25.12    9.54
 126504.154    41.327   -16.39    7.22
 126872.242    36.753   -12.43    3.67
 127240.407    34.980    -4.81    2.09
 127608.650    34.167    -2.21    1.38
 127976.969    34.424     0.70    1.30
 128345.365    34.312    -0.30    1.49
 128713.838    33.917    -1.07    1.46
 129082.389    33.464    -1.23    1.47
 129451.017    33.075    -1.06    1.30
 129819.722    32.783    -0.79    1.17
 130188.505    32.569    -0.58    1.00
 130557.365    32.228    -0.92    0.93
 130926.302    32.164    -0.17    1.35
 131295.317    32.222     0.16    1.94
 131664.409    32.123    -0.27    2.31
 132033.579    31.692    -1.17    2.57
 132402.827    31.075    -1.67    2.45
 132772.152    30.685    -1.06    2.35
 133141.555    30.352    -0.90    2.54
 133511.036    30.517     0.45    2.47
 133880.595    30.658     0.38    2.27
 134250.231    30.699     0.11    2.17
 134619.946    30.543    -0.42    1.95
 134989.738    29.815    -1.97    2.35
 135359.608    28.522    -3.50    2.99
 135729.557    26.280    -6.06    3.65
 136099.584    23.837    -6.60    4.42
 136469.688    19.839   -10.80    6.50
 136839.871    13.506   -17.11    9.29
 137210.133     6.522   -18.86    9.49
 137580.472     0.990   -14.94    5.69
 137950.890    -1.134    -5.73    3.16
 138321.387     0.616     4.72    4.66
 138691.962     3.439     7.62    5.66
 139062.615     7.402    10.69    4.79
 139433.347    10.280     7.76    3.46
 139804.157    12.135     5.00    3.09
 140175.047    13.393     3.39    3.43
 140546.015    14.217     2.22    3.09
 140917.061    14.355     0.37    2.25
 141288.187    14.220    -0.36    1.46
 141659.391    13.941    -0.75    1.33
 142030.674    13.622    -0.86    0.86
 142402.037    13.512    -0.30    0.92
 142773.478    13.710     0.53    1.17
 143144.998    14.213     1.36    1.04
 143516.598    14.641     1.15    0.98
 143888.276    15.109     1.26    1.38
 144260.034    14.961    -0.40    1.77
 144631.871    13.370    -4.28    3.60
 145003.787    10.598    -7.45    5.33
 145375.783     7.439    -8.49    4.86
 145747.858     4.754    -7.22    3.82
 146120.013     2.742    -5.41    3.84
 146492.247     1.206    -4.13    4.11
 146864.561    -0.584    -4.81    3.69
 147236.954    -0.487     0.26    3.69
