# NaN NaN NaN ;Mean Elev.(m), Avg Gradient(m/km), RMS Gradient(m/km) - SRTM1     
#   22.810  -0.213   2.104 ;Mean Elev.(m), Avg Gradient(m/km), RMS Gradient(m/km) - ASTER GDEM
#    5.627   0.417   3.366 ;Mean Elev.(m), Avg Gradient(m/km), RMS Gradient(m/km) - GMTED2010 
  9  52.883909  67.782443     3.351     3.351  2 52522.71020247 23.999
 10  52.868103  67.776870     0.919     0.954  3 52557.71025251 49.781
 11  52.874194  67.779181     0.500     0.495  3 52592.71024989 34.747
 12  52.872074  67.777182     1.652     1.704  4 52627.71016954 15.208
 13  52.877071  67.779796     1.480     1.366  3 52662.71021265 11.008
 14  52.868214  67.775078     1.156     1.105  3 52697.71018854 10.696
 17  52.864151  67.775961     3.790     3.751  3 52802.71023255 26.351
 18  52.873178  67.775600     3.619     3.878  3 52837.71029679 19.627
 19  52.875523  67.777930     1.991     2.129  3 52872.71033727 26.117
 20  52.883729  67.781309     3.628     3.628  2 52907.71032450 22.999
 21  52.871526  67.775586     0.952     0.944  3 52942.71025044 41.832
 23  52.879559  67.779283     0.747     0.747  2 53012.71030880 13.143
 24  52.868802  67.776121     1.208     0.999  3 53047.71027681 10.328
 25  52.875919  67.779286     4.158     4.215  3 53082.71031213  9.595
 27  52.871384  67.776749     3.668     3.657  4 53152.71033194 39.728
 28  52.879989  67.780563     3.462     3.462  2 53187.71031992 25.564
 32  52.878249  67.782345     0.712     0.712  2 53327.71030966 31.246
 34  52.872022  67.775404     1.324     1.271  3 53397.71028493 15.893
 36  52.868884  67.774936     0.737     0.514  3 53467.71031295 10.480
 37  52.875156  67.777099     0.289     0.324  3 53502.71036389 28.053
 39  52.877808  67.779397     3.283     3.283  2 53572.71036072 22.617
 40  52.890255  67.782038     3.381     3.381  2 53607.71030994 25.049
 41  52.866917  67.774865     3.643     3.917  3 53642.71031044 18.494
 42  52.875325  67.777646     2.245     2.248  3 53677.71032935 23.820
 45  52.881607  67.781249     1.326     1.326  2 53782.71020236  9.937
 47  52.865644  67.776840     2.486     2.438  3 53852.71024099  7.593
 48  52.880519  67.781810     3.508     3.508  2 53887.71024800 23.982
 49  52.868656  67.776438     3.539     3.546  4 53922.71031784 19.658
 50  52.875999  67.778176     2.717     2.717  2 53957.71031174 18.231
 51  52.859852  67.777523     3.184     3.184  2 53992.71023741 18.916
 52  52.871220  67.775198     0.991     0.981  3 54027.71029899 48.595
 53  52.882012  67.781564     1.785     1.785  2 54062.71029332 14.370
 54  52.886134  67.782838     1.359     1.359  2 54097.71026315 17.335
 57  52.867977  67.777048     1.952     2.150  3 54202.71021921 10.029
 58  52.877062  67.777971     2.965     3.018  3 54237.71025466 39.256
 59  52.879198  67.779771     3.544     3.544  2 54272.71027381 21.184
 60  52.875360  67.779860     3.024     3.142  3 54307.71027598 31.055
 62  52.871092  67.778695     1.032     1.036  3 54377.71021113 50.172
 64  52.867179  67.777290     0.877     0.886  3 54447.71017661 18.022
 66  52.869557  67.777703     1.594     1.717  3 54517.71019045 12.558
 67  52.882954  67.782735     4.016     4.016  2 54552.71020829  1.777
 68  52.876482  67.776638     3.225     3.075  3 54587.71018595  5.662
 69  52.875977  67.781667     5.096     5.096  2 54622.71020492 33.619
 70  52.875386  67.779760     1.504     1.504  2 54657.71021391 37.084
 72  52.872970  67.775739     3.132     2.846  3 54727.71016637 19.223
 73  52.876877  67.779878     2.961     2.636  3 54762.71017370 27.609
 74  52.866909  67.775331     0.785     0.760  4 54797.71015960 28.721
 76  52.869414  67.776139     1.573     1.717  4 54867.71015561 11.837
 77  52.882111  67.781664     1.792     1.792  2 54902.71017371  9.443
 78  52.875161  67.776049     3.089     3.127  3 54937.71014578  7.340
 79  52.874170  67.779436     2.284     2.286  3 54972.71017875 28.658
 80  52.876402  67.781377     3.754     3.754  2 55007.71019543 36.492
 81  52.876468  67.779980     3.257     3.184  3 55042.71018426 24.620
 83  52.874931  67.776020     3.229     3.031  3 55112.71011599 20.387
 84  52.875643  67.780619     0.203     0.203  2 55147.71011792 34.253
 85  52.867780  67.776133     1.508     1.479  4 55182.71009690 19.874
 86  52.880459  67.779898     1.066     1.066  2 55217.71011455 15.674
 87  52.871400  67.777619     0.437     0.430  3 55252.71009313 13.741
 88  52.883318  67.782467     0.428     0.428  2 55287.71010609 11.487
 89  52.876991  67.778915     2.254     2.254  2 55322.71008186 26.863
 90  52.875949  67.781801     3.337     3.337  2 55357.71008142 30.707
 91  52.873582  67.776280     3.598     3.468  3 55392.71008306 18.974
 92  52.877477  67.779176     3.394     3.394  2 55427.71009718 20.362
