# NaN NaN NaN ;Mean Elev.(m), Avg Gradient(m/km), RMS Gradient(m/km) - SRTM1     
#  -11.019  -0.955   4.779 ;Mean Elev.(m), Avg Gradient(m/km), RMS Gradient(m/km) - ASTER GDEM
#   30.000   0.135   1.130 ;Mean Elev.(m), Avg Gradient(m/km), RMS Gradient(m/km) - GMTED2010 
  7    14.423 52454.32548640 47.78  52.206957  65.723923 41.218
  7    14.380 52454.32548705 47.42  52.203827  65.720833 41.218
  7    14.355 52454.32548769 45.19  52.200687  65.717743 41.218
  7    14.346 52454.32548834 48.96  52.197567  65.714643 41.218
  7    14.511 52454.32548898 49.71  52.194437  65.711553 41.218
  8    11.717 52489.32546408 21.61  52.209897  65.720717 25.208
  8    11.534 52489.32546472 22.84  52.206767  65.717617 25.208
  8    11.596 52489.32546537 24.65  52.203643  65.714525 31.677
  8    11.676 52489.32546601 31.40  52.200513  65.711435 31.677
  8    11.757 52489.32546666 35.03  52.197383  65.708335 31.677
  8    11.798 52489.32546730 36.81  52.194253  65.705245 31.677
  9    13.425 52524.32543994 19.32  52.202400  65.725237  9.413
  9    12.669 52524.32544058 22.35  52.199270  65.722147  9.413
 10    10.985 52559.32549056 27.51  52.210279  65.718153 15.469
 10    11.610 52559.32549120 25.54  52.207149  65.715063 15.469
 10    11.751 52559.32549185 26.42  52.204019  65.711973 15.469
 10    11.864 52559.32549249 27.14  52.200889  65.708873 15.469
 10    11.891 52559.32549314 30.87  52.197759  65.705783 15.469
 11    12.397 52594.32549356 30.35  52.203281  65.722544 12.418
 11    12.242 52594.32549420 26.80  52.200151  65.719444 12.418
 13    13.042 52664.32545530 13.63  52.207318  65.721511  2.692
 13    12.959 52664.32545595 13.65  52.204188  65.718421  2.692
 13    12.900 52664.32545659 13.79  52.201058  65.715331  2.692
 13    13.059 52664.32545724 14.10  52.197928  65.712231  2.692
 13    13.491 52664.32545788 14.11  52.194803  65.709139  3.037
 14    12.041 52699.32543113 11.71  52.218929  65.709936  2.723
 14    12.243 52699.32543177 11.92  52.215799  65.706846  2.723
 14    12.773 52699.32543242 12.63  52.212669  65.703756  2.723
 14    13.074 52699.32543306 11.60  52.209549  65.700656  2.723
 14    12.850 52699.32543371 11.87  52.206419  65.697566  3.044
 14    13.305 52699.32543435 11.61  52.203289  65.694476  3.044
 14    13.706 52699.32543500 11.33  52.200159  65.691376  3.044
 14    14.304 52699.32543564 11.71  52.197039  65.688286  3.044
 14    15.266 52699.32543629 11.15  52.193909  65.685196  3.044
 15    16.116 52734.32545724 12.17  52.208772  65.717894  1.894
 15    15.438 52734.32545789 12.16  52.205642  65.714794  1.894
 15    14.670 52734.32545853 12.40  52.202522  65.711704  1.894
 15    14.137 52734.32545918 13.15  52.199392  65.708604  1.894
 15    14.553 52734.32545982 12.75  52.196262  65.705514  1.894
 16    11.639 52769.32545131 34.86  52.200604  65.727767 29.619
 16    11.623 52769.32545195 36.61  52.197464  65.724677 29.619
 16    11.582 52769.32545260 36.66  52.194334  65.721587 29.619
 17    14.495 52804.32548272 34.58  52.214543  65.712058 30.575
 17    14.524 52804.32548336 35.90  52.211413  65.708958 30.575
 17    14.802 52804.32548401 38.37  52.208283  65.705868 30.575
 17    14.752 52804.32548465 41.21  52.205153  65.702778 30.575
 17    14.931 52804.32548530 40.26  52.202023  65.699678 30.575
 17    15.150 52804.32548594 49.28  52.198893  65.696588 30.575
 18    12.782 52839.32554489 21.37  52.212310  65.713117 16.243
 18    12.316 52839.32554553 23.42  52.209180  65.710017 16.243
 18    12.278 52839.32554618 24.74  52.206050  65.706927 16.243
 18    13.010 52839.32554682 24.29  52.202920  65.703837 16.243
 18    13.326 52839.32554747 23.26  52.199790  65.700737 16.243
 19    10.539 52874.32558395 48.43  52.210210  65.716017 24.532
 19    10.480 52874.32558460 44.46  52.207080  65.712927 24.532
 19    10.670 52874.32558524 42.82  52.203950  65.709827 24.532
 19    10.584 52874.32558589 51.28  52.200820  65.706737 24.532
 19    10.523 52874.32558653 52.17  52.197690  65.703647 24.532
 21    10.599 52944.32549706 52.13  52.218692  65.707092 20.039
 21    10.568 52944.32549771 52.22  52.215562  65.704002 20.039
 21    10.512 52944.32549835 51.91  52.212432  65.700912 20.039
 21    10.501 52944.32549900 52.64  52.209311  65.697814 41.143
 21    10.596 52944.32549964 50.99  52.206181  65.694724 41.143
 21    10.638 52944.32550029 46.40  52.203051  65.691624 41.143
 21    10.659 52944.32550093 42.39  52.199931  65.688534 41.143
 21    10.662 52944.32550158 40.76  52.196801  65.685444 41.143
 21    10.640 52944.32550222 39.93  52.193671  65.682344 41.143
 21    10.559 52944.32550351 38.61  52.187431  65.676154 41.143
 22    11.549 52979.32554921 20.44  52.212363  65.714423  8.126
 22    11.402 52979.32554985 31.61  52.209233  65.711323  8.126
 22    11.483 52979.32555050 21.10  52.206103  65.708233  8.126
 22    11.527 52979.32555114 21.90  52.202973  65.705143  8.126
 22    11.384 52979.32555179 24.26  52.199843  65.702043  8.126
 23    14.278 53014.32554539 12.01  52.205217  65.725113  2.885
 23    13.889 53014.32554604 12.71  52.202087  65.722023  2.885
 23    13.725 53014.32554668 12.59  52.198957  65.718933  2.885
 24    15.699 53049.32551926 11.92  52.214555  65.714212  2.444
 24    15.071 53049.32551990 12.62  52.211425  65.711122  2.444
 24    14.409 53049.32552055 13.17  52.208295  65.708032  2.444
 24    14.038 53049.32552119 12.84  52.205165  65.704933  2.900
 24    13.608 53049.32552184 12.59  52.202035  65.701843  2.900
 24    13.204 53049.32552248 13.02  52.198905  65.698743  2.900
 25    15.267 53084.32555326 11.52  52.201938  65.726443  2.514
 25    14.650 53084.32555391 11.55  52.198798  65.723343  2.514
 25    14.747 53084.32555455 11.67  52.195668  65.720253  2.514
 26    13.693 53119.32552518  8.08  52.209523  65.715288  2.484
 26    13.107 53119.32552583  7.84  52.206393  65.712188  2.484
 26    13.099 53119.32552647  7.62  52.203259  65.709099  2.679
 26    12.879 53119.32552712  7.55  52.200129  65.706009  2.679
 27    16.842 53154.32557621 26.93  52.206518  65.719572 25.730
 27    16.977 53154.32557686 24.15  52.203388  65.716472 25.730
 27    16.784 53154.32557750 23.33  52.200248  65.713382 22.381
 27    16.742 53154.32557814 23.97  52.197128  65.710292 22.381
 27    16.779 53154.32557879 24.49  52.193998  65.707192 22.381
 28    17.403 53189.32556627 22.04  52.211751  65.715332 24.069
 28    16.948 53189.32556692 22.72  52.208621  65.712242 24.069
 28    15.797 53189.32556756 24.01  52.205491  65.709142 24.069
 28    15.411 53189.32556820 24.79  52.202361  65.706052 24.069
 28    15.316 53189.32556885 25.89  52.199231  65.702962 24.069
 29     9.843 53224.32557905 27.04  52.205729  65.719631 30.877
 29     9.878 53224.32557969 27.84  52.202599  65.716531 30.877
 29     9.975 53224.32558034 27.00  52.199469  65.713441 30.877
 29    11.649 53224.32558098 26.79  52.196349  65.710351 30.877
 29    11.706 53224.32558162 29.26  52.193219  65.707251 30.877
 30    10.305 53259.32555306 36.69  52.199085  65.726322 12.816
 30    10.304 53259.32555371 35.83  52.195955  65.723232 12.816
 31    11.560 53294.32557933 22.11  52.209229  65.719604 21.629
 31    11.752 53294.32557998 22.27  52.206099  65.716514 21.629
 31    11.598 53294.32558062 26.18  52.202966  65.713417 29.258
 31    11.575 53294.32558127 25.81  52.199836  65.710327 29.258
 31    11.774 53294.32558191 27.45  52.196706  65.707227 29.258
 31    11.907 53294.32558256 25.91  52.193576  65.704137 29.258
 32    10.931 53329.32555276 40.06  52.208132  65.719204 16.008
 32    11.065 53329.32555340 33.09  52.205002  65.716104 16.008
 32    11.185 53329.32555405 32.55  52.201870  65.713013 14.094
 32    11.098 53329.32555469 34.28  52.198740  65.709923 14.094
 32    11.182 53329.32555534 31.90  52.195610  65.706823 14.094
 33    10.996 53364.32550314 20.45  52.206433  65.724130  4.396
 33    12.737 53364.32550379 18.17  52.203303  65.721040  4.396
 33    12.497 53364.32550443 19.61  52.200173  65.717950  4.396
 33    13.148 53364.32550508 18.84  52.197043  65.714850  4.396
 33    13.023 53364.32550572 19.20  52.193912  65.711755  4.586
 34    10.756 53399.32552791 14.28  52.212453  65.718085  5.867
 34    11.914 53399.32552855 14.02  52.209323  65.714995  5.867
 34    12.444 53399.32552920 14.08  52.206184  65.711897  3.919
 34    12.357 53399.32552984 14.23  52.203064  65.708807  3.919
 34    12.966 53399.32553048 13.63  52.199934  65.705707  3.919
 35    13.437 53434.32551778 13.03  52.204648  65.722455  4.033
 35    13.195 53434.32551843 12.93  52.201518  65.719365  4.033
 35    13.092 53434.32551907 13.65  52.198388  65.716265  4.033
 35    13.305 53434.32551972 13.87  52.195267  65.713171  3.027
 36    17.065 53469.32556117 15.46  52.213835  65.716932  2.227
 36    15.822 53469.32556181 15.64  52.210697  65.713836  2.230
 36    15.132 53469.32556246 15.85  52.207567  65.710746  2.230
 36    14.800 53469.32556310 16.00  52.204437  65.707646  2.230
 36    15.119 53469.32556375 16.13  52.201307  65.704556  2.230
 36    14.393 53469.32556439 16.58  52.198187  65.701466  2.230
 37    14.099 53504.32560351 50.23  52.206372  65.723049 32.234
 37    13.998 53504.32560416 47.76  52.203242  65.719959 32.234
 37    14.234 53504.32560480 50.60  52.200112  65.716859 32.234
 37    14.225 53504.32560544 46.81  52.196983  65.713767 39.339
 37    14.212 53504.32560609 46.20  52.193853  65.710677 39.339
 38    12.699 53539.32560222 27.24  52.206615  65.720769 24.060
 38    12.665 53539.32560286 30.00  52.203485  65.717669 24.060
 38    12.915 53539.32560351 30.71  52.200355  65.714578 25.581
 38    12.505 53539.32560415 33.96  52.197225  65.711488 25.581
 38    12.489 53539.32560480 32.24  52.194095  65.708388 25.581
 39    10.838 53574.32559879 39.89  52.204185  65.725181 25.001
 39    10.984 53574.32559943 32.07  52.201055  65.722091 25.001
 39    11.724 53574.32560008 28.43  52.197925  65.719001 25.001
 40    10.521 53609.32554864 35.15  52.200096  65.727284 20.311
 40    10.635 53609.32554928 35.80  52.196966  65.724194 20.311
 41    12.678 53644.32555314 18.32  52.214220  65.713828 19.952
 41    12.165 53644.32555378 20.63  52.211090  65.710732 14.323
 41    12.253 53644.32555443 19.39  52.207960  65.707632 14.323
 41    11.881 53644.32555507 19.69  52.204830  65.704542 14.323
 41    11.902 53644.32555572 20.23  52.201700  65.701452 14.323
 41    11.633 53644.32555636 23.72  52.198570  65.698362 14.323
 42    11.618 53679.32556959 31.16  52.203684  65.723057 28.449
 42    11.549 53679.32557023 30.61  52.200554  65.719967 28.449
 42    12.445 53679.32557088 26.30  52.197424  65.716877 28.449
 43    10.277 53714.32549746 42.75  52.206267  65.724682 31.848
 43    10.163 53714.32549810 34.21  52.203137  65.721592 31.848
 43     9.989 53714.32549874 30.46  52.200007  65.718502 31.848
 43     9.912 53714.32549939 29.72  52.196877  65.715402 31.848
 44    10.921 53749.32541502 19.83  52.218766  65.709259  4.972
 44    10.952 53749.32541566 20.29  52.215636  65.706169  4.972
 44    11.157 53749.32541631 20.03  52.212506  65.703069  4.972
 44    12.167 53749.32541695 17.93  52.209376  65.699979  4.972
 44    12.677 53749.32541760 17.44  52.206246  65.696889  4.972
 44    11.386 53749.32541824 17.44  52.203126  65.693789  4.972
 44    11.564 53749.32541889 17.20  52.199996  65.690699  4.972
 44    13.662 53749.32541953 15.44  52.196866  65.687599  4.972
 44    12.217 53749.32542018 15.39  52.193746  65.684509  4.972
 45    12.968 53784.32544428 14.56  52.207722  65.718302  3.144
 45    12.500 53784.32544492 14.44  52.204592  65.715202  3.144
 45    12.570 53784.32544557 14.57  52.201460  65.712110  3.193
 45    12.637 53784.32544621 14.44  52.198330  65.709020  3.193
 45    11.532 53784.32544686 15.89  52.195210  65.705920  3.193
 46    14.006 53819.32540369 16.09  52.201255  65.727498  3.698
 46    13.656 53819.32540433 16.16  52.198125  65.724398  3.698
 46    13.563 53819.32540498 15.83  52.194995  65.721308  3.698
 47     9.719 53854.32548573 20.47  52.210128  65.717867 13.374
 47     9.697 53854.32548637 18.47  52.206998  65.714777 13.374
 47     9.702 53854.32548702 19.10  52.203868  65.711677 13.374
 47     9.715 53854.32548766 16.69  52.200740  65.708588 12.679
 47     9.662 53854.32548831 15.89  52.197610  65.705498 12.679
 48    16.230 53889.32549522 20.67  52.211942  65.713824 24.084
 48    16.242 53889.32549586 20.65  52.208812  65.710734 24.084
 48    16.429 53889.32549651 22.64  52.205692  65.707634 24.084
 48    16.500 53889.32549715 23.60  52.202562  65.704544 24.084
 48    16.618 53889.32549780 24.15  52.199432  65.701454 24.084
 49    11.313 53924.32556047 36.12  52.204343  65.722862 28.693
 49    11.276 53924.32556112 34.89  52.201213  65.719772 28.693
 49    11.539 53924.32556176 32.99  52.198073  65.716682 28.693
 49    12.787 53924.32556241 32.01  52.194943  65.713582 28.693
 50    13.661 53959.32555080 25.97  52.200134  65.724743 12.979
 50    13.731 53959.32555144 26.25  52.197004  65.721643 12.979
 51    12.316 53994.32548607 25.87  52.216683  65.703896 11.947
 51    12.596 53994.32548671 28.10  52.213553  65.700796 11.947
 51    12.153 53994.32548736 27.56  52.210423  65.697706 11.947
 51    11.618 53994.32548800 26.10  52.207303  65.694606 11.947
 51    13.083 53994.32548864 23.27  52.204173  65.691516 11.947
 51    17.040 53994.32548929 20.62  52.201043  65.688426 11.947
 51    12.460 53994.32548993 21.17  52.197913  65.685326 11.947
 51    13.053 53994.32549058 20.62  52.194793  65.682236 11.947
 51    11.909 53994.32549122 20.53  52.191663  65.679146 11.947
 51    13.871 53994.32549187 20.64  52.188543  65.676046 11.947
 52    10.312 54029.32554315 39.57  52.213901  65.712634 19.351
 52    10.329 54029.32554380 39.09  52.210771  65.709534 19.351
 52    10.386 54029.32554444 44.11  52.207645  65.706445 34.697
 52    10.413 54029.32554509 41.98  52.204515  65.703355 34.697
 52    10.464 54029.32554573 42.78  52.201385  65.700255 34.697
 52    10.427 54029.32554638 43.64  52.198255  65.697165 34.697
 53    12.717 54064.32553599 20.98  52.208538  65.719389  6.475
 53    12.763 54064.32553663 22.75  52.205408  65.716299  6.475
 53    12.762 54064.32553728 21.90  52.202278  65.713209  6.475
 53    12.816 54064.32553792 21.16  52.199148  65.710109  6.475
 53    12.817 54064.32553857 21.34  52.196019  65.707016 12.577
 53    12.747 54064.32553921 20.74  52.192889  65.703926 12.577
 54    11.753 54099.32550150 17.29  52.201745  65.724232  4.153
 54    13.332 54099.32550214 15.28  52.198615  65.721132  4.153
 55    15.353 54134.32546108 10.88  52.214344  65.714250  2.409
 55    14.715 54134.32546173 11.18  52.211214  65.711150  2.409
 55    13.796 54134.32546237 11.35  52.208079  65.708061  3.324
 55    13.704 54134.32546302 11.36  52.204949  65.704971  3.324
 55    13.836 54134.32546366 11.63  52.201819  65.701871  3.324
 55    13.435 54134.32546431 12.01  52.198699  65.698781  3.324
 57    15.428 54204.32546556 10.76  52.212236  65.713411  3.775
 57    14.891 54204.32546621 10.68  52.209106  65.710311  3.775
 57    14.733 54204.32546685 10.39  52.205976  65.707221  3.775
 57    14.317 54204.32546750 10.54  52.202846  65.704131  3.775
 57    13.999 54204.32546814 10.48  52.199716  65.701031  3.775
 58    16.110 54239.32549917 52.90  52.208536  65.717703 48.577
 58    16.102 54239.32549981 52.98  52.205406  65.714603 48.577
 58    16.037 54239.32550046 53.27  52.202276  65.711513 48.577
 58    16.008 54239.32550110 53.15  52.199146  65.708423 48.577
 58    16.177 54239.32550175 52.51  52.196016  65.705323 48.577
 59    16.800 54274.32551585 19.78  52.208824  65.720024 17.297
 59    16.396 54274.32551650 20.22  52.205694  65.716934 17.297
 59    16.138 54274.32551714 20.95  52.202564  65.713834 17.297
 59    15.948 54274.32551779 22.19  52.199434  65.710744 17.297
 59    16.075 54274.32551843 22.41  52.196304  65.707654 17.297
 59    16.048 54274.32551908 25.02  52.193184  65.704554 17.297
 60    12.011 54309.32551782 43.34  52.209789  65.718571 26.768
 60    11.996 54309.32551847 44.63  52.206659  65.715471 26.768
 60    12.096 54309.32551911 44.75  52.203529  65.712381 26.768
 60    12.147 54309.32551976 38.74  52.200399  65.709291 26.768
 60    12.078 54309.32552040 41.22  52.197269  65.706191 26.768
 61    11.924 54344.32549375 27.57  52.203828  65.724941 15.750
 61    12.275 54344.32549440 29.47  52.200693  65.721848 26.285
 61    12.320 54344.32549504 33.25  52.197563  65.718758 26.285
 62    16.660 54379.32545405 21.63  52.212672  65.716256 15.961
 62    15.417 54379.32545470 22.18  52.209532  65.713166 15.961
 62    12.949 54379.32545534 22.52  52.206402  65.710066 15.961
 62    12.985 54379.32545599 21.70  52.203272  65.706976 15.961
 62    13.094 54379.32545663 23.17  52.200152  65.703886 15.961
 63    12.045 54414.32544274 37.36  52.205325  65.720378 24.591
 63    11.994 54414.32544339 36.20  52.202185  65.717278 24.591
 63    12.154 54414.32544403 35.98  52.199055  65.714188 24.591
 63    12.180 54414.32544468 35.19  52.195935  65.711098 24.591
 63    12.062 54414.32544532 31.26  52.192805  65.707998 24.591
 64    11.529 54449.32542158 21.39  52.213316  65.713532  8.223
 64    11.473 54449.32542223 21.95  52.210186  65.710432  8.223
 64    11.516 54449.32542287 21.93  52.207056  65.707342  8.223
 64    11.656 54449.32542352 23.56  52.203926  65.704252  8.223
 64    11.510 54449.32542416 23.45  52.200796  65.701152  8.223
 64    11.738 54449.32542481 21.64  52.197666  65.698062  8.223
 65    13.299 54484.32543705 15.43  52.211352  65.719678  6.711
 65    13.048 54484.32543769 14.97  52.208222  65.716588  6.711
 65    12.712 54484.32543834 15.91  52.205092  65.713488  6.711
 65    12.690 54484.32543898 16.15  52.201956  65.710397  3.914
 65    11.822 54484.32543963 15.54  52.198826  65.707307  3.914
 65    12.517 54484.32544027 14.46  52.195706  65.704207  3.914
 66    15.072 54519.32543477 12.37  52.214235  65.716020  2.704
 66    14.608 54519.32543541 12.12  52.211105  65.712920  2.704
 66    13.364 54519.32543606 12.88  52.207975  65.709830  2.704
 66    13.292 54519.32543670 12.87  52.204845  65.706740  2.704
 66    13.625 54519.32543735 12.97  52.201715  65.703640  2.704
 66    13.734 54519.32543799 12.33  52.198585  65.700550  2.704
 67    10.053 54554.32544804 19.87  52.204183  65.724118 16.535
 67    10.033 54554.32544869 19.80  52.201053  65.721028 16.535
 67     9.867 54554.32544933 19.82  52.197923  65.717928 16.535
 68    13.432 54589.32543034 20.48  52.210052  65.717068  5.150
 68    11.625 54589.32543098 20.89  52.206922  65.713978  5.150
 68    11.770 54589.32543163 20.67  52.203792  65.710878  5.150
 68    11.341 54589.32543227 19.95  52.200662  65.707788  5.150
 68    11.459 54589.32543292 18.81  52.197542  65.704698  5.150
 69    17.037 54624.32544714 26.00  52.206835  65.720490 24.080
 69    17.144 54624.32544779 25.36  52.203697  65.717400 21.527
 69    16.615 54624.32544843 26.64  52.200567  65.714310 21.527
 69    16.534 54624.32544908 26.88  52.197437  65.711210 21.527
 69    16.773 54624.32544972 26.40  52.194317  65.708120 21.527
 70    12.031 54659.32545579 47.00  52.207813  65.720256 31.198
 70    12.052 54659.32545644 46.56  52.204683  65.717166 31.198
 70    12.026 54659.32545708 47.45  52.201553  65.714066 31.198
 70    12.014 54659.32545773 47.35  52.198423  65.710976 31.198
 70    12.130 54659.32545837 48.16  52.195293  65.707886 31.198
 70    14.485 54659.32545902 39.63  52.192173  65.704786 31.198
 71     9.854 54694.32543564 38.49  52.205155  65.721478 36.650
 71     9.951 54694.32543628 36.56  52.202025  65.718388 36.650
 71    10.583 54694.32543692 34.55  52.198895  65.715298 36.650
 71    11.178 54694.32543757 33.05  52.195765  65.712198 36.650
 71    10.973 54694.32543821 32.89  52.192631  65.709102 30.909
 72    12.314 54729.32541074 29.53  52.213017  65.715967 12.238
 72    12.350 54729.32541138 30.09  52.209887  65.712877 12.238
 72    12.366 54729.32541203 23.51  52.206757  65.709777 12.238
 72    12.252 54729.32541267 22.20  52.203627  65.706687 12.238
 72    12.575 54729.32541332 21.70  52.200507  65.703597 12.238
 73    11.786 54764.32541387 29.42  52.209348  65.720777 21.075
 73    11.662 54764.32541452 32.87  52.206218  65.717677 21.075
 73    11.621 54764.32541516 33.70  52.203087  65.714588 28.868
 73    11.348 54764.32541580 34.59  52.199957  65.711498 28.868
 73    11.306 54764.32541645 29.08  52.196827  65.708398 28.868
 73    12.077 54764.32541709 25.23  52.193697  65.705308 28.868
 74    12.137 54799.32540490 42.59  52.212847  65.713141 29.032
 74    12.007 54799.32540555 44.32  52.209717  65.710051 29.032
 74    12.098 54799.32540619 41.44  52.206587  65.706951 29.032
 74    12.025 54799.32540683 38.20  52.203457  65.703861 29.032
 74    12.231 54799.32540748 42.40  52.200327  65.700771 29.032
 75    12.162 54834.32540463 17.03  52.207433  65.720444  3.810
 75    12.459 54834.32540528 17.17  52.204303  65.717344  3.810
 75    12.318 54834.32540592 16.71  52.201176  65.714253  4.518
 75    11.954 54834.32540657 17.07  52.198046  65.711163  4.518
 75    11.865 54834.32540721 17.15  52.194916  65.708063  4.518
 75    12.093 54834.32540786 16.36  52.191786  65.704973  4.518
 76    12.018 54869.32540169 12.42  52.214029  65.713291  2.901
 76    12.919 54869.32540234 12.72  52.210899  65.710201  2.901
 76    12.905 54869.32540298 13.00  52.207769  65.707101  2.901
 76    13.091 54869.32540362 12.49  52.204639  65.704011  2.901
 76    12.414 54869.32540427 13.03  52.201509  65.700921  2.901
 76    13.631 54869.32540491 12.21  52.198389  65.697821  2.901
 77    13.848 54904.32541309 13.51  52.203345  65.726305  2.925
 77    13.824 54904.32541373 13.34  52.200215  65.723215  2.925
 77    13.391 54904.32541437 13.92  52.197085  65.720115  2.925
 78    13.665 54939.32539226 10.18  52.211619  65.716148  3.914
 78    10.410 54939.32539291 13.46  52.208479  65.713048  3.914
 78    12.750 54939.32539355 11.26  52.205349  65.709958  3.914
 78    13.116 54939.32539420 10.67  52.202229  65.706868  3.914
 78    12.982 54939.32539484 11.03  52.199099  65.703768  3.914
 79    14.784 54974.32542266 50.81  52.209100  65.718074 31.847
 79    14.925 54974.32542331 47.18  52.205970  65.714984 31.847
 79    14.775 54974.32542395 45.33  52.202840  65.711884 31.847
 79    14.848 54974.32542460 38.52  52.199710  65.708794 31.847
 79    14.850 54974.32542524 39.19  52.196580  65.705704 31.847
 80    16.326 55009.32543581 18.63  52.205497  65.721050 22.287
 80    15.900 55009.32543645 19.81  52.202367  65.717950 22.287
 80    15.697 55009.32543710 20.56  52.199243  65.714859 28.775
 80    15.987 55009.32543774 24.58  52.196113  65.711769 28.775
 80    15.590 55009.32543839 31.65  52.192983  65.708669 28.775
 81    11.335 55044.32542624 27.20  52.208625  65.718035 26.908
 81    11.161 55044.32542688 31.13  52.205486  65.714945 31.563
 81    11.172 55044.32542753 32.20  52.202366  65.711855 31.563
 81    10.944 55044.32542817 35.08  52.199236  65.708755 31.563
 81    10.891 55044.32542882 36.98  52.196106  65.705665 31.563
 82    12.959 55079.32540185 20.59  52.203422  65.723435 14.077
 82    10.969 55079.32540250 23.36  52.200292  65.720345 14.077
 82    10.833 55079.32540314 25.60  52.197162  65.717255 14.077
 83    13.337 55114.32535914 18.29  52.210262  65.715164 22.286
 83    12.956 55114.32535979 17.97  52.207126  65.712067 16.860
 83    12.677 55114.32536043 17.23  52.203996  65.708977 16.860
 83    12.475 55114.32536108 18.46  52.200876  65.705877 16.860
 83    11.913 55114.32536172 22.01  52.197746  65.702787 16.860
 84    10.452 55149.32535814 40.36  52.208385  65.721602 24.859
 84    10.523 55149.32535878 36.84  52.205255  65.718512 24.859
 84    10.481 55149.32535943 34.87  52.202122  65.715412 15.871
 84    10.457 55149.32536007 34.63  52.198992  65.712322 15.871
 84    10.477 55149.32536072 33.25  52.195862  65.709222 15.871
 84    10.535 55149.32536136 34.12  52.192742  65.706132 15.871
 85    10.916 55184.32534191 17.21  52.214646  65.715552  4.338
 85    11.517 55184.32534255 16.35  52.211516  65.712452  4.338
 85    11.686 55184.32534320 16.96  52.208386  65.709362  4.338
 85    12.581 55184.32534384 16.26  52.205256  65.706272  4.338
 85    14.433 55184.32534449 15.56  52.202126  65.703172  4.338
 85    12.366 55184.32534513 15.39  52.198996  65.700082  4.338
 86    12.399 55219.32535613 14.91  52.205179  65.721126  3.485
 86    12.359 55219.32535677 15.01  52.202039  65.718026  3.485
 86    12.494 55219.32535742 15.42  52.198917  65.714936  3.744
 86    12.455 55219.32535806 15.92  52.195787  65.711846  3.744
 86    12.306 55219.32535871 15.36  52.192657  65.708746  3.744
 87    11.022 55254.32533832 13.40  52.212937  65.714763  3.088
 87    11.995 55254.32533896 13.53  52.209807  65.711673  3.088
 87    12.064 55254.32533961 13.89  52.206677  65.708583  3.088
 87    12.151 55254.32534025 13.65  52.203547  65.705483  3.088
 87    12.269 55254.32534090 13.48  52.200417  65.702393  3.088
 88    14.166 55289.32534490  8.77  52.203380  65.725890  4.627
 88    14.152 55289.32534554  8.97  52.200250  65.722800  4.627
 88     9.735 55289.32534619 14.24  52.197120  65.719700  4.627
 89    16.599 55324.32532386 53.66  52.208591  65.721338 43.040
 89    16.622 55324.32532450 52.89  52.205461  65.718238 43.040
 89    16.638 55324.32532515 52.51  52.202324  65.715146 50.234
 89    16.654 55324.32532579 52.71  52.199194  65.712056 50.234
 89    16.674 55324.32532644 53.58  52.196064  65.708966 50.234
 89    16.696 55324.32532708 48.05  52.192944  65.705866 50.234
 90    14.806 55359.32532207 44.57  52.207028  65.721685 21.265
 90    14.885 55359.32532272 47.93  52.203898  65.718585 21.265
 90    14.917 55359.32532336 45.86  52.200770  65.715495 17.545
 90    14.903 55359.32532401 44.72  52.197640  65.712405 17.545
 90    14.891 55359.32532465 41.79  52.194510  65.709305 17.545
 91    11.340 55394.32532685 27.70  52.212246  65.717635 30.279
 91    11.169 55394.32532749 30.83  52.209116  65.714545 30.279
 91    11.267 55394.32532814 30.40  52.205986  65.711445 30.279
 91    11.209 55394.32532878 31.83  52.202856  65.708355 30.279
 91    11.138 55394.32532943 30.55  52.199726  65.705265 30.279
 92    10.616 55429.32533815 28.28  52.209597  65.718521 25.623
 92    11.151 55429.32533879 27.29  52.206467  65.715421 25.623
 92    11.061 55429.32533944 26.38  52.203340  65.712330 24.923
 92    11.128 55429.32534008 27.55  52.200210  65.709240 24.923
 92    10.900 55429.32534073 30.82  52.197080  65.706140 24.923
 93    12.057 55464.32530018 30.66  52.202615  65.723888 11.388
 93    12.043 55464.32530082 28.67  52.199485  65.720798 11.388
