-145630.895    -3.000     0.00    0.00
-145250.278    -3.000     0.00    0.00
-144869.752    -3.000     0.00    0.00
-144489.317    -2.899     0.27    0.42
-144108.973    -2.425     1.25    0.89
-143728.719    -1.853     1.50    0.98
-143348.557    -1.302     1.45    0.69
-142968.485    -1.107     0.51    0.42
-142588.505    -1.257    -0.40    0.64
-142208.614    -1.375    -0.31    0.77
-141828.815    -1.529    -0.41    0.87
-141449.105    -1.825    -0.78    0.96
-141069.487    -2.269    -1.17    0.95
-140689.958    -2.638    -0.97    0.75
-140310.520    -2.971    -0.88    0.17
-139931.172    -3.000    -0.08    0.00
-139551.915    -3.000     0.00    0.00
-139172.747    -3.000     0.00    0.00
-138793.669    -3.000     0.00    0.00
-138414.682    -3.000     0.00    0.00
-138035.784    -3.000     0.00    0.00
-137656.977    -3.000     0.00    0.00
-137278.259    -3.000     0.00    0.00
-136899.630    -3.000     0.00    0.00
-136521.092    -3.000     0.00    0.00
-136142.643    -3.000     0.00    0.00
-135764.284    -3.000     0.00    0.00
-135386.014    -3.000     0.00    0.00
-135007.833    -3.000     0.00    0.00
-134629.742    -3.000     0.00    0.00
-134251.740    -3.000     0.00    0.00
-133873.828    -3.000     0.00    0.00
-133496.004    -3.000     0.00    0.00
-133118.270    -3.000     0.00    0.00
-132740.625    -3.000     0.00    0.00
-132363.069    -3.000     0.00    0.00
-131985.601    -3.000     0.00    0.00
-131608.223    -3.000     0.00    0.00
-131230.933    -3.000     0.00    0.00
-130853.732    -3.000     0.00    0.00
-130476.620    -3.000     0.00    0.00
-130099.597    -3.000     0.00    0.00
-129722.662    -3.000     0.00    0.00
-129345.815    -3.000     0.00    0.00
-128969.057    -3.000     0.00    0.00
-128592.387    -3.000     0.00    0.00
-128215.806    -3.000     0.00    0.00
-127839.312    -3.000     0.00    0.00
-127462.907    -3.000     0.00    0.00
-127086.591    -3.000     0.00    0.00
-126710.362    -3.000     0.00    0.00
-126334.221    -3.000     0.00    0.00
-125958.168    -3.000     0.00    0.00
-125582.203    -3.000     0.00    0.00
-125206.326    -3.000     0.00    0.00
-124830.537    -3.000     0.00    0.00
-124454.835    -3.000     0.00    0.00
-124079.221    -3.000     0.00    0.00
-123703.694    -3.000     0.00    0.00
-123328.255    -3.000     0.00    0.00
-122952.904    -3.000     0.00    0.00
-122577.640    -3.000     0.00    0.00
-122202.463    -3.000     0.00    0.00
-121827.373    -3.000     0.00    0.00
-121452.371    -3.000     0.00    0.00
-121077.456    -3.000     0.00    0.00
-120702.628    -3.000     0.00    0.00
-120327.887    -3.000     0.00    0.00
-119953.233    -3.000     0.00    0.00
-119578.666    -3.000     0.00    0.00
-119204.186    -3.000     0.00    0.00
-118829.792    -3.000     0.00    0.00
-118455.486    -3.000     0.00    0.00
-118081.266    -3.000     0.00    0.00
-117707.132    -3.000     0.00    0.00
-117333.086    -3.000     0.00    0.00
-116959.125    -3.000     0.00    0.00
-116585.251    -3.000     0.00    0.00
-116211.464    -3.000     0.00    0.00
-115837.763    -3.000     0.00    0.00
-115464.148    -3.000     0.00    0.00
-115090.619    -3.000     0.00    0.00
-114717.177    -3.000     0.00    0.00
-114343.820    -3.000     0.00    0.00
-113970.550    -3.000     0.00    0.00
-113597.365    -3.000     0.00    0.00
-113224.267    -3.000     0.00    0.00
-112851.254    -3.000     0.00    0.00
-112478.327    -3.000     0.00    0.00
-112105.486    -3.000     0.00    0.00
-111732.730    -3.000     0.00    0.00
-111360.061    -3.000     0.00    0.00
-110987.476    -3.000     0.00    0.00
-110614.978    -3.000     0.00    0.00
-110242.564    -3.000     0.00    0.00
-109870.236    -3.000     0.00    0.00
-109497.994    -3.000     0.00    0.00
-109125.836    -3.000     0.00    0.00
-108753.764    -3.000     0.00    0.00
-108381.777    -3.000     0.00    0.00
-108009.875    -3.000     0.00    0.00
-107638.058    -3.000     0.00    0.00
-107266.327    -3.000     0.00    0.00
-106894.680    -3.000     0.00    0.00
-106523.118    -3.000     0.00    0.00
-106151.640    -3.000     0.00    0.00
-105780.248    -3.000     0.00    0.00
-105408.940    -3.000     0.00    0.00
-105037.717    -3.000     0.00    0.00
-104666.578    -3.000     0.00    0.00
-104295.524    -3.000     0.00    0.00
-103924.555    -3.000     0.00    0.00
-103553.669    -3.000     0.00    0.00
-103182.869    -3.000     0.00    0.00
-102812.152    -3.000     0.00    0.00
-102441.520    -3.000     0.00    0.00
-102070.972    -3.000     0.00    0.00
-101700.508    -3.000     0.00    0.00
-101330.128    -3.000     0.00    0.00
-100959.832    -3.000     0.00    0.00
-100589.620    -3.000     0.00    0.00
-100219.492    -3.000     0.00    0.00
 -99849.448    -3.000     0.00    0.00
 -99479.487    -3.000     0.00    0.00
 -99109.610    -3.000     0.00    0.00
 -98739.817    -3.000     0.00    0.00
 -98370.108    -3.000     0.00    0.00
 -98000.482    -3.000     0.00    0.00
 -97630.940    -3.000     0.00    0.00
 -97261.481    -3.000     0.00    0.00
 -96892.105    -3.000     0.00    0.00
 -96522.813    -3.000     0.00    0.00
 -96153.604    -3.000     0.00    0.00
 -95784.479    -3.000     0.00    0.00
 -95415.436    -3.000     0.00    0.00
 -95046.477    -3.000     0.00    0.00
 -94677.601    -3.000     0.00    0.00
 -94308.807    -3.000     0.00    0.00
 -93940.097    -3.000     0.00    0.00
 -93571.470    -3.000     0.00    0.00
 -93202.925    -3.000     0.00    0.00
 -92834.463    -3.000     0.00    0.00
 -92466.084    -3.000     0.00    0.00
 -92097.788    -3.000     0.00    0.00
 -91729.574    -3.000     0.00    0.00
 -91361.442    -3.000     0.00    0.00
 -90993.394    -3.000     0.00    0.00
 -90625.427    -3.000     0.00    0.00
 -90257.543    -3.000     0.00    0.00
 -89889.742    -3.000     0.00    0.00
 -89522.023    -3.000     0.00    0.00
 -89154.386    -3.000     0.00    0.00
 -88786.831    -3.000     0.00    0.00
 -88419.358    -3.000     0.00    0.00
 -88051.967    -3.000     0.00    0.00
 -87684.659    -3.000     0.00    0.00
 -87317.432    -3.000     0.00    0.00
 -86950.287    -3.000     0.00    0.00
 -86583.224    -3.000     0.00    0.00
 -86216.243    -3.000     0.00    0.00
 -85849.344    -3.000     0.00    0.00
 -85482.526    -2.951     0.13    0.50
 -85115.790    -0.471     6.76    6.56
 -84749.135     3.450    10.69    9.85
 -84382.562     8.229    13.04   12.03
 -84016.071    12.429    11.46   11.51
 -83649.661    16.394    10.82    9.94
 -83283.332    18.549     5.88    7.83
 -82917.085    19.327     2.12    5.36
 -82550.919    17.951    -3.76    5.61
 -82184.834    15.729    -6.07    5.79
 -81818.830    14.381    -3.68    4.25
 -81452.907    13.720    -1.81    3.67
 -81087.066    12.904    -2.23    3.78
 -80721.305    13.587     1.87    3.72
 -80355.625    13.680     0.26    3.41
 -79990.026    12.165    -4.14    4.59
 -79624.508    12.527     0.99    4.73
 -79259.071    12.846     0.87    4.81
 -78893.715    12.320    -1.44    4.54
 -78528.439    14.298     5.41    4.76
 -78163.244    16.447     5.88    5.53
 -77798.129    17.000     1.52    5.63
 -77433.095    16.029    -2.66    6.07
 -77068.141    14.153    -5.14    6.64
 -76703.268    11.359    -7.66    5.91
 -76338.475     9.625    -4.75    4.78
 -75962.552     7.931    -4.51    3.68
 -75580.914     7.835    -0.25    3.87
 -75199.366     8.110     0.72    4.21
 -74817.907     7.716    -1.03    4.56
 -74436.538     7.150    -1.48    4.81
 -74055.258     7.442     0.77    4.83
 -73674.067     8.416     2.55    4.51
 -73292.966    10.627     5.80    4.78
 -72911.953    12.780     5.65    4.35
 -72531.030    14.235     3.82    3.69
 -72150.197    15.798     4.10    2.96
 -71769.452    17.163     3.59    3.26
 -71388.796    17.792     1.65    3.23
 -71008.229    17.369    -1.11    5.52
 -70627.751    15.606    -4.63    6.87
 -70247.361    13.971    -4.30    5.84
 -69867.061    11.726    -5.90    5.46
 -69486.849    12.876     3.02    5.44
 -69106.725    14.296     3.74    5.29
 -68726.690    13.792    -1.33    5.34
 -68346.744    14.939     3.02    5.73
 -67966.886    17.563     6.91    6.71
 -67587.117    19.130     4.13    7.06
 -67207.435    16.433    -7.11    9.93
 -66827.842    12.051   -11.54   11.42
 -66448.337     8.422    -9.56   11.99
 -66068.921     5.150    -8.62   12.05
 -65689.592     1.346   -10.03    9.99
 -65310.351    -2.071    -9.01    4.69
 -64931.199    -3.000    -2.45    0.00
 -64552.134    -3.000     0.00    0.00
 -64173.157    -3.000     0.00    0.00
 -63794.267    -3.000     0.00    0.00
 -63415.466    -3.000     0.00    0.00
 -63036.752    -3.000     0.00    0.00
 -62658.125    -3.000     0.00    0.00
 -62279.587    -3.000     0.00    0.00
 -61901.135    -3.000     0.00    0.00
 -61522.771    -3.000     0.00    0.00
 -61144.494    -3.000     0.00    0.00
 -60766.305    -3.000     0.00    0.00
 -60388.203    -3.000     0.00    0.00
 -60010.188    -3.000     0.00    0.00
 -59632.260    -3.000     0.00    0.00
 -59254.419    -3.000     0.00    0.00
 -58876.665    -3.000     0.00    0.00
 -58498.998    -3.000     0.00    0.00
 -58121.418    -3.000     0.00    0.00
 -57743.925    -3.000     0.00    0.00
 -57366.518    -3.000     0.00    0.00
 -56989.198    -3.000     0.00    0.00
 -56611.965    -3.000     0.00    0.00
 -56234.818    -3.000     0.00    0.00
 -55857.758    -3.000     0.00    0.00
 -55480.784    -3.000     0.00    0.00
 -55103.897    -3.000     0.00    0.00
 -54727.096    -3.000     0.00    0.00
 -54350.381    -3.000     0.00    0.00
 -53973.753    -3.000     0.00    0.00
 -53597.210    -2.657     0.91    1.41
 -53220.754     1.990    12.34    9.40
 -52844.384     8.510    17.32   13.00
 -52468.100    17.232    23.18   12.77
 -52091.901    23.510    16.69    8.61
 -51715.789    26.411     7.71    2.80
 -51339.762    24.608    -4.79    3.82
 -50963.821    22.357    -5.99    3.61
 -50587.966    20.922    -3.82    2.89
 -50212.197    21.172     0.66    3.48
 -49836.513    22.363     3.17    4.48
 -49460.914    24.000     4.36    4.99
 -49085.401    25.436     3.82    5.61
 -48709.974    25.450     0.04    6.41
 -48334.631    26.198     1.99    6.04
 -47959.374    26.441     0.65    6.79
 -47584.203    25.750    -1.84    8.38
 -47209.116    24.725    -2.73    8.90
 -46834.115    21.644    -8.22   11.26
 -46459.198    18.126    -9.38   11.90
 -46084.367    16.417    -4.56   10.86
 -45709.621    14.029    -6.37    9.89
 -45334.959    12.684    -3.59    8.65
 -44960.382    11.832    -2.27    8.86
 -44585.891    12.990     3.09    8.70
 -44211.483    16.343     8.96    6.61
 -43837.161    16.798     1.22    5.05
 -43462.923    15.627    -3.13    4.97
 -43088.770    15.218    -1.09    5.01
 -42714.701    14.980    -0.64    4.61
 -42340.716    16.347     3.65    2.55
 -41966.816    16.323    -0.06    1.75
 -41593.001    16.853     1.42    2.57
 -41219.269    17.931     2.88    2.98
 -40845.622    19.010     2.89    2.86
 -40472.059    20.355     3.60    2.08
 -40098.580    20.534     0.48    2.24
 -39725.185    20.989     1.22    2.65
 -39351.874    21.743     2.02    3.02
 -38978.647    20.790    -2.55    4.82
 -38605.504    20.902     0.30    5.04
 -38232.445    21.176     0.74    5.35
 -37859.469    21.990     2.18    5.17
 -37486.577    24.775     7.47    4.27
 -37113.769    26.606     4.91    4.13
 -36741.044    27.922     3.53    3.39
 -36368.403    28.120     0.53    3.79
 -35995.846    26.980    -3.06    5.24
 -35623.372    25.776    -3.23    5.84
 -35250.981    25.275    -1.35    5.55
 -34878.674    24.434    -2.26    5.03
 -34506.449    24.238    -0.53    3.56
 -34134.308    24.630     1.05    2.66
 -33762.251    24.121    -1.37    2.77
 -33390.276    23.297    -2.22    3.12
 -33018.384    22.576    -1.94    3.19
 -32646.576    21.039    -4.13    3.59
 -32274.850    20.896    -0.39    4.18
 -31903.207    20.416    -1.29    4.73
 -31531.647    19.875    -1.46    5.23
 -31160.170    20.784     2.45    4.22
 -30788.775    21.737     2.57    3.33
 -30417.463    23.564     4.92    2.73
 -30046.234    23.317    -0.67    3.56
 -29675.087    21.717    -4.31    4.96
 -29304.023    19.853    -5.02    4.29
 -28933.041    18.823    -2.78    3.69
 -28562.142    19.216     1.06    3.76
 -28191.325    21.337     5.72    3.78
 -27820.590    21.059    -0.75    3.97
 -27449.938    20.673    -1.04    4.12
 -27079.367    20.390    -0.76    4.41
 -26708.879    20.089    -0.81    3.52
 -26338.473    20.515     1.15    3.40
 -25968.149    19.510    -2.71    3.42
 -25597.906    19.865     0.96    3.33
 -25227.746    20.363     1.35    3.49
 -24857.668    22.010     4.45    3.39
 -24487.671    23.549     4.16    2.49
 -24117.756    23.081    -1.27    2.78
 -23747.923    21.743    -3.62    3.37
 -23378.171    20.070    -4.52    2.98
 -23008.501    15.041   -13.60    7.43
 -22638.913     9.990   -13.67    8.90
 -22269.406     4.979   -13.56    7.89
 -21899.980     1.248   -10.10    4.33
 -21530.636     0.000    -3.38    0.00
 -21161.373     0.000     0.00    0.00
 -20792.191     0.000     0.00    0.00
 -20423.091     0.000     0.00    0.00
 -20054.072     0.000     0.00    0.00
 -19685.133     0.000     0.00    0.00
 -19316.276     0.000     0.00    0.00
 -18947.500     0.000     0.00    0.00
 -18578.805     0.000     0.00    0.00
 -18210.191     0.000     0.00    0.00
 -17841.657     0.000     0.00    0.00
 -17473.205     0.000     0.00    0.00
 -17104.833     0.000     0.00    0.00
 -16736.541     0.000     0.00    0.00
 -16368.331     0.000     0.00    0.00
 -16000.201     0.000     0.00    0.00
 -15632.151     0.000     0.00    0.00
 -15264.182     0.000     0.00    0.00
 -14896.293     0.000     0.00    0.00
 -14528.485     0.000     0.00    0.00
 -14160.757     0.000     0.00    0.00
 -13793.110     0.112     0.31    0.59
 -13425.542     0.337     0.61    1.02
 -13058.055     0.582     0.67    1.41
 -12690.648     0.653     0.20    1.58
 -12323.320     0.812     0.43    1.89
 -11956.073     0.870     0.16    1.94
 -11588.906     0.755    -0.31    1.79
 -11221.819     0.561    -0.53    1.50
 -10854.811     0.598     0.10    2.00
 -10487.884     0.731     0.36    2.42
 -10121.036     0.470    -0.71    1.74
  -9754.268     0.469    -0.00    1.89
  -9387.579     0.260    -0.57    1.40
  -9020.970     0.168    -0.25    1.05
  -8654.441     0.000    -0.46    0.00
  -8287.991     0.000     0.00    0.00
  -7921.620     0.000     0.00    0.00
  -7555.329     0.000     0.00    0.00
  -7189.117     0.000     0.00    0.00
  -6822.985     0.000     0.00    0.00
  -6456.931     0.000     0.00    0.00
  -6090.957     0.000     0.00    0.00
  -5725.062     0.000     0.00    0.00
  -5359.246     0.000     0.00    0.00
  -4993.510     0.000     0.00    0.00
  -4627.852     0.000     0.00    0.00
  -4262.273     0.000     0.00    0.00
  -3896.773     0.000     0.00    0.00
  -3531.351     0.000     0.00    0.00
  -3166.009     0.000     0.00    0.00
  -2800.745     0.000     0.00    0.00
  -2435.560     0.000     0.00    0.00
  -2070.454     0.000     0.00    0.00
  -1705.426     0.000     0.00    0.00
  -1334.748     0.000     0.00    0.00
   -953.279     0.000     0.00    0.00
   -571.898     0.000     0.00    0.00
   -190.604     0.000     0.00    0.00
    190.603     0.000     0.00    0.00
    571.723     0.000     0.00    0.00
    952.756     0.000     0.00    0.00
   1333.702     0.000     0.00    0.00
   1714.561     0.000     0.00    0.00
   2095.333     0.000     0.00    0.00
   2476.018     0.000     0.00    0.00
   2856.616     0.000     0.00    0.00
   3237.128     0.000     0.00    0.00
   3617.553     0.000     0.00    0.00
   3997.892     0.000     0.00    0.00
   4378.144     0.000     0.00    0.00
   4758.309     0.000     0.00    0.00
   5138.388     0.620     1.63    2.54
   5518.381     1.838     3.21    4.68
   5898.287     3.000     3.06    5.48
   6278.108     4.192     3.14    5.73
   6657.842     5.910     4.52    6.26
   7037.489     8.253     6.17    6.91
   7417.051    10.541     6.03    6.83
   7796.527    12.640     5.53    5.79
   8175.917    13.816     3.10    4.16
   8555.221    14.475     1.74    1.67
   8934.439    14.622     0.39    1.79
   9313.571    15.225     1.59    1.91
   9692.618    15.948     1.91    1.62
  10071.579    16.313     0.96    1.43
  10450.455    16.753     1.16    1.25
  10829.244    17.228     1.25    1.04
  11207.949    17.705     1.26    1.09
  11586.568    17.782     0.20    1.11
  11965.101    17.691    -0.24    1.12
  12343.549    17.820     0.34    1.30
  12721.912    17.763    -0.15    1.24
  13100.190    17.960     0.52    1.22
  13478.383    18.234     0.72    1.24
  13856.490    18.434     0.53    1.24
  14234.513    18.441     0.02    1.16
  14612.450    18.059    -1.01    1.22
  14990.303    17.516    -1.44    0.87
  15368.070    17.287    -0.61    0.77
  15745.753    17.385     0.26    0.92
  16123.351    17.081    -0.81    0.98
  16500.865    16.649    -1.14    1.24
  16878.293    16.248    -1.06    1.40
  17255.638    13.423    -7.49    5.48
  17632.897     8.879   -12.04    7.68
  18010.072     4.374   -11.94    6.83
  18387.163     2.485    -5.01    5.32
  18764.170     5.104     6.95    6.93
  19141.092     8.378     8.68    7.05
  19517.930    10.687     6.13    6.38
  19894.683    13.430     7.28    3.92
  20271.353    14.545     2.96    1.43
  20647.938    13.398    -3.05    2.80
  21024.440    11.703    -4.50    4.10
  21400.857    11.082    -1.65    4.14
  21777.190    10.778    -0.81    4.16
  22153.440    11.253     1.26    3.86
  22529.606    12.733     3.93    2.04
  22905.688    13.245     1.36    2.10
  23281.686    14.470     3.26    2.96
  23657.601    15.283     2.16    2.93
  24033.432    15.200    -0.22    2.75
  24409.180    14.819    -1.01    2.63
  24784.844    13.808    -2.69    2.32
  25160.425    13.242    -1.51    1.89
  25535.922    12.960    -0.75    1.63
  25911.336    12.896    -0.17    1.52
  26286.667    12.697    -0.53    1.20
  26661.914    12.600    -0.26    1.19
  27037.079    11.869    -1.95    1.23
  27412.160    11.423    -1.19    1.13
  27787.158    11.340    -0.22    1.02
  28162.074    11.182    -0.42    0.93
  28536.906    11.144    -0.10    0.96
  28911.656    11.112    -0.09    1.00
  29286.322    10.906    -0.55    0.91
  29660.906    11.212     0.82    1.40
  30035.407    11.809     1.59    1.74
  30409.826    12.100     0.78    1.60
  30784.162    12.576     1.27    1.45
  31158.415    13.000     1.13    1.58
  31532.586    13.266     0.71    1.75
  31906.674    14.280     2.71    2.08
  32280.680    15.433     3.08    1.88
  32654.604    16.343     2.43    2.06
  33028.445    16.643     0.80    1.86
  33402.205    16.796     0.41    1.83
  33775.882    17.485     1.84    2.08
  34149.477    18.177     1.85    2.15
  34522.989    17.677    -1.34    3.07
  34896.420    17.072    -1.62    3.46
  35269.769    17.020    -0.14    3.73
  35643.036    17.309     0.77    4.01
  36016.221    18.470     3.11    3.15
  36389.324    18.837     0.98    2.81
  36762.346    17.310    -4.09    2.53
  37135.285    16.463    -2.27    2.28
  37508.144    17.010     1.47    3.36
  37880.920    17.698     1.85    3.85
  38253.615    18.475     2.08    3.73
  38626.229    19.030     1.49    3.25
  38998.761    20.260     3.30    3.66
  39371.212    21.939     4.51    4.45
  39743.581    23.856     5.15    3.98
  40115.869    24.440     1.57    3.96
  40488.076    22.653    -4.80    5.27
  40860.202    20.730    -5.17    5.08
  41232.246    19.293    -3.86    3.78
  41604.210    20.520     3.30    3.94
  41976.092    22.634     5.68    3.82
  42347.894    24.260     4.37    3.79
  42719.615    24.639     1.02    4.00
  43091.255    24.643     0.01    4.24
  43462.814    24.639    -0.01    4.51
  43834.292    23.570    -2.88    5.03
  44205.689    23.255    -0.85    5.32
  44577.006    23.500     0.66    5.66
  44948.243    23.640     0.38    5.44
  45319.398    24.033     1.06    4.87
  45690.474    25.990     5.27    4.54
  46061.468    27.032     2.81    4.29
  46432.383    28.870     4.95    3.94
  46803.217    31.031     5.83    2.77
  47173.971    30.404    -1.69    4.31
  47544.644    29.949    -1.23    4.46
  47915.238    29.838    -0.30    4.17
  48285.751    28.979    -2.32    3.58
  48656.184    30.237     3.40    3.54
  49026.537    31.580     3.63    4.00
  49396.811    32.891     3.54    3.83
  49767.004    33.120     0.62    3.53
  50137.117    32.804    -0.85    3.31
  50507.151    31.606    -3.24    3.53
  50877.105    30.125    -4.00    3.82
  51246.979    29.551    -1.55    3.56
  51616.773    28.051    -4.06    2.78
  51986.488    27.074    -2.64    3.02
  52356.123    27.684     1.65    3.59
  52725.679    27.211    -1.28    4.20
  53095.155    27.100    -0.30    4.15
  53464.552    28.793     4.58    4.87
  53833.869    30.556     4.77    5.58
  54203.108    34.189     9.84    5.53
  54572.266    35.918     4.68    3.64
  54941.346    36.616     1.89    3.21
  55310.347    38.825     5.99    2.68
  55679.268    39.732     2.46    3.30
  56048.110    39.082    -1.76    4.82
  56416.874    35.788    -8.93    7.63
  56785.558    33.108    -7.27    7.91
  57154.163    31.929    -3.20    6.55
  57522.690    32.426     1.35    5.77
  57891.138    34.888     6.68    5.66
  58259.507    36.292     3.81    4.00
  58627.797    36.612     0.87    3.96
  58996.008    37.112     1.36    4.38
  59364.141    37.151     0.10    5.43
  59732.196    37.434     0.77    5.54
  60100.172    37.685     0.68    4.96
  60468.069    37.162    -1.42    4.13
  60835.888    37.615     1.23    3.56
  61203.629    40.847     8.79    4.81
  61571.291    42.789     5.28    4.87
  61938.876    44.464     4.56    3.52
  62306.381    43.765    -1.90    3.72
  62673.809    40.237    -9.60    5.62
  63041.159    35.031   -14.17    8.00
  63408.430    30.696   -11.80    6.80
  63775.624    28.367    -6.34    5.66
  64142.739    28.305    -0.17    5.62
  64509.777    29.143     2.28    5.64
  64876.737    30.165     2.79    5.27
  65243.619    31.800     4.46    4.71
  65610.423    33.340     4.20    3.59
  65977.150    35.217     5.12    2.87
  66343.798    37.646     6.62    3.53
  66710.369    40.149     6.83    4.15
  67076.863    44.418    11.65    7.32
  67443.279    48.611    11.44    7.91
  67809.618    52.153     9.67    7.35
  68175.879    56.121    10.83    7.41
  68542.063    60.022    10.65    6.33
  68908.169    61.316     3.54    4.89
  69274.198    61.663     0.95    4.53
  69640.150    61.000    -1.81    4.70
  70006.025    59.947    -2.88    4.30
  70371.823    59.429    -1.42    5.18
  70737.543    59.408    -0.06    4.99
  71103.186    60.084     1.85    4.57
  71468.753    61.347     3.45    5.14
  71834.242    63.922     7.05    5.47
  72199.655    65.469     4.23    4.86
  72564.991    65.792     0.88    4.50
  72930.250    64.867    -2.53    4.57
  73296.081    63.021    -5.05    4.55
  73677.381    60.500    -6.61    3.93
  74058.596    57.629    -7.53    4.06
  74439.725    54.653    -7.81    4.87
  74820.770    51.112    -9.29    6.16
  75201.730    47.000   -10.79    6.29
  75582.605    44.021    -7.82    5.62
  75963.395    42.092    -5.07    4.53
  76344.101    40.229    -4.89    4.97
  76724.722    37.740    -6.54    4.37
  77105.258    36.505    -3.24    3.73
  77485.710    36.708     0.53    4.50
  77866.077    38.032     3.48    5.31
  78246.360    40.196     5.69    5.51
  78626.559    41.333     2.99    4.66
  79006.673    41.103    -0.61    3.53
  79386.703    42.071     2.55    3.79
  79766.649    41.833    -0.63    6.49
  80146.511    37.811   -10.59   14.31
  80526.289    31.188   -17.44   19.79
  80905.982    23.299   -20.77   21.24
  81285.592    13.278   -26.40   18.84
  81665.118     6.216   -18.61   12.65
  82044.560     4.792    -3.75    7.37
  82423.918     7.589     7.37    8.05
  82803.192    12.052    11.77    6.86
  83182.383    15.531     9.17    3.18
  83561.490    16.062     1.40    0.94
  83940.513    15.804    -0.68    0.80
  84319.453    15.760    -0.12    0.75
  84698.309    15.737    -0.06    0.70
  85077.082    15.594    -0.38    0.67
  85455.772    15.427    -0.44    0.89
  85834.378    15.074    -0.93    1.36
  86212.901    14.260    -2.15    1.92
  86591.341    13.115    -3.03    2.14
  86969.697    12.175    -2.48    1.80
  87347.971    11.959    -0.57    1.29
  87726.161    12.531     1.51    1.31
  88104.269    13.189     1.74    1.14
  88482.293    13.719     1.40    1.07
  88860.235    13.989     0.72    0.93
  89238.094    14.134     0.38    0.82
  89615.870    14.354     0.58    0.98
  89993.563    14.459     0.28    1.07
  90371.174    14.702     0.64    1.14
  90748.702    15.286     1.55    1.44
  91126.147    15.653     0.97    1.37
  91503.510    15.573    -0.21    1.46
  91880.790    15.095    -1.27    1.53
  92257.989    14.694    -1.06    1.22
  92635.104    14.533    -0.43    1.21
  93012.138    14.309    -0.59    1.51
  93389.089    14.054    -0.68    1.46
  93765.958    13.918    -0.36    1.29
  94142.745    13.457    -1.22    1.20
  94519.449    13.535     0.21    1.25
  94896.072    13.556     0.05    1.23
  95272.613    13.968     1.10    1.35
  95649.072    14.407     1.16    1.40
  96025.449    15.031     1.66    1.56
  96401.744    15.402     0.99    1.38
  96777.957    15.010    -1.04    1.61
  97154.089    14.269    -1.97    1.81
  97530.139    13.571    -1.85    1.62
  97906.107    13.376    -0.52    1.33
  98281.994    13.847     1.25    1.68
  98657.799    14.779     2.48    2.70
  99033.523    16.823     5.44    4.61
  99409.165    18.896     5.52    6.13
  99784.726    20.732     4.89    6.62
 100160.206    20.179    -1.47    6.44
 100535.604    18.776    -3.74    6.05
 100910.922    16.990    -4.76    4.21
 101286.158    15.505    -3.96    3.64
 101661.313    14.495    -2.69    2.83
 102036.387    13.713    -2.08    1.45
 102411.380    13.663    -0.13    1.27
 102786.292    13.729     0.18    1.29
 103161.123    13.771     0.11    1.14
 103535.874    13.589    -0.48    1.05
 103910.543    13.392    -0.53    0.82
 104285.132    13.307    -0.23    0.73
 104659.641    13.103    -0.54    0.44
 105034.068    13.044    -0.16    0.26
 105408.415    13.101     0.15    0.44
 105782.682    13.022    -0.21    0.15
 106156.868    13.041     0.05    0.25
 106530.973    13.065     0.07    0.29
 106904.998    13.052    -0.04    0.22
 107278.943    13.172     0.32    0.62
 107652.808    13.557     1.03    1.22
 108026.592    13.938     1.02    1.48
 108400.297    13.979     0.11    1.49
 108773.921    13.938    -0.11    1.44
 109147.465    13.726    -0.57    1.36
 109520.929    13.608    -0.32    1.29
 109894.313    13.768     0.43    1.36
 110267.617    14.673     2.42    2.11
 110640.841    15.978     3.50    2.51
 111013.986    16.844     2.32    2.58
 111387.051    17.659     2.19    2.64
 111760.036    18.361     1.88    3.43
 112132.941    20.043     4.51    5.73
 112505.767    21.051     2.70    6.66
 112878.513    21.200     0.40    7.21
 113251.180    23.134     5.19    7.78
 113623.767    24.720     4.26    8.18
 113996.275    25.474     2.02    8.18
 114368.703    23.936    -4.13    8.01
 114741.053    21.794    -5.75    6.77
 115113.322    22.643     2.28    8.20
 115485.513    27.245    12.36   11.69
 115857.625    34.354    19.10   11.32
 116229.657    40.781    17.27    7.21
 116601.611    43.411     7.07    4.74
 116973.485    42.097    -3.53    5.11
 117345.280    40.320    -4.78    6.84
 117716.997    37.000    -8.93    8.73
 118088.635    34.585    -6.50    8.19
 118460.193    34.056    -1.43    8.09
 118831.673    34.887     2.24    7.63
 119203.075    37.708     7.60    7.27
 119574.398    40.667     7.97    5.38
 119945.642    42.117     3.91    4.47
 120316.807    41.053    -2.87    5.84
 120687.894    40.897    -0.42    6.64
 121058.903    40.074    -2.22    6.81
 121429.833    38.928    -3.09    7.33
 121800.685    38.424    -1.36    6.91
 122171.458    38.771     0.94    5.87
 122542.154    39.674     2.44    5.38
 122912.771    40.979     3.52    4.25
 123283.309    41.407     1.15    3.63
 123653.770    41.958     1.49    3.18
 124024.153    41.684    -0.74    3.58
 124394.457    42.052     0.99    3.86
 124764.684    42.074     0.06    4.12
 125134.833    41.333    -2.00    4.35
 125504.904    40.959    -1.01    3.99
 125874.897    40.882    -0.21    3.95
 126244.812    41.454     1.55    3.58
 126614.649    41.640     0.51    3.06
 126984.409    41.368    -0.74    2.85
 127354.091    43.511     5.80    5.36
 127723.696    48.423    13.29    8.45
 128093.223    54.702    16.99    9.25
 128462.673    63.337    23.37    9.73
 128832.045    71.295    21.54    9.98
 129201.340    79.874    23.23    9.86
 129570.557    88.229    22.63    9.84
 129939.697    96.526    22.47    9.55
 130308.760   103.458    18.78    8.94
 130677.746   109.633    16.73    7.59
 131046.654   114.337    12.75    7.35
 131415.486   117.591     8.82    7.89
 131784.240   118.656     2.89    7.68
 132152.917   119.076     1.14    7.98
 132521.518   119.042    -0.09    8.00
 132890.041   119.926     2.40    8.66
 133258.488   122.979     8.28    9.67
 133626.858   125.245     6.15    8.97
 133995.151   125.860     1.67    8.97
 134363.367   125.432    -1.16   10.35
 134731.507   122.576    -7.76   10.93
 135099.570   119.021    -9.66   10.48
 135467.556   115.744    -8.90    6.33
 135835.466   117.546     4.90    6.75
 136203.299   120.872     9.04    7.81
 136571.056   126.271    14.68    7.29
 136938.737   130.415    11.27    6.69
 137306.341   134.457    11.00    7.34
 137673.869   138.146    10.03    9.27
 138041.321   141.956    10.37    9.71
 138408.696   145.642    10.03    9.27
 138775.996   150.656    13.65   10.01
 139143.219   155.031    11.91   11.05
 139510.366   159.833    13.08   11.98
 139877.437   164.417    12.49   11.27
 140244.432   170.606    16.86   10.92
 140611.352   176.596    16.32   10.66
 140978.195   180.347    10.23    7.86
 141344.963   181.617     3.46    6.53
 141711.655   179.649    -5.37    7.59
 142078.271   175.956   -10.07    7.72
 142444.811   172.875    -8.40    7.65
 142811.276   171.761    -3.04    8.86
 143177.665   170.734    -2.80    9.07
 143543.978   166.695   -11.03    9.69
 143910.217   162.394   -11.74    9.47
 144276.379   156.979   -14.79    9.47
 144642.466   151.865   -13.97    8.31
 145008.478   147.660   -11.49    8.51
 145374.415   144.364    -9.01    7.85
 145740.276   142.463    -5.19    9.99
 146106.062   138.979    -9.52   13.71
 146471.773   130.729   -22.56   19.13
 146837.409   125.411   -14.54   18.38
 147202.969   126.011     1.64   21.53
 147568.455   133.333    20.03   22.23
 147933.866   144.333    30.10   15.41
 148310.917   151.143    18.06    7.53
 148691.966   153.000     4.87    5.89
 149072.932   150.979    -5.30    6.85
 149453.815   145.955   -13.19    8.40
 149834.615   141.158   -12.60    7.26
 150215.333   139.854    -3.42    6.02
 150595.969   143.812    10.40    7.77
 150976.522   149.330    14.50    6.23
 151356.992   153.179    10.12    3.74
 151737.380   155.968     7.33    3.52
 152117.686   157.821     4.87    3.91
 152497.910   159.189     3.60    3.75
 152878.051   157.768    -3.74    4.78
 153258.110   153.656   -10.82    5.91
 153638.087   150.495    -8.32    5.39
 154017.982   148.129    -6.23    4.31
 154397.795   146.915    -3.20    4.50
 154777.526   147.129     0.56    5.00
 155157.175   146.281    -2.23    5.38
 155536.742   145.140    -3.01    5.50
 155916.228   146.188     2.76    5.79
 156295.631   149.543     8.84    7.42
 156674.953   154.812    13.89    7.37
 157054.194   160.617    15.30    5.41
 157433.352   163.628     7.94    3.51
 157812.430   164.904     3.37    3.30
 158191.425   164.213    -1.82    4.08
 158570.339   162.181    -5.36    5.11
 158949.172   160.684    -3.95    5.86
 159327.924   160.840     0.41    6.50
 159706.594   160.989     0.39    7.16
 160085.183   161.075     0.23    7.48
 160463.691   162.577     3.97    7.80
 160842.117   165.204     6.94    8.99
 161220.463   170.663    14.43    9.65
 161598.728   179.521    23.42    9.81
 161976.911   186.340    18.03   11.53
 162355.014   193.074    17.81    9.95
 162733.035   196.234     8.36    6.56
 163110.976   191.979   -11.26   10.26
 163488.837   183.202   -23.22   13.90
 163866.616   177.351   -15.49   11.53
 164244.315   175.674    -4.44    9.82
 164621.933   178.341     7.06    9.82
 164999.471   180.653     6.12    7.08
 165376.928   180.692     0.11    7.58
 165754.304   178.158    -6.72    9.21
 166131.600   173.882   -11.33   11.43
 166508.816   170.211    -9.73   12.74
 166885.952   166.634    -9.48   11.48
 167263.007   165.681    -2.53    9.53
 167639.982   166.043     0.96    7.09
 168016.877   168.489     6.49    5.71
 168393.692   172.151     9.71    6.80
 168770.426   177.064    13.04    7.10
 169147.081   180.385     8.82    6.15
 169523.656   183.716     8.84    4.46
 169900.150   185.609     5.03    4.42
 170276.565   188.495     7.67    5.45
 170652.901   193.156    12.38    8.04
 171029.156   198.138    13.24    8.97
 171405.332   200.977     7.55    7.21
 171781.428   198.716    -6.01    8.74
 172157.444   193.466   -13.96    9.48
 172533.381   186.032   -19.77   10.27
 172909.238   178.330   -20.49   10.52
 173285.016   170.734   -20.21    9.70
 173660.714   162.600   -21.65    9.75
 174036.333   155.876   -17.90    9.18
 174411.873   150.222   -15.05    7.66
 174787.334   146.115   -10.94    7.02
 175162.715   145.911    -0.54    8.42
 175538.017   149.663    10.00   10.57
 175913.240   153.033     8.98   10.27
 176288.384   154.479     3.85   10.35
 176663.449   151.077    -9.07   11.23
 177038.435   146.042   -13.43    8.81
 177413.342   141.835   -11.22    9.13
 177788.170   138.479    -8.95    8.50
 178162.919   137.000    -3.95    7.95
 178537.590   136.758    -0.65    7.62
 178912.182   139.656     7.74    8.12
 179286.695   144.245    12.25    8.34
 179661.130   147.707     9.24    8.92
 180035.486   149.723     5.39    9.98
 180409.763   148.380    -3.59   11.93
 180783.962   145.085    -8.81   11.79
 181158.083   142.074    -8.05    8.18
 181532.125   142.280     0.55    7.70
 181906.089   144.298     5.40    8.21
 182279.974   145.220     2.47    8.45
 182653.782   143.411    -4.84    9.04
 183027.511   143.576     0.44   10.89
 183401.162   144.527     2.54   11.36
 183774.735   145.663     3.04   11.57
 184148.230   145.213    -1.21   10.21
 184521.646   142.602    -6.99    8.68
 184894.985   139.645    -7.92    6.28
 185268.246   137.791    -4.97    4.24
 185641.430   135.957    -4.91    4.08
 186014.535   134.000    -5.25    4.64
 186387.563   133.521    -1.28    4.97
 186760.513   132.220    -3.49    5.39
 187133.385   130.430    -4.80    5.86
 187506.180   127.185    -8.70    6.96
 187878.897   122.442   -12.72    6.22
 188251.537   119.440    -8.06    5.26
 188624.099   116.319    -8.37    4.04
 188996.583   111.924   -11.80    6.54
 189368.991   103.106   -23.67   13.14
 189741.321    93.387   -26.10   14.89
 190113.574    83.424   -26.76   11.77
 190485.749    76.806   -17.78    8.75
 190857.848    74.078    -7.33    9.00
 191229.869    73.800    -0.75    9.29
 191601.813    76.523     7.32   10.02
 191973.680    79.948     9.21    9.36
 192345.471    82.511     6.89    7.20
 192717.184    82.516     0.01    6.62
 193088.820    82.322    -0.52    8.86
 193460.380    82.774     1.22   11.28
 193831.862    82.198    -1.55   12.06
 194203.268    84.925     7.34   13.42
 194574.598    89.473    12.25   15.00
 194945.850    96.819    19.78   14.43
 195317.026   101.904    13.70    8.68
 195688.126   102.176     0.73    7.34
 196059.149    99.389    -7.51    8.82
 196430.095    94.837   -12.27    7.86
 196800.965    94.452    -1.04    6.41
 197171.759    96.944     6.72    6.55
 197542.476   100.521     9.65    7.35
 197913.117   104.860    11.71    6.40
 198283.682   109.691    13.04    7.74
 198654.170   115.885    16.71    9.19
 199024.583   121.596    15.41   10.38
 199394.919   126.286    12.66   10.06
 199765.180   128.312     5.47    9.12
 200135.364   125.904    -6.50    9.64
 200505.472   119.766   -16.58   11.89
 200875.505   111.848   -21.40   11.75
 201245.461   103.151   -23.51    8.32
 201615.342    98.108   -13.63    6.15
 201985.147    94.879    -8.73    5.62
 202354.876    92.926    -5.28    6.03
 202724.530    91.230    -4.59    6.49
 203094.108    89.710    -4.11    6.12
 203463.610    88.057    -4.47    5.07
 203833.037    87.596    -1.25    4.31
 204202.389    87.659     0.17    3.46
 204571.664    88.989     3.60    2.95
 204940.865    89.611     1.68    2.47
 205309.990    89.404    -0.56    2.36
 205679.040    89.467     0.17    1.97
 206048.014    89.699     0.63    2.82
 206416.914    91.409     4.63    4.30
 206785.738    93.791     6.46    5.60
 207154.487    96.702     7.89    6.58
 207523.161    99.276     6.98    6.95
 207891.760   100.839     4.24    6.46
 208260.284    99.126    -4.65    8.88
 208628.733    95.739    -9.19   10.61
 208997.107    92.228    -9.53   10.96
 209365.406    88.830    -9.23    9.80
 209733.630    86.165    -7.24    8.81
 210101.780    85.054    -3.02    8.49
 210469.855    84.380    -1.83    8.24
 210837.855    85.275     2.43    7.78
 211205.781    85.415     0.38    7.23
 211573.632    87.920     6.81    7.51
 211941.408    93.419    14.95    6.14
 212309.110    95.552     5.80    5.49
 212676.738    95.787     0.64    4.56
 213044.291    94.446    -3.65    4.37
 213411.770    96.326     5.12    6.98
 213779.174   101.231    13.35   10.29
 214146.504   107.108    16.00    9.97
 214513.760   111.043    10.72    7.39
 214880.942   113.286     6.11    7.33
 215248.050   115.772     6.77    8.69
 215615.083   120.779    13.64   10.09
 215982.043   126.699    16.13    9.89
 216348.928   133.250    17.85    8.22
 216715.740   136.290     8.29    7.08
 217082.477   136.120    -0.47    8.22
 217449.141   131.489   -12.63   10.50
 217815.731   125.298   -16.89    9.81
 218182.247   118.118   -19.59    8.03
 218548.689   113.141   -13.58    6.30
 218915.058   108.648   -12.26    5.56
 219281.353   105.022    -9.90    6.52
 219647.574   100.174   -13.23    6.89
 220013.722    96.074   -11.20    6.66
 220379.797    92.187   -10.62    6.64
 220745.797    86.565   -15.36    7.89
 221111.725    82.849   -10.15    8.23
 221477.579    80.977    -5.12    7.16
 221843.360    81.372     1.08    7.82
 222209.067    84.404     8.29    8.33
 222574.701    87.538     8.57    6.75
 222947.220    88.761     3.28    7.80
 223328.105    89.649     2.33    8.16
 223708.911    90.747     2.88    8.75
 224089.635    87.447    -8.67   14.79
 224470.280    81.976   -14.37   18.38
 224850.844    76.642   -14.01   18.71
 225231.327    71.118   -14.52   15.33
 225611.730    67.226   -10.23   10.07
 225992.053    64.551    -7.03    5.01
