# NaN NaN NaN ;Mean Elev.(m), Avg Gradient(m/km), RMS Gradient(m/km) - SRTM1     
#   33.047  -0.774   6.188 ;Mean Elev.(m), Avg Gradient(m/km), RMS Gradient(m/km) - ASTER GDEM
#    3.015  -0.031   3.464 ;Mean Elev.(m), Avg Gradient(m/km), RMS Gradient(m/km) - GMTED2010 
  6  51.871520  67.406789     5.694     5.694  2 52420.71413157 29.013
  7  51.873529  67.410400     3.869     3.869  3 52455.71415568 51.389
  8  51.873318  67.420054     2.575     2.455  7 52490.71413142 22.613
 10  51.872656  67.405283     2.728     2.728  2 52560.71415694 23.566
 11  51.872420  67.408872     2.654     2.664  3 52595.71416673 26.194
 12  51.871761  67.405094     2.740     2.785  3 52630.71410173 19.990
 15  51.872079  67.421701     3.396     3.357  8 52735.71413765 10.218
 18  51.872386  67.404650     1.596     1.596  2 52840.71421922 50.500
 20  51.873137  67.426228     2.775     2.763  9 52910.71422938 51.974
 23  51.873913  67.417457     3.158     3.084  7 53015.71421588 14.301
 24  51.870593  67.405519     4.097     4.097  2 53050.71418953 12.201
 25  51.874862  67.411434     4.020     3.883  4 53085.71422672 13.246
 26  51.871091  67.404419     2.632     2.632  2 53120.71419580  8.990
 27  51.869691  67.405423     6.128     6.128  2 53155.71424983 30.535
 28  51.874913  67.415263     4.747     4.733  6 53190.71424240 52.122
 29  51.873831  67.418471     3.343     3.250  7 53225.71425021 19.624
 30  51.873664  67.420121     1.702     1.659  8 53260.71422478 25.480
 31  51.867996  67.402136     1.567     1.567  2 53295.71425233 53.556
 32  51.874344  67.412284     1.325     1.345  4 53330.71422661 49.679
 33  51.873428  67.425779     3.056     2.936  9 53365.71417733 20.786
 34  51.871894  67.407524     4.113     4.113  2 53400.71420001 16.948
 35  51.871454  67.424152     2.947     2.800  9 53435.71419276 16.756
 36  51.870871  67.403893     5.689     5.868  3 53470.71423679  7.691
 37  51.874088  67.409136     2.607     2.627  4 53505.71427478 40.357
 38  51.874627  67.409943     4.893     4.923  3 53540.71427720 22.060
 39  51.872398  67.417698     1.103     1.105  7 53575.71427086 47.350
 40  51.872211  67.424650     0.902     0.912  9 53610.71422327 48.340
 41  51.870262  67.404369     4.834     4.834  2 53645.71422334 23.572
 42  51.874572  67.409873     2.281     2.213  3 53680.71424090 27.985
 43  51.873034  67.424994     2.037     2.047  9 53715.71417149 32.164
 44  51.871788  67.404865     4.315     4.315  2 53750.71408515 13.700
 45  51.871838  67.420502     2.859     2.849  7 53785.71411826 13.992
 46  51.863475  67.441013     2.600     2.902  9 53820.71407997 12.012
 47  51.870982  67.404316     0.697     0.644  3 53855.71415910 17.442
 48  51.875163  67.413029     5.668     5.695  5 53890.71417147 42.509
 49  51.870596  67.403182     1.756     1.756  2 53925.71423355 51.672
 50  51.874389  67.412288     3.379     3.362  4 53960.71422243 28.641
 51  51.866944  67.399583     4.607     4.755  3 53995.71415833 31.765
 52  51.872597  67.406241     1.218     1.221  3 54030.71421439 41.515
 54  51.871973  67.423895     1.917     2.024  9 54100.71417473 19.844
 55  51.871446  67.404958     2.894     2.749  3 54135.71413423 13.847
 57  51.872007  67.402624     2.557     2.557  2 54205.71413853  8.533
 58  51.875429  67.410368     6.909     6.909  3 54240.71417346 50.500
 59  51.875136  67.411002     4.963     4.945  3 54275.71418913 45.601
 61  51.872456  67.425247     2.215     2.331  9 54345.71416774 30.571
 62  51.871728  67.406972     3.842     3.842  2 54380.71412611 23.795
 63  51.872334  67.418314     2.289     2.295  6 54415.71411510 50.378
 64  51.870851  67.404045     3.627     3.627  2 54450.71409376 16.536
 65  51.875022  67.412386     3.008     3.003  4 54485.71410966 12.475
 66  51.872005  67.408246     3.758     3.421  3 54520.71410786 14.000
 67  51.873007  67.420614     1.091     0.835  7 54555.71412221 16.381
 68  51.872247  67.409422     1.662     1.488  3 54590.71410420  8.782
 69  51.874216  67.413851     6.825     6.806  5 54625.71412119 26.957
 70  51.873004  67.409540     2.371     2.358  3 54660.71412861 48.509
 71  51.873413  67.419632     0.945     0.936  8 54695.71410831 47.242
 72  51.872642  67.405896     2.213     2.216  3 54730.71408340 45.991
 73  51.876003  67.410462     2.411     1.962  4 54765.71408499 25.996
 74  51.870095  67.404625     2.667     2.667  2 54800.71407691 23.757
 75  51.874953  67.412323     2.712     2.720  4 54835.71407711 14.280
 76  51.871235  67.405152     3.457     3.573  3 54870.71407468 14.685
 77  51.872635  67.421630     3.328     3.235  8 54905.71408717 14.268
 78  51.871950  67.406430     4.400     4.400  2 54940.71406705 12.063
 79  51.874710  67.408598     4.951     4.964  3 54975.71409660 33.584
 80  51.874375  67.413661     5.624     5.615  5 55010.71410818 27.013
 81  51.874354  67.410190     2.434     1.338  3 55045.71409872 26.298
 82  51.873756  67.422321     0.756     0.776  9 55080.71407512 50.693
 83  51.872447  67.407567     2.220     2.220  2 55115.71403028 34.329
 84  51.875525  67.411151     1.675     1.670  4 55150.71402988 34.543
 85  51.872374  67.403725     4.040     4.040  2 55185.71401466 18.862
 86  51.873734  67.414839     3.038     3.002  6 55220.71402875 16.775
 87  51.873214  67.407525     3.529     3.529  2 55255.71401123 15.953
 88  51.871217  67.423920     2.889     2.824  9 55290.71401953 14.773
 89  51.872963  67.410375     4.952     4.982  3 55325.71399750 38.820
 90  51.873346  67.415522     4.417     4.234  6 55360.71399541 22.454
 91  51.871849  67.406956     1.649     1.649  2 55395.71399972 51.245
 92  51.875715  67.410609     2.043     1.096  3 55430.71400990 24.042
 93  51.873146  67.426694     1.851     1.846  9 55465.71397391 39.802
