-169437.919    93.349     0.00    7.35
-169058.721    93.934     1.54    7.37
-168679.608    94.274     0.90    5.96
-168300.581    94.585     0.82    5.48
-167921.639    93.520    -2.81    7.03
-167542.783    90.727    -7.37    8.70
-167164.012    86.155   -12.07   10.79
-166785.327    80.450   -15.07   12.11
-166406.727    73.800   -17.57   10.02
-166028.213    67.880   -15.64    7.60
-165649.783    64.133    -9.90    6.70
-165271.439    61.480    -7.01    7.45
-164893.180    59.202    -6.02    7.89
-164515.006    57.337    -4.93    7.46
-164136.917    57.141    -0.52    6.20
-163758.913    60.280     8.30    7.63
-163380.994    64.130    10.19    7.65
-163003.160    67.701     9.45    5.70
-162625.410    69.265     4.14    5.67
-162247.745    68.278    -2.61    6.24
-161870.165    66.320    -5.19    5.59
-161492.670    63.144    -8.41    5.34
-161115.259    59.889    -8.63    5.92
-160737.933    56.337    -9.41    4.57
-160360.691    54.561    -4.71    3.45
-159983.533    55.989     3.79    4.28
-159606.460    59.730     9.92    5.99
-159229.471    65.163    14.41    7.21
-158852.566    71.680    17.29    8.52
-158475.746    78.755    18.78    8.11
-158099.009    84.950    16.44    8.08
-157722.357    91.726    17.99    7.54
-157345.789    97.899    16.39    6.53
-156969.304   102.042    11.00    4.21
-156592.904   104.100     5.47    2.56
-156216.587   103.727    -0.99    2.81
-155840.354   101.566    -5.75    4.89
-155464.205    99.103    -6.55    5.43
-155088.140    96.255    -7.57    6.03
-154712.158    94.340    -5.09    6.21
-154336.260    94.250    -0.24    6.61
-153960.445    95.212     2.56    7.73
-153584.714    96.459     3.32    7.46
-153209.066    97.214     2.01    6.94
-152833.501    95.032    -5.81    7.69
-152458.020    91.210   -10.18    8.37
-152082.622    87.185   -10.72    8.67
-151707.307    82.430   -12.67    8.27
-151332.075    76.181   -16.66    7.09
-150956.927    71.162   -13.38    6.25
-150581.861    66.387   -12.73    4.94
-150206.878    62.772    -9.64    4.16
-149831.979    60.167    -6.95    4.00
-149457.162    58.594    -4.20    2.85
-149082.428    58.814     0.59    2.81
-148707.776    60.687     5.00    3.29
-148333.208    63.030     6.26    3.49
-147958.722    67.230    11.22    5.40
-147584.318    72.449    13.94    7.57
-147209.997    79.347    18.43    8.77
-146835.759    85.900    17.51    7.31
-146461.603    91.551    15.10    5.12
-146087.529    94.010     6.57    3.99
-145713.538    94.874     2.31    4.31
-145339.629    93.111    -4.71    6.38
-144965.802    88.189   -13.17    9.01
-144592.057    81.850   -16.96   10.30
-144218.395    75.054   -18.19   10.62
-143844.814    69.455   -14.99    9.43
-143471.315    64.065   -14.43    8.35
-143097.899    60.697    -9.02    6.67
-142724.564    57.745    -7.91    4.67
-142351.311    55.784    -5.26    2.83
-141978.140    55.367    -1.12    2.48
-141605.051    54.869    -1.34    1.93
-141232.043    54.459    -1.10    1.92
-140859.117    53.860    -1.61    2.08
-140486.272    53.444    -1.12    2.17
-140113.509    53.011    -1.16    2.59
-139740.828    53.120     0.29    2.86
-139368.228    54.215     2.94    3.63
-138995.709    54.570     0.95    3.25
-138623.272    55.052     1.29    3.08
-138250.915    55.253     0.54    2.88
-137878.640    54.385    -2.33    2.28
-137506.446    54.263    -0.33    2.16
-137134.334    54.464     0.54    1.64
-136762.302    53.536    -2.49    1.39
-136390.351    53.110    -1.15    1.95
-136018.481    52.619    -1.32    2.31
-135646.693    51.869    -2.02    2.53
-135274.984    50.837    -2.78    2.97
-134903.357    49.704    -3.05    2.60
-134531.811    48.925    -2.10    2.22
-134160.345    47.980    -2.54    2.29
-133788.960    47.093    -2.39    2.20
-133417.655    46.296    -2.15    2.01
-133046.431    46.323     0.07    2.33
-132675.287    46.347     0.06    2.39
-132304.224    46.633     0.77    2.72
-131933.241    46.611    -0.06    2.63
-131562.338    46.010    -1.62    2.78
-131191.516    46.280     0.73    3.36
-130820.774    45.470    -2.18    3.44
-130450.112    44.968    -1.36    3.41
-130079.530    44.830    -0.37    2.54
-129709.028    43.866    -2.60    2.37
-129338.607    42.878    -2.67    2.92
-128968.265    42.212    -1.80    2.80
-128598.003    41.860    -0.95    2.71
-128227.821    41.959     0.27    2.70
-127857.719    41.598    -0.98    3.23
-127487.696    40.480    -3.02    3.57
-127117.753    38.326    -5.82    3.15
-126747.890    36.820    -4.07    2.96
-126378.107    36.152    -1.81    2.88
-126008.403    36.232     0.22    2.88
-125638.778    37.042     2.19    3.30
-125269.233    37.888     2.29    2.87
-124899.767    38.455     1.53    2.43
-124530.381    38.189    -0.72    2.33
-124161.074    37.388    -2.17    2.39
-123791.846    36.768    -1.68    3.17
-123422.698    35.848    -2.49    2.96
-123053.628    35.815    -0.09    3.07
-122684.638    37.111     3.51    2.80
-122315.727    38.168     2.87    2.36
-121946.894    38.204     0.10    2.55
-121578.141    38.480     0.75    2.71
-121209.467    39.510     2.80    3.71
-120840.871    41.347     4.98    4.41
-120472.354    44.052     7.34    3.55
-120103.916    45.673     4.40    2.58
-119735.557    46.798     3.05    2.56
-119367.276    47.551     2.05    2.90
-118999.074    47.134    -1.13    2.83
-118630.950    46.876    -0.70    2.62
-118262.905    47.278     1.09    2.53
-117894.938    47.364     0.23    2.04
-117527.050    47.388     0.07    2.29
-117159.240    48.084     1.89    2.80
-116791.509    49.590     4.10    3.84
-116423.855    51.500     5.20    3.52
-116056.280    53.929     6.61    4.16
-115688.783    55.557     4.43    3.24
-115321.364    56.010     1.23    3.25
-114954.023    55.510    -1.36    3.38
-114586.760    54.656    -2.33    3.18
-114219.575    53.303    -3.69    3.41
-113852.468    52.233    -2.91    4.69
-113485.439    51.464    -2.10    4.92
-113118.487    49.064    -6.54    5.44
-112751.614    47.167    -5.17    4.70
-112384.818    47.406     0.65    4.38
-112018.099    49.500     5.71    5.88
-111651.459    51.340     5.02    5.69
-111284.896    53.811     6.74    3.75
-110918.410    55.131     3.60    3.45
-110552.002    54.615    -1.41    3.58
-110185.671    54.337    -0.76    3.28
-109819.417    54.083    -0.69    2.79
-109453.241    54.020    -0.17    2.45
-109087.143    54.619     1.63    2.16
-108721.121    55.515     2.45    2.12
-108355.176    55.765     0.68    2.19
-107989.309    56.418     1.78    2.42
-107623.519    56.907     1.34    2.14
-107257.806    57.021     0.31    3.02
-106892.169    57.354     0.91    3.37
-106526.610    58.173     2.24    3.93
-106161.128    60.844     7.31    5.68
-105795.722    62.490     4.50    6.26
-105430.393    63.543     2.88    6.70
-105065.141    65.247     4.67    7.86
-104687.687    68.407     8.37   10.47
-104306.406    73.701    13.89   11.12
-103925.209    78.217    11.85    7.28
-103544.098    78.525     0.81    5.52
-103163.071    78.283    -0.64    4.58
-102782.129    76.888    -3.66    3.88
-102401.272    77.154     0.70    3.94
-102020.500    79.948     7.34    6.76
-101639.812    83.587     9.56    6.40
-101259.209    87.111     9.26    5.30
-100878.690    89.848     7.19    3.64
-100498.255    90.845     2.62    3.24
-100117.905    91.611     2.01    2.71
 -99737.640    92.381     2.03    2.79
 -99357.459    93.413     2.71    2.80
 -98977.361    94.990     4.15    2.89
 -98597.348    96.533     4.06    3.12
 -98217.420    97.536     2.64    2.95
 -97837.575    97.944     1.08    2.88
 -97457.814    97.784    -0.42    2.54
 -97078.137    96.141    -4.33    3.37
 -96698.544    93.636    -6.60    3.90
 -96319.035    91.402    -5.89    4.47
 -95939.610    89.701    -4.48    3.61
 -95560.268    91.078     3.63    4.77
 -95181.010    93.577     6.59    5.15
 -94801.836    96.902     8.77    3.74
 -94422.745    99.990     8.15    4.86
 -94043.738   102.620     6.94    5.21
 -93664.814   106.406     9.99    5.95
 -93285.974   109.189     7.35    4.40
 -92907.217   108.806    -1.01    4.74
 -92528.543   105.815    -7.90    7.09
 -92149.953   100.545   -13.92    7.59
 -91771.446    96.163   -11.58    6.56
 -91393.022    93.897    -5.99    4.19
 -91014.680    93.670    -0.60    3.68
 -90636.422    95.000     3.52    3.93
 -90258.247    96.130     2.99    3.66
 -89880.155    94.667    -3.87    4.56
 -89502.146    92.859    -4.78    5.16
 -89124.219    90.704    -5.70    5.19
 -88746.376    87.378    -8.80    4.92
 -88368.615    85.443    -5.12    4.50
 -87990.936    83.095    -6.22    3.76
 -87613.341    81.604    -3.95    3.25
 -87235.827    82.510     2.40    5.02
 -86858.397    84.684     5.76    6.15
 -86481.048    87.424     7.26    5.39
 -86103.782    88.245     2.18    4.63
 -85726.599    87.548    -1.85    4.60
 -85349.497    85.531    -5.35    3.94
 -84972.478    83.224    -6.12    3.35
 -84595.541    81.125    -5.57    3.14
 -84218.687    79.915    -3.21    2.43
 -83841.914    79.214    -1.86    1.94
 -83465.223    79.726     1.36    1.81
 -83088.614    79.729     0.01    1.83
 -82712.087    79.206    -1.39    2.21
 -82335.642    78.389    -2.17    3.13
 -81959.279    77.125    -3.36    3.71
 -81582.998    77.392     0.71    4.15
 -81206.798    77.722     0.88    4.45
 -80830.680    78.937     3.23    4.81
 -80454.643    80.072     3.02    4.62
 -80078.688    80.366     0.78    4.52
 -79702.815    79.918    -1.19    3.72
 -79327.023    79.232    -1.83    2.72
 -78951.312    78.165    -2.84    2.21
 -78575.683    77.815    -0.93    2.02
 -78200.134    77.918     0.27    1.83
 -77824.668    77.622    -0.79    1.42
 -77449.282    78.032     1.09    2.07
 -77073.977    77.967    -0.17    2.22
 -76698.754    77.510    -1.22    2.47
 -76323.611    76.174    -3.56    2.59
 -75948.550    75.165    -2.69    2.51
 -75573.569    75.411     0.65    2.78
 -75198.669    75.959     1.46    3.03
 -74823.850    76.602     1.72    2.99
 -74449.112    76.021    -1.55    3.13
 -74074.455    74.495    -4.07    2.79
 -73699.878    72.938    -4.16    2.82
 -73325.382    71.536    -3.74    3.01
 -72950.966    70.495    -2.78    2.70
 -72576.631    69.521    -2.60    2.10
 -72202.376    68.729    -2.12    2.12
 -71828.202    67.740    -2.64    3.33
 -71454.108    66.645    -2.93    3.57
 -71080.094    66.938     0.78    3.83
 -70706.161    66.554    -1.03    4.15
 -70332.308    65.907    -1.73    4.28
 -69958.535    65.152    -2.02    3.96
 -69584.842    64.737    -1.11    3.37
 -69211.229    65.793     2.83    3.49
 -68837.696    66.113     0.86    3.44
 -68464.243    66.522     1.09    3.36
 -68090.869    65.802    -1.93    3.10
 -67717.576    64.880    -2.47    2.64
 -67344.363    64.103    -2.08    2.79
 -66971.229    62.365    -4.66    2.87
 -66598.175    58.814    -9.52    5.64
 -66225.200    56.229    -6.93    6.50
 -65852.306    54.242    -5.33    6.24
 -65479.490    54.144    -0.26    6.30
 -65106.754    55.158     2.72    5.69
 -64734.098    56.052     2.40    4.11
 -64361.521    56.348     0.80    3.63
 -63989.023    55.271    -2.89    4.48
 -63616.605    54.078    -3.20    5.35
 -63244.266    52.615    -3.93    5.86
 -62872.006    50.272    -6.29    5.90
 -62499.825    48.758    -4.07    5.03
 -62127.723    47.290    -3.94    3.82
 -61755.701    46.041    -3.36    3.27
 -61383.757    44.978    -2.86    2.24
 -61011.892    42.958    -5.43    3.40
 -60640.106    41.840    -3.01    3.73
 -60268.399    41.979     0.37    3.81
 -59896.771    42.229     0.67    4.01
 -59525.221    42.063    -0.45    4.28
 -59153.750    40.371    -4.56    5.67
 -58782.358    38.011    -6.36    6.73
 -58411.045    39.959     5.25    9.25
 -58039.810    44.033    10.97   11.34
 -57668.653    51.320    19.63   11.34
 -57297.575    58.393    19.06    4.93
 -56926.575    60.458     5.57    3.40
 -56555.654    61.141     1.84    4.47
 -56184.811    59.577    -4.22    7.22
 -55814.046    58.789    -2.13    7.94
 -55443.359    58.021    -2.07    8.23
 -55072.751    56.625    -3.77    8.66
 -54702.220    56.617    -0.02    8.25
 -54331.768    57.175     1.51    8.31
 -53961.393    61.170    10.79    5.46
 -53591.097    63.763     7.00    1.97
 -53220.878    65.233     3.97    2.35
 -52850.738    67.278     5.53    3.82
 -52480.675    68.811     4.14    3.78
 -52110.690    70.583     4.79    2.74
 -51740.782    71.269     1.85    2.10
 -51370.953    72.389     3.03    1.93
 -51001.201    72.747     0.97    1.69
 -50631.526    72.842     0.26    1.42
 -50261.929    72.479    -0.98    1.38
 -49892.409    72.613     0.36    1.66
 -49522.967    73.188     1.56    1.82
 -49153.602    73.739     1.49    2.18
 -48784.315    74.784     2.83    2.38
 -48415.105    75.367     1.58    2.33
 -48045.972    74.959    -1.11    2.40
 -47676.916    75.283     0.88    3.06
 -47307.938    77.295     5.45    4.95
 -46939.036    80.064     7.51    5.35
 -46570.211    84.394    11.74    5.54
 -46201.464    88.453    11.01    5.18
 -45832.793    92.685    11.48    6.08
 -45464.200    96.312     9.84    5.12
 -45095.683    98.822     6.81    4.15
 -44727.243    98.835     0.03    4.13
 -44358.879    98.245    -1.60    4.04
 -43990.593    98.495     0.68    4.66
 -43622.383   104.043    15.07   11.86
 -43254.249   113.095    24.59   14.51
 -42886.193   118.042    13.44   11.35
 -42518.212   116.372    -4.54   12.51
 -42150.309   107.758   -23.42   14.96
 -41782.481    96.385   -30.92   10.91
 -41414.730    88.734   -20.80    6.78
 -41047.055    83.750   -13.56    4.75
 -40679.457    80.344    -9.27    3.29
 -40311.935    78.634    -4.65    3.44
 -39944.489    76.021    -7.11    6.92
 -39577.119    71.989   -10.97   11.88
 -39209.825    63.305   -23.64   16.22
 -38842.607    54.781   -23.21   15.92
 -38475.466    46.495   -22.57   11.85
 -38108.400    43.375    -8.50    7.91
 -37741.410    41.467    -5.20    5.11
 -37374.496    43.042     4.29    7.49
 -37007.658    47.826    13.04   12.90
 -36640.895    59.326    31.36   20.39
 -36274.208    70.191    29.63   18.40
 -35907.597    76.840    18.14   13.36
 -35541.062    76.347    -1.35   13.69
 -35174.602    65.967   -28.33   16.20
 -34808.218    54.095   -32.41   13.58
 -34441.909    48.310   -15.79   10.27
 -34075.675    52.646    11.84   14.31
 -33709.517    59.108    17.65   16.61
 -33343.435    65.713    18.04   14.52
 -32977.427    69.160     9.42   14.42
 -32611.495    71.117     5.35   14.87
 -32245.638    71.979     2.36   13.72
 -31879.856    73.466     4.06   11.66
 -31514.149    75.333     5.11    8.98
 -31148.518    70.659   -12.78   10.24
 -30782.961    67.274    -9.26    9.75
 -30417.480    64.250    -8.27    8.57
 -30044.671    63.000    -3.35    8.89
 -29663.556    62.628    -0.98   10.55
 -29282.524    60.745    -4.94   10.77
 -28901.574    57.287    -9.08    9.55
 -28520.708    54.096    -8.38    8.56
 -28139.923    49.660   -11.65   10.57
 -27759.222    44.800   -12.77   11.38
 -27378.602    38.968   -15.32   11.09
 -26998.066    31.716   -19.06    8.83
 -26617.611    27.305   -11.59    6.22
 -26237.239    24.684    -6.89    3.45
 -25856.949    26.879     5.77    6.24
 -25476.741    32.484    14.74    9.18
 -25096.616    37.293    12.65    9.39
 -24716.572    43.490    16.30    7.73
 -24336.611    46.944     9.09    6.01
 -23956.732    51.821    12.84    7.19
 -23576.934    56.146    11.39    8.93
 -23197.219    62.979    18.00   11.05
 -22817.585    71.200    21.65    8.66
 -22438.033    76.656    14.38    7.04
 -22058.563    78.256     4.21    6.07
 -21679.174    77.958    -0.78    7.16
 -21299.867    78.000     0.11    7.47
 -20920.642    80.872     7.57    7.68
 -20541.498    85.529    12.28    6.66
 -20162.435    89.277     9.89    7.60
 -19783.454    94.161    12.89    7.40
 -19404.555   100.851    17.66    8.71
 -19025.736   106.622    15.23    8.23
 -18646.999   109.312     7.10    7.40
 -18268.344   109.791     1.26    8.04
 -17889.769   110.051     0.69    7.71
 -17511.275   107.878    -5.74    7.62
 -17132.863   104.031   -10.17    9.38
 -16754.531    98.080   -15.73   10.85
 -16376.281    91.819   -16.55    9.72
 -15998.111    86.736   -13.44    9.88
 -15620.022    81.362   -14.21    8.97
 -15242.014    75.862   -14.55    7.65
 -14864.087    70.319   -14.67    6.40
 -14486.240    66.200   -10.90    6.44
 -14108.475    62.771    -9.08    6.59
 -13730.789    59.593    -8.41    5.99
 -13353.184    57.885    -4.52    5.40
 -12975.660    56.089    -4.76    4.83
 -12598.216    55.474    -1.63    4.10
 -12220.853    52.682    -7.40    6.50
 -11843.570    45.351   -19.43   12.72
 -11466.367    39.404   -15.77   12.38
 -11089.244    38.632    -2.05   10.83
 -10712.202    42.523    10.32   11.91
 -10335.240    48.415    15.63    8.49
  -9958.358    47.467    -2.52    9.24
  -9581.556    41.021   -17.11   12.10
  -9204.833    29.576   -30.38   14.83
  -8828.191    18.305   -29.92   13.93
  -8451.629    11.380   -18.39   12.61
  -8075.147     6.032   -14.21    8.74
  -7698.744     3.348    -7.13    5.06
  -7322.421     2.347    -2.66    2.38
  -6946.178     2.000    -0.92    0.00
  -6570.014     2.074     0.20    0.55
  -6193.930     2.226     0.40    1.13
  -5817.926     2.742     1.37    2.37
  -5442.001     4.277     4.08    4.18
  -5066.155     6.564     6.09    5.38
  -4690.389     8.903     6.23    5.15
  -4314.702    11.147     5.97    4.06
  -3939.095    12.011     2.30    2.78
  -3563.566    11.511    -1.33    2.85
  -3188.117     9.787    -4.59    3.77
  -2812.747     9.649    -0.37    4.27
  -2437.456     9.745     0.26    4.54
  -2062.245     9.817     0.19    4.60
  -1687.112    10.936     2.98    4.48
  -1312.058     9.185    -4.67    6.53
   -937.083     6.263    -7.79    7.10
   -562.187     2.804    -9.23    5.70
   -187.369     0.677    -5.67    2.67
    187.369     1.769     2.91    3.51
    562.029     3.309     4.11    5.46
    936.610     3.875     1.51    5.45
   1311.113     3.319    -1.48    5.22
   1685.537     2.333    -2.63    5.00
   2059.883     0.742    -4.25    1.73
   2434.150     0.000    -1.98    0.00
   2808.339     0.340     0.91    1.36
   3182.449     2.236     5.07    3.77
   3556.481     4.484     6.01    4.14
   3930.435     6.489     5.36    3.30
   4304.311     6.937     1.20    2.87
   4678.108     6.056    -2.36    2.57
   5051.827     7.777     4.61    5.41
   5425.469    10.576     7.49    7.20
   5799.032    13.766     8.54    7.43
   6172.517    15.957     5.87    5.62
   6545.925    18.065     5.64    4.45
   6919.254    20.202     5.72    6.08
   7292.506    25.391    13.90    8.71
   7665.680    29.064     9.84    9.70
   8038.776    33.022    10.61   11.18
   8411.794    37.053    10.81   10.93
   8784.735    38.891     4.93   11.38
   9157.599    39.301     1.10   10.65
   9530.384    39.811     1.37   11.10
   9903.093    39.255    -1.49   10.39
  10275.723    37.105    -5.77    9.70
  10648.277    34.688    -6.49    9.72
  11020.753    32.529    -5.80    9.51
  11393.152    32.935     1.09   10.02
  11765.473    33.195     0.70   10.97
  12137.717    35.447     6.05   12.12
  12509.885    37.560     5.68   12.59
  12881.975    36.447    -2.99   11.74
  13253.988    34.700    -4.70   11.07
  13625.924    30.521   -11.23   10.26
  13997.783    27.440    -8.29    7.58
  14369.565    27.266    -0.47    5.91
  14741.270    29.630     6.36    7.33
  15112.899    32.968     8.98    6.84
  15484.450    34.200     3.32    5.72
  15855.925    35.728     4.11    6.27
  16227.323    37.436     4.60    7.90
  16598.645    39.967     6.82    7.68
  16969.890    40.885     2.47    7.45
  17341.058    39.517    -3.69    8.11
  17712.150    37.604    -5.15    7.20
  18083.166    39.090     4.00    8.05
  18454.105    40.301     3.27    8.15
  18824.968    42.560     6.09    8.57
  19195.754    45.000     6.58    7.43
  19566.465    47.638     7.12    7.19
  19937.099    50.913     8.84    6.28
  20307.656    50.828    -0.23    6.30
  20678.138    49.700    -3.04    6.63
  21048.544    48.468    -3.33    7.03
  21418.873    44.956    -9.48    7.53
  21789.127    41.409    -9.58    8.15
  22159.305    38.478    -7.92    7.01
  22529.406    37.660    -2.21    6.43
  22899.432    40.557     7.83    8.77
  23269.383    44.097     9.57    9.86
  23639.257    45.920     4.93   10.27
  24009.056    48.442     6.82    9.11
  24378.779    49.462     2.76    7.43
  24748.426    49.226    -0.64    4.66
  25117.998    49.441     0.58    3.78
  25487.494    48.011    -3.87    5.05
  25856.915    48.787     2.10    7.61
  26226.261    51.870     8.35    7.75
  26595.531    54.761     7.83    6.88
  26964.725    59.135    11.85    4.53
  27333.845    61.753     7.09    5.91
  27702.889    64.605     7.73    5.72
  28071.858    64.774     0.46    5.40
  28440.752    64.656    -0.32    5.79
  28809.571    64.642    -0.04    5.49
  29178.314    65.043     1.09    4.95
  29546.983    67.739     7.31    4.79
  29915.577    70.613     7.80    4.35
  30284.095    72.699     5.66    4.63
  30652.539    74.032     3.62    5.61
  31020.908    75.011     2.66    6.01
  31389.202    75.638     1.70    5.87
  31757.422    76.989     3.67    6.21
  32125.567    78.602     4.38    6.10
  32493.637    80.299     4.61    5.86
  32861.632    81.495     3.25    3.95
  33229.553    81.275    -0.60    2.89
  33597.400    78.772    -6.80    4.47
  33965.172    75.441    -9.06    5.33
  34332.869    72.344    -8.42    4.14
  34700.492    70.840    -4.09    3.01
  35068.041    70.549    -0.79    2.30
  35435.516    70.796     0.67    1.89
  35802.916    70.023    -2.10    3.02
  36170.242    66.699    -9.05    5.51
  36537.494    63.875    -7.69    5.87
  36904.672    60.226    -9.94    5.04
  37271.775    58.641    -4.32    4.58
  37638.805    56.978    -4.53    5.60
  38005.761    55.043    -5.27    5.16
  38372.642    54.045    -2.72    4.38
  38739.450    54.319     0.75    3.88
  39106.184    53.978    -0.93    3.70
  39472.844    54.096     0.32    3.00
  39839.431    53.551    -1.49    2.90
  40205.943    53.946     1.08    3.00
  40572.382    55.253     3.57    3.77
  40938.748    56.194     2.57    3.82
  41305.039    56.656     1.26    2.92
  41671.258    55.598    -2.89    2.46
  42037.402    55.064    -1.46    2.75
  42403.474    54.956    -0.30    2.74
  42769.472    55.978     2.79    3.43
  43135.396    58.023     5.59    3.59
  43501.247    60.511     6.80    3.99
  43867.025    63.270     7.54    3.47
  44232.730    65.656     6.52    4.72
  44601.252    67.000     3.65    6.12
  44982.203    67.473     1.24    6.81
  45363.074    67.102    -0.97    5.90
  45743.864    66.223    -2.31    4.38
  46124.574    64.967    -3.30    4.21
  46505.204    62.333    -6.92    4.79
  46885.753    59.820    -6.60    4.00
  47266.222    59.804    -0.04    3.39
  47646.610    62.023     5.83    4.79
  48026.919    63.670     4.33    4.36
  48407.147    64.782     2.92    3.27
  48787.295    63.849    -2.45    4.10
  49167.363    62.437    -3.72    4.05
  49547.351    61.366    -2.82    3.90
  49927.260    60.023    -3.53    4.16
  50307.088    59.258    -2.01    3.67
  50686.836    60.453     3.15    5.16
  51066.505    62.774     6.11    5.60
  51446.094    65.640     7.55    3.47
  51825.603    67.587     5.13    3.70
  52205.032    71.736    10.93    7.24
  52584.382    78.217    17.09    8.67
  52963.652    83.389    13.63    6.45
  53342.843    85.645     5.95    4.19
  53721.955    85.667     0.06    4.60
  54100.987    84.753    -2.41    4.38
  54479.939    84.256    -1.31    4.12
  54858.812    83.409    -2.24    4.47
  55237.606    82.244    -3.07    4.35
  55616.321    81.419    -2.18    4.13
  55994.957    80.022    -3.69    4.28
  56373.513    79.194    -2.19    4.54
  56751.991    77.835    -3.59    4.69
  57130.389    75.581    -5.96    3.79
  57508.709    73.663    -5.07    3.32
  57886.949    72.380    -3.39    2.86
  58265.111    72.378    -0.01    2.69
  58643.194    71.870    -1.34    2.76
  59021.198    70.922    -2.51    3.14
  59399.123    70.849    -0.19    3.40
  59776.970    71.411     1.49    4.03
  60154.738    72.021     1.62    4.24
  60532.428    72.689     1.77    4.15
  60910.038    73.138     1.19    4.27
  61287.571    73.270     0.35    4.03
  61665.025    74.570     3.44    3.50
  62042.401    76.989     6.41    4.13
  62419.698    79.033     5.42    5.07
  62796.917    82.517     9.24    4.67
  63174.058    85.478     7.85    4.12
  63551.120    87.795     6.15    3.88
  63928.105    88.505     1.88    3.30
  64305.011    86.875    -4.33    4.77
  64681.840    83.731    -8.34    5.53
  65058.590    79.545   -11.11    5.10
  65435.262    77.215    -6.19    4.07
  65811.857    75.989    -3.26    3.90
  66188.373    76.591     1.60    3.69
  66564.812    77.705     2.96    3.36
  66941.173    77.688    -0.04    3.65
  67317.456    77.148    -1.44    4.05
  67693.662    76.785    -0.96    4.20
  68069.790    77.307     1.39    4.48
  68445.841    78.000     1.84    3.97
  68821.814    78.818     2.18    3.20
  69197.709    78.419    -1.06    3.08
  69573.527    76.318    -5.59    3.25
  69949.268    75.413    -2.41    3.60
  70324.931    74.739    -1.80    4.25
  70700.517    74.685    -0.14    5.43
  71076.026    75.852     3.11    6.25
  71451.457    76.376     1.40    6.49
  71826.812    76.648     0.72    5.94
  72202.089    74.815    -4.88    6.45
  72577.290    71.523    -8.77    7.17
  72952.413    65.054   -17.24   10.17
  73327.459    55.432   -25.66   12.37
  73702.429    47.283   -21.73   12.53
  74077.321    40.058   -19.27    8.40
  74452.137    38.250    -4.82    6.94
  74826.876    40.174     5.14    8.57
  75201.538    45.511    14.24    8.47
  75576.124    51.477    15.93    7.10
  75950.633    58.130    17.77    8.26
  76325.065    64.965    18.25    9.40
  76699.421    72.011    18.82    9.49
  77073.700    78.686    17.83    5.45
  77447.903    81.283     6.94    2.75
  77822.030    81.523     0.64    2.38
  78196.080    79.576    -5.21    3.38
  78570.054    77.409    -5.79    3.15
  78943.951    75.967    -3.86    2.94
  79317.773    74.759    -3.23    1.69
  79691.518    75.264     1.35    1.71
  80065.187    75.648     1.03    1.93
  80438.780    74.391    -3.36    3.48
  80812.297    71.307    -8.26    5.71
  81185.738    69.140    -5.80    5.02
  81559.103    69.125    -0.04    5.41
  81932.392    70.957     4.91    5.90
  82305.605    73.200     6.01    4.31
  82678.743    73.696     1.33    3.80
  83051.804    72.700    -2.67    3.77
  83424.790    70.656    -5.48    4.40
  83797.701    65.678   -13.35    8.89
  84170.536    58.570   -19.06   10.36
  84543.295    53.945   -12.41    7.88
  84915.978    51.736    -5.93    5.45
  85288.587    52.511     2.08    5.66
  85661.119    55.978     9.31    5.46
  86033.577    58.380     6.45    5.77
  86405.959    59.874     4.01    5.55
  86778.265    61.402     4.11    4.77
  87150.497    62.570     3.14    4.68
  87522.653    65.880     8.90    5.57
  87894.734    69.593     9.98    5.14
  88266.740    72.163     6.91    3.41
  88638.671    72.977     2.19    2.67
  89010.527    71.207    -4.76    4.26
  89382.308    66.600   -12.39    6.59
  89754.014    62.396   -11.31    6.39
  90125.645    60.275    -5.71    5.31
  90497.201    60.571     0.80    4.78
  90868.682    64.363    10.20    5.54
  91240.089    67.250     7.77    4.14
  91611.421    68.099     2.29    3.47
  91982.678    67.101    -2.69    4.41
  92353.861    65.522    -4.25    5.34
  92724.969    63.722    -4.85    6.24
  93096.002    62.326    -3.76    7.10
  93466.961    61.596    -1.97    6.12
  93837.846    61.667     0.19    5.04
  94208.656    61.080    -1.58    4.07
  94579.392    61.543     1.25    4.20
  94950.053    62.651     2.99    3.91
  95320.641    64.196     4.17    3.55
  95691.154    65.023     2.23    3.47
  96061.592    65.409     1.04    3.67
  96431.957    66.011     1.63    4.10
  96802.248    67.615     4.33    4.34
  97172.464    69.731     5.71    4.24
  97542.607    73.867    11.17    5.32
  97912.675    76.054     5.91    5.03
  98282.670    75.878    -0.48    4.85
  98652.591    74.152    -4.66    4.91
  99022.438    69.602   -12.30    6.53
  99392.211    65.549   -10.96    5.50
  99761.910    62.483    -8.29    3.88
 100131.536    61.272    -3.28    3.89
 100501.088    61.741     1.27    4.74
 100870.566    62.473     1.98    4.91
 101239.971    63.200     1.97    4.78
 101609.303    65.054     5.02    5.63
 101978.561    66.494     3.90    4.78
 102347.745    68.043     4.20    3.39
 102716.856    68.122     0.21    3.64
 103085.894    66.099    -5.48    4.08
 103454.858    65.516    -1.58    4.57
 103823.749    66.189     1.82    5.46
 104192.567    68.789     7.05    6.08
 104561.312    69.875     2.95    6.40
 104929.984    66.549    -9.02   10.14
 105298.582    59.779   -18.37   11.85
 105667.108    52.764   -19.03   11.89
 106035.560    45.129   -20.72    9.42
 106403.940    42.626    -6.79    7.40
 106772.246    42.452    -0.47    8.29
 107140.480    45.462     8.17    9.36
 107508.641    49.448    10.83    8.56
 107876.729    54.538    13.83    8.99
 108244.744    58.841    11.69   11.36
 108612.687    65.722    18.70   12.40
 108980.557    71.066    14.52   11.43
 109348.354    77.586    17.73   10.32
 109716.079    80.641     8.31    8.47
 110083.731    84.253     9.82    4.85
 110451.311    85.516     3.44    3.55
 110818.819    85.233    -0.77    3.74
 111186.253    84.256    -2.66    3.66
 111553.616    83.116    -3.10    3.44
 111920.906    82.311    -2.19    2.64
 112288.124    81.136    -3.20    2.33
 112655.270    79.478    -4.52    3.33
 113022.344    76.767    -7.39    4.93
 113389.345    73.418    -9.12    4.93
 113756.274    71.378    -5.56    3.20
 114123.132    72.584     3.29    4.85
 114489.917    77.763    14.12    8.02
 114856.630    84.635    18.74    8.20
 115223.271    90.901    17.09    7.41
 115589.841    94.733    10.45    4.76
 115956.338    94.714    -0.05    4.54
 116322.764    93.239    -4.03    5.63
 116689.118    92.056    -3.23    6.03
 117055.400    93.411     3.70    7.47
 117421.611    96.215     7.66    7.21
 117787.750    98.689     6.76    5.05
 118153.817    98.633    -0.15    4.25
 118519.813    95.681    -8.07    5.24
 118885.737    91.965   -10.16    5.25
 119251.590    88.077   -10.63    6.15
 119631.099    83.536   -11.96    5.46
 120011.808    78.769   -12.52    6.33
 120392.440    73.400   -14.10    6.25
 120772.993    68.174   -13.73    6.61
 121153.468    62.988   -13.63    5.86
 121533.864    59.478    -9.23    5.50
 121914.182    57.186    -6.03    4.40
 122294.423    54.876    -6.07    3.70
 122674.585    53.713    -3.06    3.55
 123054.669    53.758     0.12    3.47
 123434.675    54.839     2.84    4.16
 123814.603    56.322     3.90    4.76
 124194.453    59.545     8.48    8.00
 124574.226    63.722    11.00   11.83
 124953.920    70.444    17.70   14.63
 125333.537    73.822     8.90   13.25
 125713.076    74.820     2.63   10.98
 126092.537    71.551    -8.62    9.71
 126471.921    67.344   -11.09    7.64
 126851.227    65.170    -5.73    7.66
 127230.456    61.890    -8.65    6.46
 127609.607    60.391    -3.95    5.26
 127988.681    61.923     4.04    5.88
 128367.677    63.102     3.11    5.71
 128746.596    63.066    -0.10    5.40
 129125.438    61.648    -3.74    4.34
 129504.202    57.451   -11.08    5.10
 129882.890    53.500   -10.43    5.94
 130261.500    52.196    -3.44    5.48
 130640.033    53.483     3.40    6.10
 131018.489    57.272    10.01    6.01
 131396.868    61.663    11.60    3.96
 131775.170    64.264     6.87    3.00
 132153.395    65.619     3.58    2.33
 132531.543    68.333     7.18    4.87
 132909.614    72.167    10.14    7.13
 133287.609    78.824    17.61    9.22
 133665.527    86.306    19.80    7.47
 134043.368    93.382    18.73    7.18
 134421.132    97.655    11.31    5.75
 134798.820   100.562     7.70    4.86
 135176.432   102.976     6.39    2.91
 135553.966   103.889     2.42    3.30
 135931.425   104.282     1.04    3.64
 136308.807   103.066    -3.22    4.30
 136686.112   101.651    -3.75    4.04
 137063.342    99.055    -6.88    4.19
 137440.495    96.432    -6.95    3.55
 137817.572    95.261    -3.11    4.02
 138194.572    92.989    -6.03    4.95
 138571.497    90.000    -7.93    7.18
 138948.345    86.483    -9.33    7.13
 139325.117    82.121   -11.58    5.10
 139701.814    77.932   -11.12    4.34
 140078.434    75.700    -5.93    5.59
 140454.979    73.767    -5.13    5.85
 140831.447    72.167    -4.25    6.16
 141207.840    70.512    -4.40    6.09
 141584.157    69.584    -2.46    5.92
 141960.398    69.802     0.58    6.58
 142336.564    71.484     4.47    6.98
 142712.654    74.115     7.00    6.98
 143088.668    75.626     4.02    6.21
 143464.607    74.432    -3.18    7.12
 143840.470    72.077    -6.26    7.54
 144216.258    72.852     2.06    9.08
 144591.971    78.864    16.00   12.47
 144967.608    85.943    18.84   11.33
 145343.169    88.967     8.05    9.28
 145718.656    86.602    -6.30   10.77
 146094.067    81.429   -13.78   11.41
 146469.403    75.874   -14.80    9.80
 146844.664    72.622    -8.66    8.50
 147219.850    70.729    -5.04    6.93
 147594.961    72.011     3.42    8.02
 147969.996    73.129     2.98   10.30
 148344.957    75.865     7.30   11.38
 148719.843    78.953     8.24   12.12
 149094.654    81.178     5.93   13.79
 149469.390    83.575     6.40   13.89
 149844.051    85.011     3.83   13.17
 150218.638    86.384     3.66   10.35
 150593.150    85.913    -1.26    7.57
 150967.587    86.209     0.79    6.54
 151341.950    88.209     5.34    6.59
 151716.238    91.405     8.54    6.73
 152090.452    94.589     8.51    5.70
 152464.591    96.000     3.77    4.12
 152838.655    94.236    -4.72    6.15
 153212.646    92.738    -4.00    6.47
 153586.562    93.629     2.38    7.12
 153960.403    94.446     2.18    6.67
 154334.171    93.933    -1.37    4.66
 154707.864    93.357    -1.54    3.41
 155081.483    93.689     0.89    2.89
 155455.028    94.857     3.13    3.45
 155828.498    98.308     9.24    5.14
 156201.895   101.954     9.76    5.75
 156575.218   105.264     8.86    4.93
 156948.467   106.379     2.99    4.19
 157321.641   106.044    -0.90    4.05
 157694.742   105.839    -0.55    3.67
 158067.770   104.337    -4.03    4.41
 158440.723   103.966    -1.00    4.60
 158813.603   103.685    -0.75    4.89
 159186.409   103.667    -0.05    4.94
 159559.141   105.011     3.61    5.50
 159931.800   105.977     2.59    5.40
 160304.385   103.910    -5.55    6.48
 160676.897   102.000    -5.13    6.95
 161049.335    99.222    -7.46    5.41
 161421.700    97.506    -4.61    3.13
 161793.991    99.011     4.04    3.58
 162166.209   101.393     6.40    3.60
 162538.354   104.241     7.65    4.15
 162910.425   106.910     7.17    4.34
 163282.424   109.477     6.90    4.25
 163654.349   110.202     1.95    4.25
 164026.201   110.466     0.71    3.85
 164397.980   110.154    -0.84    3.07
 164769.685   109.430    -1.95    2.71
 165141.318   109.124    -0.83    3.17
 165512.878   108.738    -1.04    3.52
 165884.365   108.045    -1.87    2.80
 166255.779   108.131     0.23    2.54
 166627.120   109.382     3.37    2.52
 166998.389   111.133     4.71    2.42
 167369.584   112.125     2.67    2.39
 167740.707   113.129     2.71    2.31
 168111.758   113.611     1.30    2.08
 168482.735   113.727     0.31    2.21
 168853.641   114.213     1.31    2.71
 169224.473   115.472     3.39    3.27
 169595.233   117.568     5.65    3.84
 169965.921   120.193     7.08    3.49
 170336.536   122.775     6.97    3.58
 170707.079   125.382     7.03    5.02
 171077.550   128.483     8.37    5.83
 171447.948   130.522     5.50    5.19
 171818.274   130.034    -1.32    4.43
 172188.528   127.360    -7.22    5.20
 172558.710   122.839   -12.21    4.95
 172928.819   119.506    -9.01    4.60
 173298.857   117.226    -6.16    4.24
 173668.822   115.315    -5.17    4.18
 174038.716   113.313    -5.41    4.48
 174408.537   111.511    -4.87    4.00
 174778.287   109.321    -5.92    2.72
 175147.965   107.813    -4.08    3.36
 175517.571   106.535    -3.46    5.36
 175887.105   105.489    -2.83    6.88
 176256.567   106.230     2.01    8.10
 176625.958   109.045     7.62    8.73
 176995.277   112.241     8.65    8.31
 177364.525   114.828     7.00    8.40
 177733.700   117.856     8.20    8.79
 178102.805   121.375     9.53    7.93
 178471.838   124.326     8.00    5.88
 178840.799   123.966    -0.98    5.82
 179209.689   121.568    -6.50    7.23
 179578.508   117.202   -11.84    8.51
 179947.255   113.022   -11.33   10.31
 180315.931   110.157    -7.77    9.09
 180684.536   111.170     2.75    7.81
 181053.070   114.202     8.23    8.25
 181421.532   119.571    14.57    7.94
 181789.923   123.080     9.52    5.40
 182158.244   124.578     4.06    3.66
 182526.493   124.920     0.93    4.16
 182894.671   126.213     3.51    4.53
 183262.778   127.466     3.40    4.58
 183630.815   129.489     5.50    4.51
 183998.780   131.978     6.76    4.46
 184366.675   133.736     4.78    4.87
 184734.499   136.433     7.33    3.11
 185102.252   137.314     2.39    2.02
 185469.934   136.432    -2.40    2.37
 185837.546   135.024    -3.83    2.12
 186205.087   133.420    -4.36    2.64
 186572.558   131.482    -5.27    3.78
 186939.958   129.795    -4.59    3.54
 187307.287   128.529    -3.45    3.22
 187674.546   128.135    -1.07    4.40
 188041.734   127.897    -0.65    5.17
 188408.853   126.708    -3.24    5.04
 188775.900   126.511    -0.54    3.96
 189142.878   128.057     4.21    4.54
 189509.785   131.100     8.29    6.01
 189876.622   134.651     9.68    6.10
 190243.389   137.356     7.37    5.07
 190610.086   139.072     4.68    2.78
 190976.712   138.011    -2.89    3.25
 191343.269   135.627    -6.51    4.56
 191709.755   131.933   -10.08    5.32
 192076.172   129.686    -6.13    4.66
 192442.518   128.236    -3.96    4.16
 192808.795   127.977    -0.71    4.09
 193175.002   129.180     3.28    3.34
 193541.139   129.874     1.89    3.37
 193907.206   128.816    -2.89    3.39
 194282.701   128.303    -1.37    3.66
 194663.252   126.364    -5.10    3.68
 195043.727   124.416    -5.12    2.90
 195424.125   124.736     0.84    3.21
 195804.448   125.659     2.43    3.58
 196184.694   127.420     4.63    3.30
 196564.864   129.057     4.31    2.98
 196944.958   129.315     0.68    3.81
 197324.976   127.105    -5.81    4.93
 197704.918   123.854    -8.55    5.10
 198084.784   120.094    -9.90    4.18
 198464.574   116.409    -9.70    4.05
 198844.288   113.756    -6.99    4.26
 199223.927   111.798    -5.16    5.09
 199603.490   111.012    -2.07    5.46
 199982.977   111.307     0.78    5.05
 200362.388   111.679     0.98    4.19
 200741.724   110.407    -3.35    4.33
 201120.984   108.424    -5.23    3.65
 201500.168   107.461    -2.54    3.09
 201879.277   106.384    -2.84    2.42
 202258.311   106.227    -0.41    2.87
 202637.269   106.698     1.24    4.57
 203016.152   108.102     3.71    5.80
 203394.960   111.195     8.16    6.28
 203773.692   114.250     8.06    5.12
 204152.349   117.115     7.56    3.44
 204530.931   118.652     4.06    2.62
 204909.437   119.291     1.69    2.57
 205287.869   118.761    -1.40    2.69
 205666.226   116.944    -4.80    3.01
 206044.507   114.674    -6.00    3.98
 206422.714   112.169    -6.62    4.59
 206800.845   109.218    -7.80    5.71
 207178.902   106.079    -8.30    7.60
 207556.884   103.849    -5.90    7.95
 207934.791   100.989    -7.57    7.40
 208312.624   100.186    -2.12    6.34
 208690.381   100.841     1.73    6.24
 209068.064   102.767     5.10    6.66
 209445.673   105.270     6.63    6.25
 209823.207   107.659     6.33    5.90
 210200.666   110.398     7.25    4.91
 210578.051   112.159     4.67    4.66
 210955.361   113.023     2.29    5.16
 211332.597   114.744     4.56    6.22
 211709.759   116.437     4.49    6.79
 212086.846   118.610     5.76    6.93
 212463.860   120.844     5.93    5.69
 212840.798   122.268     3.78    5.63
 213217.663   123.756     3.95    5.12
 213594.454   125.096     3.56    4.41
 213971.170   127.161     5.48    5.16
 214347.813   130.256     8.22    5.83
 214724.381   134.227    10.54    4.90
 215100.876   136.817     6.88    3.60
 215477.296   137.195     1.00    2.91
 215853.643   136.565    -1.68    2.85
 216229.916   135.156    -3.74    2.16
 216606.115   134.476    -1.81    2.54
 216982.240   132.943    -4.08    3.01
 217358.292   131.262    -4.47    3.03
 217734.270   129.898    -3.63    3.21
 218110.174   128.048    -4.92    3.41
 218486.005   126.398    -4.39    3.33
 218861.763   124.651    -4.65    3.12
 219237.446   122.227    -6.45    4.65
 219613.057   119.576    -7.06    5.89
 219988.594   117.978    -4.26    5.98
 220364.057   116.616    -3.62    5.96
 220739.448   115.205    -3.76    6.02
 221114.765   112.506    -7.19    6.99
 221490.008   108.966    -9.43    7.05
 221865.179   106.541    -6.46    5.44
 222240.276   105.218    -3.53    4.52
 222615.301   105.762     1.45    4.08
 222990.252   106.146     1.02    4.17
 223365.130   104.547    -4.27    4.60
 223739.936   103.398    -3.06    4.73
 224114.668   104.105     1.89    5.69
 224489.328   105.682     4.21    5.97
 224863.914   106.882     3.20    5.38
 225238.428   104.920    -5.24    6.26
 225612.869   101.965    -7.89    5.98
 225987.237   101.663    -0.81    5.84
 226361.533   103.779     5.65    6.90
 226735.756   108.818    13.46    7.22
 227109.907   115.024    16.58    5.65
 227483.984   119.114    10.93    5.75
 227857.990   122.349     8.65    4.42
 228231.923   123.614     3.38    4.14
 228605.783   123.341    -0.73    4.87
 228979.571   122.125    -3.25    5.64
 229353.287   121.133    -2.66    6.45
 229726.930   120.318    -2.18    6.23
 230100.502   118.690    -4.36    5.90
 230474.001   114.466   -11.31    8.51
 230847.427   107.917   -17.54   11.41
 231220.782   101.933   -16.02   10.03
 231594.065    98.024   -10.47    6.95
 231967.275    98.295     0.73    6.18
 232340.414   101.829     9.47    7.22
 232713.480   106.414    12.29    5.96
 233086.475   107.272     2.30    5.69
 233459.397   103.375   -10.45    8.31
 233832.248    99.202   -11.19    7.71
 234205.027    98.778    -1.14    6.64
 234577.735   101.878     8.32    6.86
 234950.370   105.705    10.27    4.81
 235322.934   108.622     7.83    2.41
 235695.426   107.828    -2.13    3.72
 236067.847   107.210    -1.66    4.88
 236440.196   106.126    -2.91    5.88
 236812.474   105.771    -0.95    6.16
 237184.680   104.544    -3.29    5.40
 237556.814   104.176    -0.99    4.96
 237928.878   105.864     4.53    4.72
 238300.869   107.012     3.09    3.96
 238672.790   107.852     2.26    3.53
 239044.639   109.322     3.95    3.52
 239416.418   110.364     2.80    2.98
 239788.124   111.711     3.62    2.55
 240159.760   111.727     0.04    2.65
 240531.325   110.455    -3.42    3.43
 240902.818   108.271    -5.88    4.83
 241274.241   105.058    -8.65    5.37
 241645.593   103.482    -4.24    4.58
 242016.873   103.721     0.64    4.00
 242388.083   101.713    -5.41    6.45
 242759.222    97.835   -10.45    9.16
 243130.290    92.218   -15.13    8.40
 243501.287    87.318   -13.21    4.28
 243872.214    84.602    -7.32    3.61
 244243.069    81.602    -8.09    6.00
 244613.855    77.012   -12.38    6.28
 244984.569    72.330   -12.63    4.92
 245355.213    67.917   -11.90    4.27
 245725.786    65.568    -6.34    3.75
 246096.289    64.024    -4.17    2.60
 246466.722    63.865    -0.43    3.03
 246837.084    65.854     5.37    5.17
 247207.375    70.136    11.56    7.78
 247577.596    74.268    11.16    6.69
 247947.747    78.103    10.36    4.55
 248317.828    80.488     6.44    5.38
 248687.839    83.138     7.16    5.56
 249057.779    85.560     6.54    4.25
 249427.649    85.149    -1.11    5.08
 249797.449    82.563    -6.99    5.96
 250167.179    78.207   -11.78    6.18
 250536.839    74.081   -11.16    4.79
 250906.429    70.388    -9.99    5.39
 251275.949    66.736    -9.88    6.04
 251645.399    64.851    -5.10    4.55
 252014.779    65.119     0.73    4.89
 252384.090    67.586     6.68    5.60
 252753.330    72.386    13.00    6.14
 253122.501    78.157    15.63    8.71
 253491.603    84.874    18.19   10.23
 253860.634    92.964    21.92    9.30
 254229.596    98.908    16.11    8.60
 254598.488   103.136    11.46    8.38
 254967.311   102.011    -3.05    8.11
 255336.064    97.488   -12.26    8.96
 255704.748    92.618   -13.21    9.09
 256073.362    88.361   -11.55    6.36
 256441.907    87.000    -3.69    5.04
 256810.383    88.476     4.01    5.75
 257178.789    91.795     9.01    6.07
 257547.126    94.372     6.99    5.76
 257915.394    95.352     2.66    5.41
 258283.592    95.107    -0.67    4.66
 258651.721    94.655    -1.23    3.85
 259019.782    95.989     3.62    4.61
 259387.773    98.361     6.45    5.64
 259755.695   101.184     7.67    6.49
 260123.548   103.871     7.30    5.88
 260491.332   105.977     5.73    4.91
 260859.047   107.646     4.54    4.52
 261226.694   109.705     5.60    4.35
 261594.271   111.366     4.52    4.71
 261961.780   111.563     0.54    6.19
 262329.220   109.410    -5.86    8.80
 262696.591   104.955   -12.12   10.52
 263063.893   102.128    -7.69    9.60
 263431.127    98.291   -10.45    7.37
 263798.292    97.954    -0.92    6.27
 264165.389    99.068     3.03    5.90
 264532.417    99.812     2.03    5.70
 264899.376   100.172     0.98    5.45
 265266.267    99.632    -1.47    5.15
 265633.090    98.867    -2.08    4.56
 265999.844   100.318     3.95    5.57
 266366.530   102.690     6.47    6.06
 266733.148   106.000     9.03    6.76
 267099.697   109.622     9.88    5.95
 267466.178   112.299     7.30    5.26
 267832.591   114.866     7.00    3.70
 268198.936   115.360     1.35    3.96
 268565.212   115.628     0.73    4.75
 268937.009   116.563     2.52    4.98
 269317.405   117.212     1.70    4.22
 269697.725   118.174     2.53    3.48
 270077.972   117.963    -0.55    3.80
 270458.144   114.931    -7.97    5.76
 270838.242   112.232    -7.10    6.10
 271218.267   109.529    -7.11    6.97
 271598.217   107.395    -5.62    8.83
 271978.093   105.782    -4.25    9.43
 272357.895   103.976    -4.75    8.99
 272737.623   102.419    -4.10    8.56
 273117.277   102.325    -0.25    8.04
 273496.857   104.000     4.41    7.90
 273876.364   104.163     0.43    6.21
 274255.796   102.523    -4.32    6.02
 274635.155    97.595   -12.99    8.76
 275014.441    91.920   -14.96    7.79
 275393.652    89.209    -7.15    5.41
 275772.790    90.333     2.96    6.44
 276151.855    93.161     7.46    6.76
 276530.846    94.464     3.44    6.28
 276909.763    93.862    -1.59    5.63
 277288.608    94.179     0.84    5.91
 277667.378    93.402    -2.05    6.94
 278046.076    92.346    -2.79    7.45
 278424.700    89.621    -7.20    7.53
 278803.250    85.963    -9.66    5.97
 279181.728    84.379    -4.18    4.70
 279560.132    84.763     1.01    5.28
 279938.464    83.759    -2.65    5.67
 280316.722    80.914    -7.52    6.14
 280694.907    77.909    -7.94    5.56
 281073.019    77.000    -2.40    6.08
 281451.058    79.136     5.65    8.34
