-180646.758   112.169     0.00    4.70
-180274.053   112.885     1.92    4.86
-179901.278   113.223     0.91    4.78
-179528.433   112.832    -1.05    5.14
-179155.518   111.179    -4.43    5.97
-178782.532   108.643    -6.80    5.93
-178409.475   106.655    -5.33    5.45
-178036.348   105.856    -2.14    5.66
-177663.151   105.232    -1.67    5.51
-177289.883   106.349     2.99    5.13
-176916.544   108.231     5.04    4.83
-176543.135   110.742     6.72    4.48
-176169.655   112.779     5.45    4.27
-175796.104   114.921     5.73    3.25
-175422.483   115.420     1.34    3.70
-175048.790   115.023    -1.06    4.58
-174675.027   112.872    -5.75    5.02
-174301.193   108.350   -12.10    6.17
-173927.288   104.128   -11.29    7.06
-173553.313   102.255    -5.01    7.26
-173179.266   101.973    -0.75    7.76
-172805.148   102.512     1.44    7.42
-172430.959   104.174     4.44    5.92
-172056.699   105.326     3.08    6.09
-171682.367   106.762     3.84    6.14
-171307.965   109.442     7.16    4.85
-170933.491   110.714     3.40    3.83
-170558.946   111.372     1.76    3.84
-170184.330   111.942     1.52    3.38
-169809.642   111.313    -1.68    3.57
-169434.883   110.050    -3.37    3.91
-169060.052   108.174    -5.00    3.94
-168685.150   106.349    -4.87    3.04
-168310.177   106.732     1.02    4.01
-167935.132   108.756     5.39    5.62
-167560.015   111.976     8.58    5.93
-167184.826   114.814     7.56    4.84
-166809.566   117.188     6.32    3.14
-166434.234   117.040    -0.39    4.00
-166058.831   117.093     0.14    4.96
-165683.355   116.843    -0.67    5.65
-165307.808   116.409    -1.16    6.51
-164932.189   114.564    -4.91    7.14
-164556.497   109.408   -13.72    8.43
-164180.734   104.909   -11.97    7.94
-163804.899    99.416   -14.61    7.49
-163428.992    96.096    -8.83    5.23
-163053.013    95.659    -1.16    5.25
-162676.961    97.279     4.31    6.79
-162300.837    98.814     4.08    8.29
-161924.642    99.087     0.73   11.46
-161548.373    97.303    -4.74   15.03
-161172.033    94.726    -6.85   16.87
-160795.620    91.430    -8.75   18.42
-160419.135    87.558   -10.28   19.67
-160042.577    82.689   -12.93   19.55
-159665.947    77.445   -13.92   17.97
-159289.244    72.558   -12.97   16.01
-158912.469    69.921    -7.00   12.71
-158535.621    70.544     1.65   10.62
-158158.701    73.766     8.55    8.49
-157781.708    78.153    11.64    7.23
-157404.642    82.960    12.75    5.48
-157027.503    86.590     9.62    6.77
-156650.292    88.042     3.85    8.51
-156273.007    86.860    -3.13   10.25
-155895.650    84.826    -5.39   10.07
-155518.220    83.651    -3.11    7.10
-155140.717    87.069     9.05   10.09
-154763.141    93.877    18.03   12.37
-154385.492   101.097    19.11    9.37
-154007.769   105.616    11.96    5.31
-153629.974   106.832     3.22    4.69
-153252.105   107.394     1.49    5.97
-152874.163   106.196    -3.17    7.28
-152496.148   105.349    -2.24    6.80
-152118.060   103.880    -3.88    6.28
-151739.898   100.826    -8.08    5.35
-151361.663    98.084    -7.25    5.83
-150983.354    95.147    -7.76    6.15
-150604.972    91.705    -9.10    6.80
-150226.516    88.756    -7.79    6.58
-149847.987    85.761    -7.91    5.49
-149469.384    83.035    -7.20    4.32
-149090.707    80.942    -5.53    5.26
-148711.957    78.702    -5.91    5.80
-148333.133    76.558    -5.66    5.77
-147954.235    74.217    -6.18    5.39
-147575.264    71.723    -6.58    5.07
-147196.218    70.528    -3.15    5.59
-146817.099    70.923     1.04    6.87
-146437.906    72.069     3.02    7.70
-146058.638    73.791     4.54    6.26
-145679.297    74.813     2.69    4.13
-145299.881    73.087    -4.55    4.16
-144920.392    71.906    -3.11    3.75
-144540.828    72.268     0.95    3.37
-144161.190    73.635     3.60    3.42
-143781.478    73.872     0.62    3.00
-143401.691    72.771    -2.90    3.51
-143021.830    69.791    -7.84    4.52
-142641.895    67.107    -7.06    3.49
-142261.885    66.514    -1.56    4.18
-141881.801    67.860     3.54    6.10
-141501.642    69.866     5.28    6.01
-141121.409    69.267    -1.57    7.07
-140741.101    65.488    -9.94    8.67
-140360.719    60.121   -14.11    8.49
-139987.870    55.081   -13.52    8.46
-139621.678    50.814   -11.65    7.53
-139255.418    48.711    -5.74    6.23
-138889.089    48.348    -0.99    6.31
-138522.691    48.166    -0.50    6.64
-138156.225    47.706    -1.25    5.92
-137789.691    47.178    -1.44    5.58
-137423.088    47.856     1.85    6.62
-137056.416    50.269     6.58    8.77
-136689.675    52.671     6.55    9.37
-136322.866    55.462     7.61    9.79
-135955.988    56.868     3.83    9.82
-135589.041    57.226     0.98    9.78
-135222.026    56.409    -2.22    9.77
-134854.941    54.779    -4.44    9.59
-134487.788    52.477    -6.27    9.01
-134120.565    49.890    -7.04    8.41
-133753.274    48.382    -4.11    6.98
-133385.914    47.541    -2.29    5.25
-133018.484    47.000    -1.47    3.52
-132650.986    48.093     2.97    2.00
-132283.418    48.916     2.24    2.23
-131915.781    49.409     1.34    2.30
-131548.075    49.114    -0.80    2.77
-131180.299    48.338    -2.11    3.73
-130812.454    44.928    -9.27    5.86
-130444.540    40.535   -11.94    6.47
-130076.557    39.303    -3.35    5.70
-129708.504    38.928    -1.02    4.68
-129340.381    39.712     2.13    4.39
-128972.189    38.735    -2.65    5.87
-128603.928    28.132   -28.79   17.15
-128235.597    18.837   -25.23   17.41
-127867.196    19.631     2.16   19.48
-127498.726    30.791    30.28   27.26
-127130.186    50.349    53.06   24.76
-126761.576    64.302    37.85   14.42
-126392.897    69.628    14.44    8.39
-126024.147    68.871    -2.05    7.97
-125655.328    65.699    -8.60    8.70
-125286.439    62.417    -8.89    9.07
-124917.480    58.947    -9.40    7.70
-124548.451    57.003    -5.27    6.84
-124179.352    56.021    -2.66    7.57
-123810.182    50.130   -15.95   16.98
-123440.943    42.968   -19.39   21.76
-123071.634    32.735   -27.71   21.79
-122702.254    24.008   -23.62   15.72
-122332.805    19.007   -13.53    9.46
-121963.285    16.123    -7.80    9.18
-121593.694    16.166     0.12    8.97
-121224.034    17.837     4.52    9.93
-120854.302    22.914    13.73   10.11
-120484.501    28.326    14.63    6.12
-120114.629    30.762     6.59    1.93
-119744.687    31.407     1.74    2.12
-119374.674    32.849     3.90    3.04
-119004.590    35.098     6.08    4.53
-118634.436    38.198     8.37    5.64
-118264.211    40.427     6.02    5.83
-117893.916    41.431     2.71    4.51
-117523.549    41.757     0.88    3.44
-117153.112    42.566     2.18    3.53
-116782.605    44.843     6.14    5.10
-116412.026    49.288    12.00    6.15
-116041.376    54.314    13.56    6.64
-115670.656    59.545    14.11    6.81
-115299.864    63.764    11.38    6.23
-114929.002    66.193     6.55    6.29
-114558.068    66.144    -0.13    8.15
-114187.063    65.596    -1.48    8.66
-113815.987    64.326    -3.42    8.20
-113444.840    62.139    -5.89    7.42
-113073.622    59.496    -7.12    5.86
-112702.332    56.107    -9.13    5.68
-112330.972    51.610   -12.11    6.39
-111959.539    46.747   -13.09    7.16
-111588.036    41.112   -15.17    7.10
-111216.461    36.576   -12.21    6.08
-110844.814    33.081    -9.40    3.88
-110473.096    32.712    -0.99    2.81
-110101.307    32.907     0.52    2.87
-109729.446    33.326     1.13    2.70
-109357.513    33.647     0.87    2.55
-108985.508    32.486    -3.12    3.41
-108613.432    31.942    -1.46    3.28
-108241.284    31.176    -2.06    3.00
-107869.064    31.073    -0.28    2.83
-107496.773    32.178     2.97    3.88
-107124.409    33.384     3.24    5.90
-106751.974    34.459     2.88    8.00
-106379.467    36.535     5.57    9.50
-106006.887    37.530     2.67    9.64
-105634.236    39.754     5.97    9.12
-105261.512    39.644    -0.30    8.30
-104888.717    39.421    -0.60    6.63
-104515.849    39.611     0.51    4.09
-104142.909    40.191     1.56    2.19
-103769.896    39.752    -1.18    2.38
-103396.812    38.033    -4.61    3.50
-103023.655    35.624    -6.45    5.11
-102650.426    32.874    -7.37    5.44
-102277.124    29.769    -8.32    6.01
-101903.750    26.326    -9.22    5.36
-101530.303    21.203   -13.72    7.82
-101156.784    16.082   -13.71    8.48
-100783.192    12.726    -8.98    8.42
-100409.527    10.795    -5.16    7.82
-100035.790    11.004     0.56    9.15
 -99661.980    13.899     7.74   10.52
 -99288.097    16.121     5.94   10.78
 -98914.142    15.362    -2.03   12.07
 -98540.114    12.004    -8.98   12.72
 -98166.013    10.278    -4.61   12.40
 -97791.838    10.126    -0.41   11.71
 -97417.591    11.020     2.39   10.97
 -97043.271    12.826     4.82    9.86
 -96668.878    13.737     2.44   10.47
 -96294.412    15.076     3.57   12.14
 -95919.872    17.552     6.61   13.03
 -95545.260    22.235    12.50   12.10
 -95170.574    27.514    14.09    7.02
 -94795.815    31.670    11.09    3.60
 -94420.982    34.651     7.95    3.83
 -94046.077    36.770     5.65    4.31
 -93671.097    38.267     3.99    5.52
 -93296.045    39.621     3.61    7.23
 -92920.919    39.611    -0.03    7.93
 -92545.719    37.996    -4.30    8.72
 -92170.446    33.778   -11.24   11.38
 -91795.099    29.541   -11.29   12.31
 -91419.679    23.996   -14.77   14.37
 -91044.185    20.514    -9.27   15.72
 -90668.617    16.255   -11.34   17.64
 -90292.975    12.837    -9.10   16.92
 -89917.259    11.055    -4.74   15.19
 -89541.470    11.098     0.12   13.67
 -89165.607    13.838     7.29   12.92
 -88789.669    19.757    15.75   13.44
 -88413.658    30.012    27.27   12.72
 -88037.573    37.848    20.83   13.25
 -87661.413    45.468    20.26   13.75
 -87285.180    51.677    16.50   14.25
 -86908.872    57.433    15.29   16.47
 -86532.490    61.416    10.58   16.15
 -86156.034    63.606     5.82   15.71
 -85779.504    65.439     4.87   14.23
 -85402.899    64.826    -1.63   11.78
 -85026.220    66.382     4.13   11.07
 -84649.466    69.004     6.96   13.96
 -84272.638    70.192     3.15   15.78
 -83895.735    72.655     6.53   17.28
 -83518.758    76.205     9.42   18.26
 -83141.706    75.337    -2.30   17.90
 -82764.580    75.613     0.73   13.90
 -82387.378    77.109     3.97   12.87
 -82010.102    83.517    16.98   17.12
 -81632.752    94.159    28.20   17.12
 -81255.326   101.701    19.98   13.67
 -80877.826   107.149    14.43   10.13
 -80500.250   105.281    -4.95    8.67
 -80122.600   100.682   -12.18    9.20
 -79744.874    97.157    -9.33    9.63
 -79367.074    91.884   -13.96    9.90
 -78989.199    87.103   -12.65   13.52
 -78611.248    84.371    -7.23   14.43
 -78233.222    82.887    -3.93   13.70
 -77855.121    81.797    -2.88   13.20
 -77476.945    84.988     8.44   10.93
 -77098.693    83.257    -4.58   13.43
 -76720.366    77.359   -15.59   12.51
 -76341.964    75.452    -5.04   11.73
 -75963.486    78.314     7.56   12.41
 -75584.932    82.257    10.42   12.87
 -75206.303    88.087    15.40   14.67
 -74827.599    90.415     6.15   17.42
 -74448.819    91.598     3.12   18.18
 -74069.963    92.637     2.74   16.49
 -73691.031    95.303     7.03   13.34
 -73312.024   102.892    20.02   13.05
 -72932.941   107.430    11.97   10.36
 -72553.782   103.712    -9.81   13.99
 -72174.547    94.873   -23.31   20.78
 -71795.236    84.735   -26.73   21.33
 -71415.849    78.422   -16.64   18.78
 -71036.386    71.348   -18.64   16.43
 -70656.847    69.218    -5.61   13.00
 -70277.232    77.869    22.79   18.08
 -69897.541    88.540    28.10   17.79
 -69517.774    96.919    22.06   11.00
 -69137.930   101.561    12.22    6.23
 -68758.010    99.564    -5.26    8.14
 -68378.013    99.326    -0.63    7.61
 -67997.941    99.651     0.86    6.92
 -67617.791    98.153    -3.94    7.56
 -67237.565    97.584    -1.50    7.55
 -66857.263    97.644     0.16    7.16
 -66476.884    98.606     2.53    6.15
 -66096.429    99.780     3.08    4.30
 -65715.897   100.587     2.12    3.05
 -65338.381    99.955    -1.67    4.14
 -64972.408    99.121    -2.28    4.73
 -64606.365    99.564     1.21    5.56
 -64240.252   101.666     5.74    6.63
 -63874.069   101.945     0.76    6.63
 -63507.815    98.663    -8.96    8.96
 -63141.492    95.362    -9.01    9.88
 -62775.098    95.820     1.25    9.23
 -62408.633    97.766     5.31    8.70
 -62042.099    99.270     4.10    7.77
 -61675.493   101.532     6.17    6.42
 -61308.818   101.926     1.07    5.97
 -60942.072   101.507    -1.14    6.22
 -60575.255   102.712     3.28    5.99
 -60208.368   102.494    -0.59    5.80
 -59841.411   101.606    -2.42    6.60
 -59474.382   100.303    -3.55    6.32
 -59107.283   100.008    -0.80    5.77
 -58740.113   101.216     3.29    6.32
 -58372.873   102.183     2.63    5.99
 -58005.561    99.053    -8.52    6.95
 -57638.179    96.302    -7.49    6.97
 -57270.726    93.741    -6.97    5.05
 -56903.202    93.716    -0.07    4.68
 -56535.607    94.112     1.08    4.48
 -56167.941    94.178     0.18    5.23
 -55800.204    92.837    -3.65    6.16
 -55432.396    90.427    -6.55    7.63
 -55064.516    85.613   -13.08    9.44
 -54696.566    83.269    -6.37    9.79
 -54328.544    80.608    -7.23    9.60
 -53960.451    79.932    -1.84   12.31
 -53592.287    79.992     0.16   12.76
 -53224.051    84.103    11.16   14.62
 -52855.744    86.933     7.68   15.51
 -52487.366    90.073     8.52   14.00
 -52118.916    90.498     1.15   14.80
 -51750.394    87.126    -9.15   14.57
 -51381.801    83.946    -8.63   12.97
 -51013.137    81.595    -6.38    9.99
 -50644.400    81.337    -0.70    7.45
 -50275.593    79.932    -3.81    7.82
 -49906.713    76.803    -8.48    9.89
 -49537.762    74.887    -5.19   12.07
 -49168.738    75.137     0.68   12.11
 -48799.643    75.682     1.48   11.38
 -48430.477    73.494    -5.93    9.63
 -48061.238    72.434    -2.87    7.86
 -47691.927    72.112    -0.87    8.51
 -47322.544    73.742     4.41    8.99
 -46953.089    77.157     9.24    7.12
 -46583.562    78.639     4.01    5.06
 -46213.963    79.126     1.32    4.44
 -45844.292    78.382    -2.01    4.57
 -45474.549    76.937    -3.91    4.50
 -45104.733    76.086    -2.30    3.61
 -44734.845    75.703    -1.04    2.83
 -44364.884    74.637    -2.88    3.86
 -43994.852    70.314   -11.68    6.49
 -43624.746    66.741    -9.65    5.75
 -43254.569    66.053    -1.86    4.71
 -42884.319    67.803     4.73    5.46
 -42513.996    71.494     9.97    5.51
 -42143.600    74.741     8.77    4.59
 -41773.132    73.872    -2.35    5.58
 -41402.592    70.545    -8.98    7.46
 -41031.978    66.706   -10.36    6.88
 -40661.292    63.932    -7.48    4.54
 -40290.533    61.699    -6.02    3.21
 -39919.701    62.179     1.30    3.69
 -39548.797    64.057     5.06    4.60
 -39177.819    66.112     5.54    4.91
 -38806.768    68.208     5.65    4.13
 -38435.645    68.270     0.17    3.94
 -38064.448    68.030    -0.65    3.81
 -37693.178    68.179     0.40    3.66
 -37321.835    67.765    -1.12    3.61
 -36950.419    66.370    -3.76    4.65
 -36578.929    64.468    -5.12    5.08
 -36207.367    61.659    -7.56    3.92
 -35835.731    60.427    -3.32    3.19
 -35464.021    60.451     0.06    3.32
 -35092.238    60.403    -0.13    2.92
 -34720.382    59.926    -1.28    2.55
 -34348.452    59.270    -1.76    2.97
 -33976.449    57.899    -3.69    2.69
 -33604.372    57.226    -1.81    3.13
 -33232.222    57.303     0.21    3.65
 -32859.997    57.721     1.12    3.75
 -32487.699    59.209     4.00    4.67
 -32115.328    61.937     7.32    5.31
 -31742.882    64.147     5.93    5.31
 -31370.363    64.248     0.27    5.47
 -30997.770    62.540    -4.58    5.74
 -30625.103    59.876    -7.15    4.64
 -30252.361    57.422    -6.58    3.31
 -29879.546    57.170    -0.68    3.44
 -29506.657    56.984    -0.50    3.50
 -29133.694    55.216    -4.74    3.73
 -28760.656    53.923    -3.46    3.39
 -28387.544    52.941    -2.63    3.77
 -28014.359    51.775    -3.12    4.46
 -27641.098    49.809    -5.27    4.34
 -27267.764    48.159    -4.42    3.39
 -26894.355    46.870    -3.45    2.93
 -26520.872    45.448    -3.81    3.21
 -26147.314    44.090    -3.64    2.75
 -25773.682    44.015    -0.20    2.54
 -25399.975    43.037    -2.62    3.55
 -25026.193    42.061    -2.61    3.13
 -24652.337    41.137    -2.47    3.43
 -24278.407    41.269     0.35    4.21
 -23904.401    42.011     1.98    4.28
 -23530.321    42.626     1.64    4.30
 -23156.166    43.748     3.00    3.67
 -22781.936    45.000     3.35    2.05
 -22407.631    45.462     1.23    1.66
 -22033.251    44.952    -1.36    1.85
 -21658.797    43.996    -2.55    2.37
 -21284.267    44.659     1.77    3.24
 -20909.662    45.678     2.72    3.83
 -20534.982    46.996     3.52    3.86
 -20160.227    48.064     2.85    3.43
 -19785.396    48.148     0.22    3.35
 -19410.491    48.165     0.04    3.23
 -19035.510    48.359     0.52    2.63
 -18660.453    50.452     5.58    3.27
 -18285.322    51.948     3.99    3.78
 -17910.115    52.692     1.98    3.51
 -17534.832    51.974    -1.91    4.49
 -17159.474    48.914    -8.15    5.98
 -16784.040    45.448    -9.23    7.64
 -16408.531    42.837    -6.95    7.53
 -16032.946    40.081    -7.34    5.80
 -15657.285    38.460    -4.31    4.59
 -15281.548    38.886     1.13    4.00
 -14905.736    38.123    -2.03    5.00
 -14529.848    35.622    -6.65    5.30
 -14153.884    32.981    -7.03    4.85
 -13777.844    30.062    -7.76    4.28
 -13401.728    26.912    -8.38    4.20
 -13025.536    22.659   -11.30    7.30
 -12649.268    15.678   -18.55    9.91
 -12272.924     9.759   -15.73    9.59
 -11896.503     3.992   -15.32    6.17
 -11520.007     1.941    -5.45    3.01
 -11143.434     1.935    -0.02    3.10
 -10766.785     3.152     3.23    4.36
 -10390.059     5.797     7.02    5.82
 -10013.257     9.128     8.84    6.39
  -9636.379    12.559     9.10    6.28
  -9259.424    13.787     3.26    5.43
  -8882.393    13.040    -1.98    5.15
  -8505.285    11.570    -3.90    5.11
  -8128.100    10.326    -3.30    3.57
  -7750.839     9.581    -1.97    3.53
  -7373.501     9.402    -0.47    3.94
  -6996.086     8.205    -3.17    4.28
  -6618.595     7.148    -2.80    4.76
  -6241.027     6.106    -2.76    5.14
  -5863.381     4.064    -5.41    5.07
  -5485.659     2.655    -3.73    4.87
  -5107.860     0.598    -5.44    3.33
  -4729.983    -0.519    -2.96    1.09
  -4352.030    -0.708    -0.50    0.18
  -3973.999    -0.852    -0.38    0.38
  -3595.892    -1.074    -0.59    0.49
  -3217.707    -1.279    -0.54    0.49
  -2839.444    -1.486    -0.55    0.39
  -2461.105    -1.631    -0.38    0.21
  -2082.688    -1.674    -0.12    0.00
  -1704.194    -1.674     0.00    0.00
  -1325.622    -1.674     0.00    0.00
   -946.972    -1.674     0.00    0.00
   -568.246    -0.883     2.09    2.78
   -189.441     1.912     7.38    8.16
    189.441     4.326     6.37   11.79
    568.401     5.050     1.91   12.64
    947.439     2.699    -6.20    9.25
   1326.554    -0.095    -7.37    2.76
   1705.747     2.314     6.35    9.00
   2085.018    12.174    26.00   20.26
   2464.368    28.112    42.01   25.59
   2843.795    43.198    39.76   23.60
   3223.300    58.326    39.86   14.93
   3602.883    67.102    23.12   10.68
   3982.544    74.923    20.60   13.98
   4362.284    81.878    18.32   13.61
   4742.101    86.765    12.87    9.76
   5121.997    94.749    21.02   14.31
   5501.972   104.565    25.83   19.29
   5882.024   112.678    21.35   18.33
   6262.156   113.695     2.67   16.08
   6642.365   111.359    -6.14   13.43
   7022.653   107.490   -10.17   10.22
   7403.020   106.692    -2.10    8.29
   7783.465   110.567    10.19    7.68
   8163.989   114.054     9.16    6.76
   8544.592   116.159     5.53    5.55
   8925.273   116.928     2.02    4.62
   9306.033   117.137     0.55    4.10
   9673.588   115.713    -3.87    4.66
  10039.408   113.963    -4.78    5.47
  10405.300   111.797    -5.92    5.62
  10771.265   109.076    -7.44    4.41
  11137.301   107.535    -4.21    3.82
  11503.409   106.499    -2.83    3.63
  11869.589   103.876    -7.16    5.06
  12235.841    97.216   -18.19    9.34
  12602.165    91.663   -15.16    9.40
  12968.562    85.892   -15.75    6.80
  13335.030    81.076   -13.14    4.82
  13701.571    77.781    -8.99    5.21
  14068.184    74.721    -8.35    7.13
  14434.869    70.639   -11.13    7.28
  14801.626    69.010    -4.44    6.16
  15168.456    67.977    -2.82    5.08
  15535.358    66.670    -3.56    2.90
  15902.333    66.148    -1.42    2.59
  16269.380    63.959    -5.96    3.32
  16636.500    60.831    -8.52    5.75
  17003.692    56.570   -11.60    6.72
  17370.957    52.207   -11.88    6.95
  17738.295    46.916   -14.40    7.36
  18105.705    41.037   -16.00    8.44
  18473.188    34.973   -16.50    7.09
  18840.744    30.749   -11.49    5.45
  19208.373    27.477    -8.90    2.59
  19576.074    26.611    -2.35    2.99
  19943.849    27.698     2.95    5.25
  20311.696    30.413     7.38    7.89
  20679.617    33.541     8.50    8.65
  21047.610    35.743     5.98    9.08
  21415.677    38.106     6.42    8.23
  21783.816    38.781     1.83    7.18
  22152.029    40.097     3.57    6.19
  22520.316    40.786     1.87    5.33
  22888.675    39.401    -3.76    4.79
  23257.108    37.455    -5.28    3.99
  23625.614    36.067    -3.77    3.64
  23994.193    33.761    -6.26    3.50
  24362.846    31.923    -4.98    3.95
  24731.573    30.678    -3.38    4.29
  25100.373    28.641    -5.52    4.87
  25469.246    27.860    -2.12    5.14
  25838.193    28.062     0.55    4.93
  26207.214    27.759    -0.82    4.10
  26576.309    27.078    -1.84    3.48
  26945.477    26.040    -2.81    2.91
  27314.719    24.981    -2.87    2.58
  27684.035    24.691    -0.79    2.89
  28053.424    24.854     0.44    3.55
  28422.888    24.543    -0.84    3.65
  28792.426    24.732     0.51    3.32
  29162.037    24.130    -1.63    3.09
  29531.723    23.004    -3.05    3.09
  29901.483    20.992    -5.44    4.15
  30271.317    17.600    -9.17    4.83
  30641.225    13.369   -11.44    6.01
  31011.208     8.422   -13.37    6.82
  31381.264     2.537   -15.91    6.59
  31751.395    -1.411   -10.67    4.97
  32121.601    -4.493    -8.33    3.41
  32491.880    -6.750    -6.10    2.86
  32862.235    -7.902    -3.11    2.78
  33232.663    -8.070    -0.45    2.86
  33603.167    -7.186     2.39    3.74
  33973.744    -6.554     1.71    3.79
  34344.397    -7.192    -1.72    3.67
  34715.124    -8.535    -3.62    2.92
  35085.926    -8.837    -0.82    2.43
  35456.803    -7.784     2.84    2.88
  35827.754    -7.318     1.26    3.16
  36198.780    -7.805    -1.31    4.17
  36569.882    -9.197    -3.75    5.33
  36941.058   -11.105    -5.14    5.17
  37312.309   -12.686    -4.26    4.31
  37683.635   -13.663    -2.63    3.73
  38055.037   -14.386    -1.94    2.73
  38426.513   -13.986     1.07    3.00
  38798.065   -12.730     3.38    3.63
  39169.691   -11.341     3.74    3.48
  39541.394   -10.577     2.06    3.76
  39913.171    -9.762     2.19    3.52
  40285.024    -8.674     2.93    2.06
  40656.952    -8.088     1.58    1.11
  41028.955    -7.881     0.56    0.88
  41401.035    -7.651     0.62    0.15
  41773.189    -7.674    -0.06    0.00
  42145.419    -7.674     0.00    0.00
  42517.725    -7.674     0.00    0.00
  42890.107    -7.674     0.00    0.00
  43262.564    -7.674     0.00    0.00
  43635.097    -7.674     0.00    0.00
  44007.706    -7.674     0.00    0.00
  44380.390    -7.674     0.00    0.00
  44753.151    -7.674     0.00    0.00
  45125.988    -7.674     0.00    0.00
  45498.900    -7.674     0.00    0.00
  45871.889    -7.674     0.00    0.00
  46244.953    -7.674     0.00    0.00
  46618.094    -7.674     0.00    0.00
  46991.311    -7.865    -0.51    0.40
  47364.604    -8.120    -0.68    0.50
  47737.974    -8.402    -0.75    0.45
  48111.419    -8.599    -0.53    0.27
  48484.942    -8.674    -0.20    0.00
  48858.540    -8.771    -0.26    0.30
  49232.215    -9.012    -0.64    0.48
  49605.967    -9.196    -0.49    0.50
  49979.795    -9.345    -0.40    0.47
  50353.699    -9.348    -0.01    0.47
  50727.681    -9.204     0.39    0.55
  51101.739    -7.739     3.92    3.90
  51475.873    -3.445    11.48    8.83
  51850.085     3.326    18.09   11.15
  52224.373     9.428    16.30    9.74
  52598.738    12.239     7.51    6.58
  52973.181    11.992    -0.66    6.01
  53347.700     9.219    -7.40    5.01
  53722.296     7.268    -5.21    2.35
  54096.969     8.474     3.22    3.58
  54471.719    10.360     5.03    3.99
  54846.547    11.804     3.85    3.76
  55221.451    12.270     1.24    3.74
  55596.433    12.195    -0.20    3.35
  55971.493    11.848    -0.93    3.79
  56346.629    12.717     2.32    3.94
  56721.843    13.681     2.57    3.32
  57097.134    13.476    -0.55    3.55
  57472.503    13.347    -0.34    3.84
  57847.950    13.523     0.47    3.98
  58223.474    14.433     2.42    3.85
  58599.075    15.128     1.85    3.11
  58974.755    16.132     2.67    2.84
  59350.512    17.842     4.55    3.91
  59726.347    19.702     4.95    5.06
  60102.259    21.029     3.53    5.02
  60478.250    21.605     1.53    4.63
  60854.318    22.809     3.20    4.15
  61230.465    24.584     4.72    4.03
  61606.689    26.673     5.55    3.61
  61982.992    28.641     5.23    2.60
  62359.372    30.032     3.70    2.65
  62735.831    30.584     1.47    3.55
  63112.368    29.945    -1.70    4.28
  63488.983    29.164    -2.07    4.68
  63865.677    28.143    -2.71    5.43
  64242.449    28.684     1.44    5.99
  64619.299    30.917     5.92    6.96
  64996.228    34.076     8.38    7.50
  65373.235    35.659     4.20    8.26
  65750.321    35.217    -1.17    8.31
  66127.485    35.121    -0.25    7.16
  66504.728    36.051     2.46    5.98
  66882.050    38.637     6.86    5.65
  67259.450    42.348     9.83    4.79
  67636.930    44.659     6.12    4.90
  68014.488    45.270     1.62    4.97
  68392.125    45.024    -0.65    5.95
  68769.840    45.139     0.30    6.14
  69147.635    44.551    -1.55    6.07
  69525.509    44.206    -0.91    5.82
  69903.462    42.046    -5.72    6.40
  70281.494    40.347    -4.49    6.95
  70659.606    39.698    -1.72    7.22
  71037.796    40.336     1.69    6.90
  71416.066    43.021     7.10    7.76
  71794.415    46.960    10.41    8.74
  72172.844    51.858    12.94    8.47
  72551.352    56.315    11.77    7.07
  72929.939    58.326     5.31    5.15
  73308.606    58.659     0.88    4.39
  73687.353    58.413    -0.65    4.03
  74066.179    58.691     0.73    4.07
  74445.084    59.238     1.44    3.88
  74824.070    59.777     1.42    3.64
  75203.135    59.293    -1.28    3.65
  75582.280    58.186    -2.92    4.01
  75961.505    57.652    -1.41    3.47
  76340.810    58.842     3.14    4.27
  76720.195    62.659    10.06    5.78
  77099.660    67.402    12.50    6.75
  77479.205    72.960    14.65    7.62
  77858.830    77.106    10.92    6.75
  78238.536    81.551    11.71    6.22
  78618.321    86.492    13.01    7.19
  78998.187    92.251    15.16    9.22
  79378.133    97.470    13.74    8.18
  79758.160   100.189     7.15    5.57
  80138.266    99.996    -0.51    4.69
  80518.454    96.911    -8.12    5.77
  80898.722    92.269   -12.21    7.10
  81279.070    86.421   -15.38    8.73
  81659.499    79.746   -17.55    9.41
  82040.009    72.885   -18.03    9.01
  82420.600    67.905   -13.08    6.53
  82801.271    64.498    -8.95    5.40
  83182.023    63.096    -3.68    6.26
  83562.856    62.992    -0.27    6.70
  83943.770    64.189     3.14    7.26
  84316.377    67.195     8.07    7.40
  84681.970    70.546     9.17    6.80
  85047.637    71.336     2.16    5.42
  85413.378    69.897    -3.94    5.85
  85779.192    64.510   -14.73    8.93
  86145.080    58.175   -17.32    8.87
  86511.041    52.928   -14.34    5.68
  86877.077    52.379    -1.50    4.90
  87243.186    55.459     8.41    6.07
  87609.369    59.756    11.73    5.70
  87975.626    64.023    11.65    4.63
  88341.956    69.014    13.62    5.84
  88708.361    73.424    12.04    6.69
  89074.840    79.078    15.43    7.33
  89441.393    85.219    16.75    7.64
  89808.020    92.153    18.92    9.09
  90174.721    99.041    18.78   10.80
  90541.496   106.424    20.13    9.61
  90908.346   111.485    13.80    8.12
  91275.270   115.555    11.09    5.86
  91642.268   116.938     3.77    5.92
  92009.340   117.212     0.75    7.10
  92376.487   118.534     3.60    7.95
  92743.709   120.433     5.17    8.18
  93111.005   123.032     7.08    8.66
  93478.375   124.645     4.39    8.41
  93845.820   126.141     4.07    6.94
  94213.340   127.206     2.90    5.20
  94580.935   129.932     7.42    6.13
  94948.604   133.648    10.11    7.44
  95316.348   137.256     9.81    6.19
  95684.167   136.498    -2.06    6.45
  96052.060   133.512    -8.11    7.08
  96420.029   129.401   -11.17    7.06
  96788.072   126.230    -8.62    5.11
  97156.191   124.465    -4.79    4.51
  97524.385   123.836    -1.71    6.34
  97892.653   123.938     0.28    8.70
  98260.997   124.677     2.00   10.44
  98629.416   126.087     3.83   12.47
  98997.911   127.003     2.49   13.61
  99366.480   126.244    -2.06   14.22
  99735.125   122.078   -11.30   15.80
 100103.845   118.282   -10.30   16.90
 100472.641   115.645    -7.15   16.57
 100841.512   115.219    -1.15   16.75
 101210.459   115.708     1.33   15.19
 101579.481   113.945    -4.78   13.55
 101948.579   110.740    -8.68   11.31
 102317.753   109.196    -4.18    9.29
 102687.002   108.611    -1.59    6.77
 103056.327   111.357     7.44    6.42
 103425.727   115.831    12.11    7.60
 103795.204   122.444    17.90    9.39
 104164.757   127.644    14.07    7.73
 104534.385   129.541     5.13    5.49
 104904.089   128.858    -1.85    5.98
 105273.870   125.474    -9.15    5.46
 105643.726   123.359    -5.72    3.49
 106013.659   122.943    -1.13    2.80
 106383.667   124.032     2.94    3.17
 106753.752   126.272     6.05    3.19
 107123.913   128.517     6.06    6.36
 107494.151   130.600     5.63   10.01
 107864.465   129.900    -1.89   11.40
 108234.855   128.426    -3.98   12.70
 108605.322   123.978   -12.01   11.79
 108975.865   119.359   -12.47    8.24
 109346.485   118.641    -1.94    6.50
 109717.181   118.216    -1.15    5.55
 110087.954   119.357     3.08    5.34
 110458.803   119.315    -0.11    5.34
 110829.730   118.195    -3.02    5.40
 111200.733   117.208    -2.66    5.62
 111571.813   116.978    -0.62    5.18
 111942.969   116.904    -0.20    4.88
 112314.203   117.228     0.87    4.50
 112685.514   118.035     2.17    4.16
 113056.901   120.051     5.43    4.87
 113428.366   123.581     9.50    6.03
 113799.908   127.923    11.69    6.48
 114171.527   130.432     6.75    5.51
 114543.223   130.509     0.21    6.32
 114914.996   126.091   -11.88    9.03
 115286.847   120.092   -16.13    8.61
 115658.775   116.207   -10.45    5.17
 116030.780   115.804    -1.08    5.52
 116402.863   118.810     8.08    7.69
 116775.023   122.526     9.99    8.34
 117147.261   125.704     8.54    8.02
 117519.577   126.219     1.38    7.94
 117891.970   122.272   -10.60   10.44
 118264.440   116.104   -16.56   12.56
 118636.989   108.326   -20.88    9.54
 119009.615   105.189    -8.42    5.73
 119382.319   105.842     1.75    5.79
 119755.101   111.041    13.95    8.37
 120127.961   118.414    19.78    9.83
 120500.899   126.578    21.89   11.09
 120873.914   134.553    21.38    8.20
 121247.008   139.134    12.28    4.28
 121620.180   140.820     4.52    3.03
 121993.430   139.999    -2.20    3.73
 122366.759   137.809    -5.87    3.66
 122740.165   134.602    -8.59    5.10
 123113.650   131.597    -8.05    5.90
 123487.213   128.421    -8.50    5.99
 123860.855   124.787    -9.73    6.07
 124234.575   120.503   -11.47    6.78
 124608.374   118.358    -5.74    7.15
 124982.251   117.113    -3.33    6.71
 125356.207   119.698     6.91    6.14
 125730.241   124.401    12.57    8.52
 126104.354   132.034    20.40   11.95
 126478.546   140.826    23.50   11.94
 126852.816   144.926    10.96    7.93
 127227.166   145.869     2.52    6.55
 127601.594   142.326    -9.46    8.43
 127976.102   134.728   -20.29    7.94
 128350.688   128.534   -16.54    7.80
 128725.353   122.775   -15.37    5.97
 129100.098   120.241    -6.76    4.91
 129474.921   119.769    -1.26    6.11
 129849.824   120.420     1.74    6.74
 130224.806   121.326     2.41    6.07
 130599.867   119.717    -4.29    5.34
 130975.008   116.532    -8.49    5.60
 131350.228   111.878   -12.41    6.32
 131725.527   107.226   -12.40    5.05
 132100.906   103.368   -10.28    3.64
 132476.365   100.963    -6.41    2.85
 132851.903    98.138    -7.52    3.70
 133227.520    95.853    -6.08    3.99
 133603.218    93.113    -7.29    3.64
 133978.995    91.218    -5.04    3.02
 134354.852    89.557    -4.42    2.77
 134730.788    87.804    -4.66    2.16
 135106.805    86.431    -3.65    1.84
 135482.902    85.945    -1.29    1.78
 135859.078    85.189    -2.01    1.75
 136235.335    84.208    -2.61    1.71
 136611.671    83.496    -1.89    1.81
 136988.088    82.634    -2.29    1.77
 137364.585    82.081    -1.47    1.69
 137741.162    80.730    -3.59    3.02
 138117.820    79.017    -4.55    3.79
 138494.558    77.283    -4.60    4.00
 138871.376    76.145    -3.02    3.23
 139248.275    76.294     0.40    2.99
 139625.254    78.060     4.68    3.10
 140002.314    79.240     3.13    2.99
 140379.454    78.028    -3.22    4.71
 140756.675    76.399    -4.32    5.60
 141133.977    75.476    -2.45    4.99
 141511.359    76.836     3.60    6.18
 141888.822    81.594    12.61    6.50
 142266.366    86.210    12.23    4.98
 142643.991    91.369    13.66    6.62
 143021.697    98.028    17.63    9.75
 143399.484   106.842    23.33   10.96
 143777.352   112.778    15.71    8.51
 144155.302   116.594    10.10    4.98
 144533.332   116.347    -0.66    5.37
 144911.443   112.947    -8.99    6.28
 145289.636   108.378   -12.08    7.12
 145667.910   102.934   -14.39    6.46
 146046.266   101.503    -3.78    5.12
 146424.702   102.923     3.75    6.35
 146803.221   107.148    11.16    7.49
 147181.821   112.847    15.05    5.71
 147560.502   115.586     7.23    4.53
 147939.265   118.110     6.67    4.81
 148318.110   120.473     6.24    5.46
 148697.036   124.957    11.84    7.61
 149076.044   130.294    14.08    8.51
 149455.135   136.923    17.49    8.25
 149834.307   142.836    15.60    7.07
 150213.560   147.487    12.26    5.84
 150592.896   150.294     7.40    5.50
 150972.314   151.250     2.52    6.67
 151351.814   149.878    -3.62    9.48
 151731.396   146.971    -7.66   11.52
 152111.061   144.115    -7.52   10.46
 152490.807   144.315     0.53   10.09
 152870.636   146.096     4.69    8.79
 153250.548   145.713    -1.01    8.50
 153630.541   141.096   -12.15   10.11
 154010.618   133.634   -19.64    9.83
 154390.776   126.494   -18.78    9.03
 154771.018   119.623   -18.07    9.91
 155151.342   115.208   -11.61   10.36
 155531.748   109.857   -14.07    9.30
 155912.237   105.975   -10.20    9.08
 156292.810    98.115   -20.66   10.94
 156673.464    92.421   -14.96   10.85
 157054.202    86.081   -16.65    9.54
 157435.023    80.971   -13.42    7.05
 157815.927    76.107   -12.77    6.25
 158196.914    71.968   -10.87    6.40
 158577.984    66.847   -13.44    6.07
 158956.058    61.911   -13.06    6.02
 159321.419    57.006   -13.43    6.22
 159686.855    53.305   -10.13    6.40
 160052.366    50.732    -7.04    7.21
 160417.953    50.294    -1.20    9.26
 160783.615    52.291     5.46   12.17
 161149.353    58.903    18.08   15.23
 161515.166    65.401    17.77   14.52
 161881.054    74.943    26.08   13.52
 162247.018    82.044    19.41   11.01
 162613.058    87.132    13.90    9.29
 162979.174    90.242     8.50    8.33
 163345.365    90.481     0.65    9.05
 163711.632    89.305    -3.21    9.60
 164077.975    90.028     1.97   10.81
 164444.394    92.419     6.53   12.44
 164810.888    94.602     5.96   12.67
 165177.459    96.262     4.53   13.06
 165544.105    93.242    -8.24   12.77
 165910.828    93.715     1.29   13.38
 166277.627    96.409     7.35   12.09
 166644.502    97.928     4.14    8.42
 167011.453    94.134   -10.34    8.76
 167378.480    88.902   -14.26    9.78
 167745.584    81.909   -19.05    9.10
 168112.764    75.889   -16.40    7.12
 168480.021    69.115   -18.45    7.76
 168847.353    63.232   -16.02    8.40
 169214.763    60.162    -8.35    8.28
 169582.249    60.356     0.53    9.62
 169949.811    63.706     9.11   10.23
 170317.450    66.346     7.18    7.44
 170685.166    64.627    -4.68    7.32
 171052.959    57.748   -18.70   11.40
 171420.828    48.894   -24.07   11.89
 171788.774    39.652   -25.12    9.54
 172156.797    33.620   -16.39    7.22
 172524.897    29.046   -12.43    3.67
 172893.074    27.273    -4.81    2.09
 173261.328    26.460    -2.21    1.38
 173629.658    26.717     0.70    1.30
 173998.066    26.605    -0.30    1.49
 174366.552    26.210    -1.07    1.46
 174735.114    25.757    -1.23    1.47
 175103.754    25.368    -1.06    1.30
 175472.470    25.076    -0.79    1.17
 175841.265    24.862    -0.58    1.00
 176210.136    24.521    -0.92    0.93
 176579.085    24.457    -0.17    1.35
 176948.112    24.515     0.16    1.94
 177317.216    24.416    -0.27    2.31
 177686.398    23.985    -1.17    2.57
 178055.657    23.368    -1.67    2.45
 178424.994    22.978    -1.06    2.35
 178794.409    22.645    -0.90    2.54
 179163.902    22.810     0.45    2.47
 179533.472    22.951     0.38    2.27
 179903.120    22.992     0.11    2.17
 180272.846    22.836    -0.42    1.95
 180642.651    22.108    -1.97    2.35
 181012.533    20.815    -3.50    2.99
 181382.493    18.573    -6.06    3.65
 181752.531    16.130    -6.60    4.42
 182122.648    12.132   -10.80    6.50
 182492.843     5.799   -17.11    9.29
 182863.116    -1.185   -18.86    9.49
 183233.467    -6.717   -14.94    5.69
 183603.897    -8.841    -5.73    3.16
 183974.405    -7.091     4.72    4.66
 184344.992    -4.268     7.62    5.66
 184715.657    -0.305    10.69    4.79
 185086.400     2.573     7.76    3.46
 185457.223     4.428     5.00    3.09
 185828.124     5.686     3.39    3.43
 186199.103     6.510     2.22    3.09
 186570.162     6.648     0.37    2.25
 186941.299     6.513    -0.36    1.46
 187312.515     6.234    -0.75    1.33
 187683.810     5.915    -0.86    0.86
 188055.184     5.805    -0.30    0.92
 188426.637     6.003     0.53    1.17
 188798.170     6.506     1.36    1.04
 189169.781     6.934     1.15    0.98
 189541.471     7.402     1.26    1.38
 189913.241     7.254    -0.40    1.77
 190285.089     5.662    -4.28    3.60
 190657.018     2.891    -7.45    5.33
 191029.025    -0.268    -8.49    4.86
 191401.112    -2.953    -7.22    3.82
 191773.278    -4.965    -5.41    3.84
 192145.524    -6.501    -4.13    4.11
 192517.850    -8.292    -4.81    3.69
 192890.255    -8.194     0.26    3.69
