# NaN NaN NaN ;Mean Elev.(m), Avg Gradient(m/km), RMS Gradient(m/km) - SRTM1     
#   13.080  -5.620  16.343 ;Mean Elev.(m), Avg Gradient(m/km), RMS Gradient(m/km) - ASTER GDEM
#   30.000  -5.610  11.216 ;Mean Elev.(m), Avg Gradient(m/km), RMS Gradient(m/km) - GMTED2010 
 11  56.433524  66.340151    29.767    29.767  2 52604.31536102 32.904
 12  56.439752  66.327355    30.524    30.663  4 52639.31534375 17.770
 13  56.435337  66.338278    32.169    32.169  2 52674.31533798 15.511
 14  56.442839  66.331693    33.222    33.610  3 52709.31535366 10.363
 16  56.437873  66.321578    35.900    35.909  5 52779.31532010 52.889
 17  56.435065  66.321601    40.343    33.790  3 52814.31540434 22.210
 18  56.440272  66.327254    28.017    28.009  5 52849.31545605 29.802
 20  56.433730  66.338603    33.462    33.462  2 52919.31544612 16.302
 22  56.438069  66.324073    31.023    30.894  4 52989.31542081 16.871
 24  56.437191  66.321531    31.445    31.428  5 53059.31540135 12.219
 25  56.426987  66.341774    32.964    32.964  2 53094.31543590 10.755
 26  56.436718  66.319930    27.869    27.832  4 53129.31541117 24.075
 28  56.441578  66.336350    28.188    28.183  3 53199.31547750 53.325
 29  56.440362  66.334425    29.073    29.073  2 53234.31544797 25.043
 30  56.436376  66.317405    31.500    31.500  2 53269.31541710 17.877
 31  56.440631  66.336087    27.904    27.885  3 53304.31547484 45.284
 32  56.435161  66.337882    29.785    29.785  2 53339.31544355 30.036
 33  56.431470  66.340826    32.376    32.376  2 53374.31537500 18.672
 34  56.442622  66.332060    32.173    32.086  3 53409.31541819 15.374
 35  56.429572  66.342530    32.163    32.163  2 53444.31540024 14.587
 36  56.440835  66.336023    33.029    33.053  3 53479.31547924  9.144
 38  56.434826  66.340887    30.823    30.823  2 53549.31550506 22.289
 40  56.424171  66.341647    27.453    27.453  2 53619.31542513 44.626
 43  56.431531  66.341968    28.922    28.922  2 53724.31537068 28.028
 47  56.442473  66.334373    27.884    27.884  2 53864.31538776 25.839
 48  56.441419  66.335577    34.969    34.988  3 53899.31541274 22.550
 49  56.432781  66.339841    28.086    28.086  2 53934.31545620 50.187
 52  56.439189  66.326619    28.882    28.859  5 54039.31543500 37.154
 53  56.439162  66.338104    29.477    29.549  3 54074.31542755 46.891
 54  56.426350  66.342079    32.232    32.232  2 54109.31537254 15.947
 55  56.442958  66.332235    32.506    32.493  3 54144.31536600 14.312
 57  56.441568  66.333484    28.348    28.328  3 54214.31537358 32.406
 59  56.439586  66.337129    32.109    32.109  2 54284.31540850 38.396
 60  56.440065  66.337245    30.149    28.824  3 54319.31540598 25.146
 62  56.441466  66.335661    28.937    28.937  2 54389.31534648 53.004
 63  56.435393  66.338151    29.526    29.526  2 54424.31531931 41.921
 64  56.439523  66.325945    31.875    31.804  5 54459.31532364 15.216
 65  56.436654  66.338762    32.236    32.236  2 54494.31532383 13.043
 66  56.442321  66.331231    32.245    32.311  3 54529.31533546 14.047
 67  56.431711  66.340855    32.426    32.426  2 54564.31533041 11.008
 68  56.439713  66.335210    29.282    29.271  3 54599.31533019 18.026
 71  56.435693  66.340187    28.365    28.365  2 54704.31531056 21.940
 72  56.440387  66.329829    29.211    29.241  3 54739.31531106 43.617
 73  56.435858  66.337586    31.083    31.083  2 54774.31529240 50.673
 74  56.437527  66.324146    29.091    29.045  5 54809.31530569 46.737
 75  56.436102  66.337978    32.218    32.218  2 54844.31529042 13.579
 76  56.441115  66.335069    31.849    31.849  2 54879.31530700 12.228
 77  56.431896  66.341505    31.968    31.968  2 54914.31529399 16.352
 78  56.440917  66.335545    33.466    33.374  3 54949.31529904 11.890
 79  56.439746  66.336945    35.359    35.323  3 54984.31532396 29.462
 80  56.439048  66.336266    31.691    32.955  3 55019.31532025 30.510
 81  56.438495  66.338011    28.645    28.645  2 55054.31531600 23.860
 83  56.441758  66.333151    29.301    29.301  2 55124.31525411 46.619
 84  56.434270  66.338767    28.928    28.928  2 55159.31523766 31.533
 85  56.439331  66.326381    31.142    31.223  5 55194.31524536 17.539
 86  56.432025  66.339356    32.268    32.268  2 55229.31523984 15.365
 87  56.441518  66.335466    31.768    31.705  3 55264.31523905 14.859
 88  56.434237  66.340902    31.918    31.918  2 55299.31522221 10.539
 90  56.437707  66.336852    30.253    29.941  3 55369.31520751 28.278
 91  56.441802  66.331173    28.303    28.108  3 55404.31522522 30.992
 92  56.438217  66.338690    32.858    32.707  3 55439.31522536 18.249
 93  56.430192  66.338905    29.276    29.276  2 55474.31517198 34.860
