# NaN NaN NaN ;Mean Elev.(m), Avg Gradient(m/km), RMS Gradient(m/km) - SRTM1     
#   11.178   0.473   3.644 ;Mean Elev.(m), Avg Gradient(m/km), RMS Gradient(m/km) - ASTER GDEM
#    0.000  -0.119   3.109 ;Mean Elev.(m), Avg Gradient(m/km), RMS Gradient(m/km) - GMTED2010 
  7  54.089408  68.057815     1.572     0.589 26 52473.32699670 19.358
  8  54.089458  68.058095     4.136     3.991 25 52508.32696600 18.701
 10  54.096642  68.059116     0.486     0.482 22 52578.32700100 39.261
 11  54.083167  68.058385     0.234     0.224 28 52613.32696680 17.875
 12  54.097120  68.053069     0.080     0.010 16 52648.32694965 13.932
 13  54.096687  68.059814     0.188     0.183 23 52683.32692459 11.757
 15  54.073888  68.059291     0.201     0.207 29 52753.32700632  9.917
 17  54.098278  68.049596     1.015     1.030  9 52823.32702492 53.329
 18  54.095075  68.047287     0.127    -0.022  8 52858.32707198 31.649
 19  54.092667  68.059040     1.922     0.452 25 52893.32710162 20.841
 20  54.075767  68.058424     0.426     0.501 29 52928.32705306 37.211
 22  54.088964  68.056686     0.073     0.054 25 52998.32707027 15.827
 23  54.077961  68.057788    -0.400    -0.396 29 53033.32702485 12.895
 24  54.098901  68.056243     0.620     0.577 19 53068.32703824 10.135
 25  54.075459  68.059373     0.601     0.582 29 53103.32702674 10.709
 26  54.096324  68.050023     1.180     0.774 12 53138.32704333  5.703
 27  54.098768  68.058700     3.447     1.726 20 53173.32708433 21.223
 28  54.090682  68.057925     0.255     0.325 24 53208.32710056 22.778
 29  54.089661  68.057755     0.415    -0.227 25 53243.32706827 28.823
 31  54.097597  68.058854     0.974     0.991 21 53313.32707344 35.425
 32  54.092034  68.057362     0.052     0.009 24 53348.32703961 21.861
 33  54.093980  68.043525     0.536     0.419  4 53383.32701105 18.424
 34  54.100356  68.056398    -0.074    -0.084 18 53418.32701898 14.925
 36  54.089986  68.057594     0.075     0.069 25 53488.32710769 10.099
 37  54.097587  68.057495     3.667     1.727 21 53523.32709615 22.106
 38  54.086514  68.059385     1.568     0.311 25 53558.32712220 19.062
 39  54.091837  68.059341     0.107    -0.183 25 53593.32705941 26.500
 40  54.096075  68.046616    -0.258    -0.281  8 53628.32705293 34.388
 41  54.097195  68.059200     1.186     0.847 22 53663.32707539 20.451
 42  54.089901  68.059233     1.077     1.071 25 53698.32703730 43.268
 43  54.082657  68.058174     0.712     0.692 28 53733.32696013 24.000
 44  54.094032  68.047500     0.364     0.437 10 53768.32694162 11.675
 45  54.089167  68.059377    -0.076    -0.052 26 53803.32693742 11.552
 46  54.097617  68.047591     0.554     0.547  7 53838.32695495  9.380
 47  54.097483  68.055851     0.943     0.928 20 53873.32700276 44.817
 48  54.098382  68.060191     0.834     0.815 22 53908.32704454 21.904
 49  54.086643  68.059777     1.561     0.281 26 53943.32706960 21.010
 50  54.080807  68.058437     0.518     0.158 28 53978.32702134 19.572
 52  54.096468  68.051524     0.514     0.485 14 54048.32704056 27.722
 54  54.076703  68.059587     0.173     0.175 28 54118.32696224 15.359
 55  54.096372  68.059829    -0.183    -0.206 23 54153.32698581 12.444
 57  54.098108  68.056515     0.554     0.583 20 54223.32699631 31.971
 58  54.097917  68.060317     1.607     1.615 22 54258.32701723 51.726
 59  54.098869  68.059479     0.475     0.541 22 54293.32702029 47.261
 60  54.091260  68.057651     2.137     0.586 25 54328.32701589 20.431
 61  54.077557  68.057992     2.221     0.927 29 54363.32696414 17.476
 62  54.098320  68.056429     2.161     1.076 19 54398.32695590 22.101
 63  54.086680  68.059991     0.186     0.169 26 54433.32691364 25.114
 64  54.097011  68.050127     0.536     0.524 11 54468.32693954 14.840
 65  54.088354  68.059841    -0.033    -0.043 26 54503.32692947 13.603
 66  54.096665  68.059058    -0.024    -0.024 22 54538.32695349 10.917
 67  54.082879  68.058126     0.034     0.020 28 54573.32693077  9.668
 68  54.098378  68.060157     0.461     0.453 21 54608.32694619 18.997
 69  54.091484  68.057810     0.822     0.803 25 54643.32695529 21.609
 70  54.094941  68.059106     0.545     0.379 23 54678.32695662 24.556
 71  54.079911  68.057006     3.976     2.557 28 54713.32691026 17.451
 72  54.098271  68.056912     1.548     1.063 20 54748.32692625 23.020
 73  54.090722  68.058468     0.607     0.572 25 54783.32689701 37.754
 74  54.099902  68.056796     0.387     0.450 19 54818.32691872 22.294
 75  54.089036  68.057944    -0.043    -0.050 25 54853.32689416 12.680
 76  54.093426  68.057583     0.124     0.107 25 54888.32692354 11.017
 77  54.077058  68.059745     0.219     0.219 29 54923.32689421 10.337
 78  54.098186  68.056318     3.899     3.957 20 54958.32692030  1.715
 79  54.091402  68.057557     1.780     1.794 24 54993.32694287 46.027
 80  54.090805  68.057663     0.494     0.446 24 55028.32693318 18.024
 81  54.093150  68.058275     0.319     0.293 25 55063.32692496 23.695
 82  54.076182  68.059315     2.501     1.510 29 55098.32687164 20.591
 83  54.098869  68.057631     0.048     0.048 20 55133.32686901 47.297
 84  54.089066  68.058768     0.366     0.371 26 55168.32683407 24.495
 85  54.098200  68.057161     0.361     0.362 19 55203.32686158 17.031
 86  54.083346  68.058270     0.034     0.055 28 55238.32684201 17.580
 87  54.091248  68.057328     0.340     0.348 24 55273.32685560 13.844
 88  54.079686  68.057420    -0.017    -0.054 28 55308.32682476 17.116
 89  54.098638  68.059960     1.234     1.045 22 55343.32682382 23.057
 90  54.089404  68.058818     0.650     0.388 25 55378.32681876 21.104
 91  54.098402  68.055358     0.447     0.363 19 55413.32684348 32.848
 92  54.089941  68.057590     4.408     3.795 25 55448.32683252 18.557
 93  54.078294  68.060279     2.895     1.426 29 55483.32676061 20.175
