-184541.587    19.316     0.00    1.61
-184161.290    19.001    -0.83    1.45
-183780.914    18.778    -0.59    1.42
-183400.460    18.547    -0.61    1.44
-183019.927    18.393    -0.41    1.54
-182639.315    18.692     0.79    2.92
-182258.625    26.057    19.34   17.20
-181888.907    38.768    34.38   21.97
-181523.139    51.894    35.88   18.25
-181157.300    61.160    25.32    9.39
-180791.389    62.975     4.96    4.40
-180425.406    63.618     1.76    4.20
-180059.351    64.442     2.25    4.18
-179693.225    65.846     3.83    2.62
-179327.026    66.573     1.98    2.33
-178960.755    67.180     1.66    2.12
-178594.413    66.247    -2.55    2.63
-178227.998    65.593    -1.78    2.81
-177861.511    64.855    -2.01    2.62
-177494.952    64.123    -2.00    3.07
-177128.321    62.475    -4.49    5.08
-176761.618    62.585     0.30    5.40
-176394.842    63.131     1.49    5.07
-176027.994    63.986     2.33    4.20
-175661.073    65.816     4.99    3.73
-175294.080    67.258     3.93    3.47
-174927.015    67.532     0.75    3.32
-174559.877    68.086     1.51    3.07
-174192.667    66.511    -4.29    4.33
-173825.384    64.101    -6.56    4.54
-173458.028    62.852    -3.40    4.63
-173090.600    62.200    -1.77    5.00
-172723.099    62.396     0.53    4.91
-172355.525    63.629     3.35    5.05
-171987.878    63.026    -1.64    5.05
-171620.159    63.981     2.60    4.21
-171252.366    65.343     3.70    3.91
-170884.501    66.875     4.16    3.65
-170516.563    69.214     6.36    3.82
-170148.552    71.464     6.11    3.56
-169780.467    71.768     0.83    3.81
-169412.310    73.088     3.58    4.45
-169044.079    71.948    -3.09    5.90
-168675.775    72.142     0.53    6.20
-168307.398    73.790     4.47    6.77
-167938.948    71.816    -5.36    7.69
-167570.425    72.497     1.85    7.30
-167201.828    74.543     5.55    7.03
-166833.157    77.214     7.25    7.24
-166464.413    80.409     8.66    6.63
-166095.596    83.149     7.43    6.73
-165726.705    85.365     6.01    5.57
-165357.740    84.703    -1.80    6.27
-164988.702    82.290    -6.54    7.97
-164619.591    80.941    -3.66    7.47
-164250.405    81.834     2.42    7.30
-163881.146    82.662     2.24    7.75
-163511.813    84.594     5.23    5.55
-163142.406    84.475    -0.32    6.04
-162772.925    82.431    -5.53    6.97
-162403.370    80.195    -6.05    9.01
-162033.742    79.897    -0.81   10.34
-161664.039    79.551    -0.94   11.19
-161294.262    79.748     0.53   12.02
-160924.411    84.098    11.76    9.70
-160554.486    86.759     7.19    7.98
-160184.487    86.442    -0.86    8.17
-159814.413    84.112    -6.30    8.11
-159444.265    79.057   -13.65   10.92
-159074.043    70.894   -22.05   11.15
-158703.747    66.997   -10.52    9.35
-158333.376    61.499   -14.84    6.55
-157962.930    57.942    -9.60    6.68
-157592.410    55.027    -7.87    7.26
-157221.816    52.551    -6.68    9.24
-156851.147    50.612    -5.23   13.00
-156480.403    46.145   -12.05   14.61
-156109.584    44.284    -5.02   13.69
-155738.691    40.717    -9.62   11.22
-155367.723    39.747    -2.61    8.71
-154996.680    40.181     1.17    7.52
-154625.563    43.334     8.49    8.89
-154254.370    46.772     9.26    9.13
-153883.103    48.236     3.94    7.68
-153511.760    48.620     1.03   10.41
-153140.343    46.625    -5.37   11.79
-152768.850    45.384    -3.34   11.99
-152397.282    46.604     3.28   11.44
-152025.639    45.476    -3.04    9.84
-151653.921    45.937     1.24   11.10
-151282.127    46.682     2.00   10.62
-150910.259    48.303     4.36   11.34
-150538.314    48.520     0.58   11.74
-150166.295    47.877    -1.73   11.49
-149794.200    48.310     1.16   12.39
-149422.029    50.203     5.09   12.05
-149049.783    51.486     3.44   12.14
-148677.461    53.149     4.47   12.07
-148305.064    57.739    12.32   10.75
-147932.591    62.475    12.71    9.70
-147560.042    66.389    10.50   10.05
-147187.418    70.297    10.49   10.11
-146814.717    74.138    10.30    8.55
-146441.941    78.308    11.19    6.32
-146069.089    79.334     2.75    6.72
-145696.161    80.123     2.12   11.99
-145323.157    82.040     5.14   14.81
-144950.076    83.004     2.58   16.62
-144576.920    83.594     1.58   16.45
-144203.688    82.676    -2.46   16.08
-143830.379    86.120     9.23   16.70
-143456.994    94.720    23.03   17.40
-143083.533   101.323    17.68   16.03
-142709.996   106.580    14.07   14.37
-142336.382   112.605    16.12   11.85
-141962.692   116.673    10.88   12.06
-141588.925   121.594    13.16   10.65
-141215.082   126.680    13.60    6.80
-140841.162   129.421     7.33    4.78
-140467.165   130.123     1.88    3.97
-140093.092   129.356    -2.05    4.75
-139718.942   124.919   -11.86    9.97
-139344.716   117.765   -19.11   10.78
-138970.413   113.214   -12.16    8.53
-138596.032   112.292    -2.46    8.78
-138221.575   115.998     9.90   10.48
-137847.041   122.324    16.89   11.03
-137472.430   127.975    15.08    9.82
-137097.742   132.888    13.11    8.65
-136722.977   135.942     8.15    7.54
-136348.135   137.823     5.02    6.41
-135973.216   136.953    -2.32    4.86
-135598.219   132.356   -12.26    7.20
-135223.145   125.953   -17.07    9.72
-134847.994   119.561   -17.04    8.53
-134472.766   117.377    -5.82    7.73
-134097.460   120.625     8.65   12.02
-133722.076   126.844    16.57   13.65
-133346.616   133.765    18.43   11.91
-132971.077   140.584    18.15    8.06
-132595.461   143.464     7.67    6.08
-132219.767   143.594     0.35    6.23
-131843.996   140.948    -7.04    7.31
-131468.147   136.980   -10.55    5.36
-131092.220   133.692    -8.75    5.87
-130716.215   131.627    -5.49    6.93
-130340.133   129.717    -5.08    7.73
-129963.972   128.105    -4.28    7.65
-129587.734   128.178     0.19    5.90
-129211.417   128.442     0.70    4.03
-128835.022   127.042    -3.72    4.68
-128458.550   123.959    -8.19    6.63
-128081.999   120.037   -10.41    6.42
-127705.370   117.023    -8.00    6.96
-127328.662   115.828    -3.17    7.86
-126951.876   114.134    -4.49    8.46
-126575.012   112.509    -4.31    8.90
-126198.070   107.804   -12.48   11.25
-125821.049    99.703   -21.49   12.06
-125443.949    92.668   -18.65   11.29
-125066.771    86.214   -17.11    9.81
-124689.515    82.238   -10.54    8.27
-124312.180    79.206    -8.04    5.67
-123934.766    77.873    -3.53    5.08
-123557.273    78.295     1.12    5.13
-123179.701    78.073    -0.59    5.47
-122802.051    77.386    -1.82    6.62
-122424.322    76.823    -1.49    7.22
-122046.513    74.742    -5.51    8.18
-121668.626    71.008    -9.88    7.63
-121290.660    68.331    -7.08    5.79
-120912.614    67.335    -2.63    3.92
-120534.490    68.453     2.96    3.77
-120156.286    69.549     2.90    3.65
-119778.003    71.893     6.19    5.21
-119399.641    73.582     4.47    5.75
-119021.199    75.420     4.86    6.38
-118642.678    77.888     6.52    6.72
-118264.078    80.145     5.96    6.02
-117885.398    82.486     6.18    6.64
-117506.639    85.334     7.52    6.07
-117127.800    87.681     6.20    4.90
-116748.881    89.551     4.93    2.82
-116369.883    89.453    -0.26    2.92
-115990.805    89.070    -1.01    2.67
-115611.647    88.377    -1.83    2.88
-115232.409    87.801    -1.52    2.98
-114853.092    86.602    -3.16    2.53
-114473.694    85.497    -2.91    2.02
-114094.217    84.496    -2.64    2.53
-113714.659    81.376    -8.22    4.66
-113335.021    77.873    -9.23    6.23
-112955.304    73.942   -10.35    6.77
-112575.506    69.636   -11.34    6.89
-112195.628    65.964    -9.67    5.35
-111815.669    62.905    -8.05    5.58
-111435.630    59.834    -8.08    5.30
-111055.511    58.077    -4.62    4.21
-110675.312    57.573    -1.33    4.34
-110295.031    57.377    -0.51    4.29
-109914.671    57.899     1.37    4.79
-109534.230    59.942     5.37    6.61
-109153.708    62.195     5.92    7.43
-108773.105    64.175     5.20    7.31
-108392.422    65.582     3.70    6.68
-108011.658    65.686     0.27    5.96
-107630.813    63.043    -6.94    5.11
-107255.976    60.142    -7.74    3.79
-106890.437    57.645    -6.83    4.05
-106524.825    55.497    -5.87    3.90
-106159.139    53.624    -5.12    3.71
-105793.379    52.040    -4.33    2.82
-105427.546    50.236    -4.93    2.80
-105061.639    49.062    -3.21    3.25
-104695.659    48.239    -2.25    3.04
-104329.604    47.527    -1.95    2.65
-103963.476    47.131    -1.08    2.10
-103597.275    47.581     1.23    2.26
-103230.999    48.180     1.63    2.38
-102864.649    48.701     1.42    3.53
-102498.226    49.127     1.16    4.86
-102131.729    48.236    -2.43    5.10
-101765.157    47.410    -2.25    4.81
-101398.511    46.180    -3.36    2.99
-101031.792    46.529     0.95    3.13
-100664.998    47.149     1.69    3.57
-100298.130    45.873    -3.48    3.70
 -99931.187    43.871    -5.46    3.09
 -99564.171    41.496    -6.47    3.43
 -99197.080    39.024    -6.73    4.03
 -98829.914    35.324   -10.08    5.69
 -98462.675    32.313    -8.20    5.14
 -98095.360    28.904    -9.28    5.06
 -97727.972    26.294    -7.10    5.85
 -97360.508    25.180    -3.03    6.59
 -96992.970    26.698     4.13    7.29
 -96625.358    29.353     7.22    7.83
 -96257.670    32.943     9.76    6.50
 -95889.908    35.397     6.67    4.27
 -95522.071    36.346     2.58    3.47
 -95154.159    35.160    -3.22    4.19
 -94786.173    33.249    -5.19    4.09
 -94418.111    32.273    -2.65    3.60
 -94049.975    32.520     0.67    3.13
 -93681.763    32.549     0.08    3.10
 -93313.476    31.839    -1.93    4.54
 -92945.115    31.001    -2.28    5.41
 -92576.678    30.871    -0.35    5.84
 -92208.165    31.347     1.29    4.83
 -91839.578    32.486     3.09    4.32
 -91470.915    35.211     7.39    4.24
 -91102.177    37.192     5.37    3.40
 -90733.364    38.485     3.51    3.41
 -90364.475    39.615     3.06    3.87
 -89995.511    41.365     4.74    3.87
 -89626.471    43.830     6.68    4.23
 -89257.356    45.920     5.66    4.69
 -88888.165    48.784     7.76    4.94
 -88518.898    50.294     4.09    3.77
 -88149.555    49.380    -2.47    4.02
 -87780.137    47.268    -5.72    4.44
 -87410.643    46.804    -1.26    4.70
 -87041.073    47.613     2.19    6.20
 -86671.428    48.038     1.15    6.71
 -86301.706    46.932    -2.99    6.63
 -85931.908    46.420    -1.39    5.72
 -85562.035    46.327    -0.25    4.50
 -85192.085    47.376     2.84    4.56
 -84822.059    47.811     1.18    3.84
 -84451.957    47.864     0.14    3.37
 -84081.779    45.368    -6.74    4.91
 -83711.524    42.839    -6.83    6.14
 -83341.193    42.390    -1.21    7.17
 -82970.786    41.497    -2.41    6.95
 -82600.302    39.730    -4.77    6.75
 -82229.742    38.432    -3.50    6.02
 -81859.106    38.366    -0.18    5.55
 -81488.393    37.762    -1.63    5.02
 -81117.603    39.002     3.34    6.08
 -80746.736    40.241     3.34    6.68
 -80375.793    39.690    -1.48    7.30
 -80004.773    37.622    -5.57    7.80
 -79633.677    33.277   -11.71    8.30
 -79262.503    29.953    -8.95    6.56
 -78891.253    27.407    -6.86    4.47
 -78519.926    27.141    -0.71    3.69
 -78148.522    26.924    -0.59    2.88
 -77777.041    27.832     2.45    2.99
 -77405.482    28.342     1.37    3.33
 -77033.847    28.643     0.81    3.86
 -76662.134    28.926     0.76    3.84
 -76290.344    28.885    -0.11    4.75
 -75918.477    30.098     3.26    5.33
 -75546.533    31.943     4.96    5.64
 -75174.511    32.315     1.00    5.72
 -74802.412    32.304    -0.03    5.75
 -74430.236    31.358    -2.54    6.47
 -74057.982    29.443    -5.14    7.52
 -73685.650    26.075    -9.05    8.62
 -73313.241    20.714   -14.39    8.76
 -72940.754    16.338   -11.75    7.43
 -72568.190    13.284    -8.20    5.08
 -72195.547    13.131    -0.41    4.60
 -71822.827    14.016     2.37    4.95
 -71450.029    15.336     3.54    5.12
 -71077.154    15.565     0.61    4.86
 -70704.200    16.304     1.98    4.31
 -70331.168    16.268    -0.10    3.91
 -69958.059    16.709     1.18    3.12
 -69584.871    16.921     0.57    2.88
 -69211.605    16.864    -0.15    2.09
 -68838.261    16.029    -2.24    2.05
 -68464.839    15.927    -0.27    1.92
 -68091.338    15.432    -1.33    1.74
 -67717.759    14.985    -1.20    1.78
 -67344.102    14.198    -2.11    2.14
 -66970.367    14.008    -0.51    2.16
 -66596.552    14.085     0.21    2.86
 -66222.660    15.066     2.62    3.79
 -65848.689    15.359     0.78    3.97
 -65474.639    16.233     2.34    2.91
 -65100.510    15.422    -2.17    3.39
 -64726.303    14.419    -2.68    3.05
 -64352.017    13.273    -3.06    2.73
 -63977.653    12.766    -1.35    2.67
 -63603.209    13.996     3.28    4.14
 -63228.687    17.555     9.50    6.56
 -62854.085    20.475     7.79    6.87
 -62479.405    21.831     3.62    6.05
 -62104.645    20.558    -3.40    6.17
 -61729.807    17.582    -7.94    4.63
 -61354.889    15.296    -6.10    2.81
 -60979.892    14.497    -2.13    3.72
 -60604.816    13.900    -1.59    4.36
 -60229.660    14.077     0.47    4.66
 -59854.425    13.864    -0.57    3.81
 -59479.111    14.883     2.72    4.04
 -59103.717    16.890     5.34    4.58
 -58728.244    17.890     2.66    4.62
 -58352.691    18.953     2.83    3.84
 -57977.059    18.529    -1.13    3.77
 -57601.347    18.443    -0.23    3.18
 -57225.555    19.911     3.91    4.14
 -56849.684    21.592     4.47    5.67
 -56473.732    23.326     4.61    6.15
 -56097.701    23.613     0.76    6.30
 -55721.590    22.709    -2.40    6.00
 -55345.399    21.355    -3.60    3.55
 -54969.128    21.641     0.76    2.73
 -54592.777    22.388     1.98    2.53
 -54216.346    22.653     0.71    2.49
 -53839.835    22.152    -1.33    2.33
 -53463.244    21.380    -2.05    1.99
 -53086.572    20.607    -2.05    1.60
 -52709.820    20.277    -0.88    1.39
 -52332.987    20.377     0.27    1.62
 -51956.075    20.347    -0.08    1.72
 -51579.081    20.299    -0.13    2.33
 -51202.007    20.032    -0.71    2.89
 -50824.853    19.507    -1.39    3.38
 -50447.618    19.611     0.28    3.95
 -50070.303    19.808     0.52    4.38
 -49692.906    20.801     2.63    4.34
 -49315.429    22.161     3.60    3.81
 -48937.871    21.870    -0.77    3.77
 -48560.233    21.352    -1.37    4.70
 -48182.513    20.369    -2.60    6.17
 -47804.712    19.653    -1.90    8.00
 -47426.831    16.495    -8.36    8.81
 -47048.868    14.366    -5.63    7.72
 -46670.824    13.959    -1.08    6.12
 -46292.699    13.531    -1.13    4.89
 -45914.493    12.980    -1.46    5.40
 -45536.205    12.717    -0.69    6.23
 -45157.836    13.804     2.87    6.30
 -44779.386    12.441    -3.60    7.77
 -44400.854     9.741    -7.13    7.89
 -44022.241     6.953    -7.36    6.05
 -43643.547     5.277    -4.43    4.01
 -43264.770     4.649    -1.66    3.10
 -42885.912     4.588    -0.16    2.75
 -42506.973     3.775    -2.14    2.92
 -42127.951     4.317     1.43    3.64
 -41748.848     4.832     1.36    3.99
 -41369.663     5.507     1.78    3.60
 -40990.396     6.498     2.61    2.94
 -40611.048     6.064    -1.14    2.58
 -40231.617     6.864     2.11    3.59
 -39852.104     8.268     3.70    4.08
 -39472.509     9.943     4.41    3.07
 -39092.831    11.732     4.71    2.85
 -38713.072    12.399     1.76    2.73
 -38333.230    11.769    -1.66    2.87
 -37953.306    11.584    -0.49    2.70
 -37573.300    11.152    -1.14    2.59
 -37193.211    10.671    -1.27    2.63
 -36813.040    10.190    -1.26    3.20
 -36432.786     9.899    -0.77    3.19
 -36052.450     8.853    -2.75    3.50
 -35672.031     7.453    -3.68    3.36
 -35291.529     6.790    -1.74    2.90
 -34910.944     7.055     0.70    3.22
 -34530.277     7.849     2.09    3.42
 -34149.527     8.198     0.92    3.26
 -33768.694     7.538    -1.73    3.14
 -33387.778     6.985    -1.45    2.66
 -33006.779     6.938    -0.12    3.92
 -32626.392     7.741     2.11    5.42
 -32261.083    10.411     7.31    6.54
 -31895.699    13.268     7.82    7.17
 -31530.239    13.329     0.16    8.25
 -31164.704    12.669    -1.81    9.33
 -30799.094     9.204    -9.48    9.10
 -30433.409     6.911    -6.27    9.11
 -30067.647     4.613    -6.28    8.94
 -29701.811     1.995    -7.16    7.77
 -29335.899    -1.101    -8.46    4.39
 -28969.911    -2.734    -4.46    2.02
 -28603.848    -2.278     1.25    2.84
 -28237.709    -0.796     4.05    3.66
 -27871.495     0.227     2.80    3.72
 -27505.204     1.369     3.12    3.28
 -27138.838     1.517     0.40    3.02
 -26772.396     2.049     1.45    2.81
 -26405.878     2.516     1.27    3.24
 -26039.285     3.411     2.44    3.13
 -25672.615     3.753     0.93    2.95
 -25305.869     3.675    -0.21    3.04
 -24939.047     3.631    -0.12    2.82
 -24572.149     3.464    -0.45    2.87
 -24205.175     2.685    -2.12    3.28
 -23838.124     2.570    -0.31    3.55
 -23470.998     2.975     1.10    4.75
 -23103.795     3.037     0.17    5.80
 -22736.515     2.747    -0.79    6.07
 -22369.160     2.308    -1.19    5.20
 -22001.727     1.908    -1.09    4.60
 -21634.219     1.588    -0.87    2.92
 -21266.633     2.131     1.48    2.52
 -20898.971     2.214     0.23    2.53
 -20531.233     1.411    -2.18    2.66
 -20163.418     1.411     0.00    2.63
 -19795.526     1.412     0.00    2.59
 -19427.557     2.283     2.37    2.94
 -19059.511     2.876     1.61    3.34
 -18691.389     3.396     1.41    4.85
 -18323.189     5.687     6.22    7.99
 -17954.913     6.871     3.21    8.57
 -17586.560     7.701     2.25    8.17
 -17218.129     6.706    -2.70    8.44
 -16849.622     3.047    -9.93    6.95
 -16481.037     0.777    -6.16    5.38
 -16112.375    -0.898    -4.54    3.86
 -15743.635    -2.157    -3.42    1.22
 -15374.819    -1.993     0.44    0.80
 -15005.925    -1.886     0.29    0.74
 -14636.954    -1.992    -0.28    0.80
 -14267.905    -2.182    -0.52    0.89
 -13898.778    -2.319    -0.37    0.90
 -13529.575    -2.526    -0.56    0.91
 -13160.293    -2.736    -0.57    0.87
 -12790.934    -2.704     0.09    1.00
 -12421.497    -2.838    -0.36    0.96
 -12051.982    -2.923    -0.23    0.94
 -11682.390    -2.703     0.60    1.03
 -11312.720    -2.471     0.63    1.03
 -10942.972    -2.260     0.57    0.97
 -10573.146    -2.003     0.70    1.03
 -10203.241    -1.432     1.54    0.93
  -9833.259    -0.923     1.38    0.53
  -9463.199    -0.639     0.77    0.31
  -9093.061    -0.536     0.28    0.00
  -8722.844    -0.536     0.00    0.00
  -8352.549    -0.536     0.00    0.00
  -7982.176    -0.536     0.00    0.00
  -7611.725    -0.536     0.00    0.00
  -7241.195    -0.536     0.00    0.00
  -6870.587    -0.536     0.00    0.00
  -6499.900    -0.536     0.00    0.00
  -6129.135    -0.536     0.00    0.00
  -5758.291    -0.536     0.00    0.00
  -5387.369    -0.536     0.00    0.00
  -5016.367    -0.536     0.00    0.00
  -4645.288    -0.536     0.00    0.00
  -4274.129    -0.536     0.00    0.00
  -3902.891    -0.536     0.00    0.00
  -3531.575    -0.536     0.00    0.00
  -3160.180    -0.536     0.00    0.00
  -2788.705    -0.546    -0.03    0.10
  -2417.152    -0.600    -0.15    0.25
  -2045.520    -0.671    -0.19    0.34
  -1673.808    -0.716    -0.12    0.39
  -1302.017    -0.670     0.12    0.34
   -930.147    -0.569     0.27    0.28
   -558.198    -0.599    -0.08    0.50
   -186.170     0.495     2.94    4.75
    185.938     3.454     7.95    9.09
    558.126     4.927     3.96    9.72
    930.393     3.938    -2.66    9.19
   1302.739     2.938    -2.69    8.26
   1675.165     0.569    -6.36    5.15
   2047.671     1.235     1.79    5.16
   2420.256     3.948     7.28    6.58
   2792.921     6.237     6.14    6.13
   3165.666     7.496     3.38    5.35
   3538.490     5.811    -4.52    4.81
   3911.395     4.420    -3.73    4.20
   4284.379     3.016    -3.76    4.11
   4657.444     1.633    -3.71    3.55
   5030.588     0.773    -2.30    2.76
   5403.813     0.548    -0.60    2.23
   5777.118     0.243    -0.82    2.11
   6150.502     0.183    -0.16    1.97
   6523.968    -0.072    -0.68    1.68
   6897.513    -0.704    -1.69    1.46
   7271.139    -1.021    -0.85    1.40
   7644.845    -1.078    -0.15    1.37
   8018.632    -1.073     0.01    1.41
   8392.499    -0.907     0.44    1.11
   8766.446    -1.031    -0.33    1.17
   9140.475    -1.067    -0.10    1.15
   9514.584    -1.483    -1.11    1.14
   9888.773    -1.670    -0.50    0.99
  10263.044    -1.792    -0.32    1.13
  10637.395    -1.759     0.09    1.07
  11011.827    -1.825    -0.17    1.09
  11386.340    -2.036    -0.56    1.14
  11760.934    -2.384    -0.93    1.11
  12135.609    -2.443    -0.16    1.04
  12510.365    -2.578    -0.36    0.99
  12885.202    -2.711    -0.36    1.01
  13260.120    -2.450     0.70    1.10
  13635.120    -2.199     0.67    1.12
  14010.201    -2.265    -0.18    1.13
  14385.363    -2.319    -0.14    1.11
  14760.606    -2.328    -0.02    1.15
  15135.931    -2.411    -0.22    1.12
  15511.338    -2.484    -0.20    0.89
  15886.826    -2.789    -0.81    1.18
  16262.395    -3.234    -1.19    1.36
  16638.046    -3.536    -0.80    1.52
  17013.779    -3.392     0.38    1.65
  17389.594    -2.609     2.08    1.81
  17765.490    -1.968     1.71    1.58
  18141.469    -1.073     2.38    1.23
  18517.529    -0.809     0.70    1.41
  18893.671    -0.712     0.26    1.47
  19269.895    -0.701     0.03    1.43
  19646.201    -0.232     1.25    1.06
  20022.590    -0.001     0.61    0.86
  20399.060     0.279     0.74    1.00
  20775.613     0.872     1.57    1.03
  21152.248     1.020     0.39    1.03
  21528.965     1.031     0.03    0.90
  21905.765     0.964    -0.18    0.86
  22282.647     0.872    -0.24    0.92
  22659.612     0.996     0.33    1.32
  23036.659     1.292     0.79    1.45
  23413.789     1.529     0.63    1.41
  23791.001     1.989     1.22    1.22
  24168.296     2.516     1.39    1.21
  24545.674     2.801     0.76    1.17
  24923.135     3.093     0.77    1.33
  25300.678     3.086    -0.02    1.62
  25678.305     2.885    -0.53    1.69
  26056.014     3.103     0.58    1.63
  26433.807     3.382     0.74    1.40
  26811.682     3.495     0.30    1.41
  27189.641     3.526     0.08    1.42
  27567.683     3.943     1.10    1.40
  27945.808     4.232     0.76    1.37
  28324.016     4.527     0.78    1.55
  28702.308     3.636    -2.35    4.95
  29080.683     3.138    -1.32    6.90
  29459.142     3.186     0.13    8.16
  29837.684     3.141    -0.12    8.83
  30216.309     3.495     0.94    8.20
  30595.019     4.875     3.64    6.63
  30973.812     6.801     5.09    1.81
  31352.689     5.653    -3.03    3.61
  31731.649     5.299    -0.94    3.98
  32110.693     4.636    -1.75    4.10
  32489.822     3.918    -1.89    4.02
  32869.034     4.818     2.37    2.32
  33248.330     4.382    -1.15    2.65
  33627.710     3.599    -2.06    4.15
  34007.175     3.005    -1.57    4.76
  34386.723     2.729    -0.73    5.12
  34766.356     2.678    -0.13    4.92
  35146.073     2.001    -1.78    5.46
  35525.874     1.165    -2.20    5.96
  35905.760     1.131    -0.09    5.99
  36285.730     2.887     4.62    3.36
  36665.785     3.193     0.81    1.94
  37045.924     2.597    -1.57    1.72
  37426.148     2.264    -0.87    1.53
  37806.457     1.933    -0.87    1.14
  38186.850     1.804    -0.34    0.91
  38567.328     1.856     0.14    0.94
  38947.891     1.732    -0.33    1.19
  39328.539     1.186    -1.44    1.04
  39709.272     1.075    -0.29    0.72
  40090.089     0.729    -0.91    2.60
  40470.992    -2.597    -8.73    7.09
  40851.980    -6.077    -9.13    8.20
  41233.053    -6.838    -2.00    8.60
  41614.212    -6.454     1.01    8.85
  41995.455    -3.640     7.38    8.32
  42365.612    -0.322     8.97    6.06
  42730.761     1.996     6.35    1.63
  43095.986     2.097     0.28    1.68
  43461.289     2.290     0.53    2.24
  43826.668     2.110    -0.49    2.34
  44192.125     1.704    -1.11    2.08
  44557.659     2.138     1.19    2.16
  44923.270     2.311     0.47    2.18
  45288.958     2.856     1.49    1.80
  45654.724     2.964     0.30    1.81
  46020.567     3.431     1.28    1.46
  46386.488     3.444     0.03    1.15
  46752.486     3.277    -0.46    1.36
  47118.562     3.719     1.21    2.02
  47484.715     3.699    -0.06    2.18
  47850.946     3.287    -1.12    3.02
  48217.254     3.127    -0.44    3.19
  48583.640     2.681    -1.22    2.95
  48950.104     2.097    -1.60    2.56
  49316.646     1.948    -0.41    2.02
  49683.266     1.811    -0.37    1.31
  50049.963     1.556    -0.70    1.18
  50416.739     1.506    -0.14    1.25
  50783.593     1.566     0.16    1.45
  51150.524     1.624     0.16    1.63
  51517.534     1.784     0.44    1.73
  51884.622     1.584    -0.55    2.07
  52251.788     1.034    -1.50    1.35
  52619.033     0.876    -0.43    1.64
  52986.356     0.277    -1.63    4.25
  53353.757    -2.189    -6.71    7.26
  53721.236    -5.289    -8.43    8.78
  54088.794    -8.233    -8.01    9.14
  54456.431   -10.977    -7.46    8.18
  54824.146   -13.166    -5.95    6.00
  55191.940   -13.494    -0.89    5.43
  55559.812   -13.496    -0.00    5.51
  55927.763   -13.849    -0.96    4.86
  56295.793   -13.415     1.18    5.27
  56663.902   -12.354     2.88    6.15
  57032.090   -10.494     5.05    7.06
  57400.356    -9.796     1.90    7.22
  57768.702    -9.600     0.53    7.22
  58137.126    -9.273     0.89    7.14
  58505.630    -9.000     0.74    6.94
  58874.212    -9.597    -1.62    6.67
  59242.874   -10.715    -3.03    6.12
  59611.615   -12.637    -5.21    5.13
  59980.436   -10.142     6.76    9.18
  60349.335    -3.462    18.11   14.74
  60718.314     5.737    24.93   16.52
  61087.373    18.801    35.40   12.94
  61456.511    29.270    28.36   15.53
  61825.728    39.475    27.64   16.12
  62195.025    47.151    20.79   12.37
  62564.402    51.363    11.40    7.51
  62933.858    49.433    -5.22    7.39
  63303.394    44.066   -14.52    7.05
  63673.010    37.546   -17.64    7.42
  64042.706    31.668   -15.90    8.27
  64412.481    25.486   -16.72    8.26
  64782.337    19.301   -16.72    8.65
  65152.272    15.296   -10.83    6.59
  65522.288    14.898    -1.07    6.27
  65892.384    15.984     2.93    7.03
  66262.559    16.760     2.10    8.25
  66632.815    18.535     4.80    9.50
  67003.151    18.183    -0.95    9.84
  67373.568    15.774    -6.50    8.33
  67744.065    14.580    -3.22    6.40
  68114.642    15.544     2.60    5.80
  68485.300    18.819     8.84    6.62
  68856.038    23.564    12.80    6.57
  69226.857    26.299     7.38    6.36
  69597.756    28.262     5.29    5.74
  69968.736    27.737    -1.42    6.16
  70339.797    28.924     3.20    5.93
  70710.938    30.464     4.15    6.41
  71082.160    32.760     6.19    7.22
  71453.463    36.444     9.92    8.78
  71824.848    39.875     9.24    7.89
  72196.313    40.404     1.43    6.95
  72567.859    37.410    -8.06    8.19
  72939.486    35.974    -3.86    7.53
  73311.194    36.557     1.57    6.40
  73682.983    37.566     2.71    5.92
  74054.854    39.086     4.09    3.17
  74426.806    39.040    -0.13    2.50
  74798.839    36.835    -5.93    5.65
  75170.954    33.423    -9.17    7.32
  75543.150    31.801    -4.36    7.37
  75915.428    30.794    -2.70    7.20
  76287.787    34.191     9.12    6.51
  76660.228    37.997    10.22    4.58
  77032.750    39.534     4.13    4.51
  77405.354    39.251    -0.76    5.38
  77778.040    36.666    -6.94    6.60
  78150.808    34.557    -5.66    5.90
  78523.657    33.757    -2.15    5.02
  78896.589    36.558     7.51    6.02
  79269.602    38.666     5.65    5.06
  79642.698    38.597    -0.19    5.10
  80015.875    36.372    -5.96    6.12
  80389.135    34.292    -5.57    6.80
  80762.477    33.691    -1.61    7.48
  81135.901    34.574     2.37    7.88
  81509.408    38.464    10.42    6.79
  81882.996    41.604     8.41    5.88
  82256.668    42.258     1.75    7.13
  82630.421    42.181    -0.20    7.46
  83004.257    41.028    -3.09    7.29
  83378.176    40.161    -2.32    5.27
  83752.178    39.270    -2.38    5.17
  84126.262    41.474     5.89    6.76
  84500.428    44.124     7.08    8.56
  84874.678    48.614    12.00    9.51
  85249.010    51.627     8.05    8.04
  85623.425    53.444     4.85    8.07
  85997.924    53.214    -0.61    7.03
  86372.505    54.842     4.35    5.84
  86747.169    55.856     2.71    5.19
  87121.916    55.152    -1.88    5.44
  87496.747    54.634    -1.38    6.21
  87871.661    52.399    -5.96    7.35
  88246.658    50.484    -5.11    7.95
  88621.738    48.938    -4.12    7.71
  88996.902    48.394    -1.45    6.85
  89372.149    50.748     6.27    6.69
  89747.479    54.024     8.73    7.42
  90122.894    57.402     9.00    7.22
  90498.391    58.831     3.81    6.18
  90873.973    57.424    -3.75    6.87
  91249.638    56.434    -2.63    7.14
  91625.387    57.995     4.16    9.33
  92001.220    65.274    19.37   10.54
  92377.136    70.575    14.10    8.86
  92753.137    73.747     8.44    7.31
  93129.221    75.949     5.86    6.74
  93505.390    77.474     4.05    6.57
  93881.643    78.229     2.01    7.06
  94257.979    76.289    -5.16    8.38
  94634.400    73.375    -7.74    8.86
  95010.906    71.109    -6.02    7.82
  95387.495    71.674     1.50    7.18
  95764.169    74.840     8.41    7.30
  96140.928    77.860     8.02    7.69
  96517.771    81.389     9.36    7.85
  96894.698    85.840    11.81    9.12
  97271.710    89.579     9.92    7.10
  97648.807    86.969    -6.92    9.24
  98025.989    83.701    -8.66    9.85
  98403.255    79.621   -10.82    7.69
  98780.606    77.658    -5.20    5.08
  99158.042    75.385    -6.02    7.07
  99535.563    71.097   -11.36   10.47
  99913.168    61.794   -24.64   14.28
 100290.859    54.224   -20.04   12.50
 100668.635    48.636   -14.79    7.71
 101046.497    49.324     1.82    6.25
 101424.443    52.544     8.52    7.35
 101802.475    55.634     8.17    8.52
 102180.592    57.557     5.09    9.02
 102558.794    58.894     3.54    8.41
 102937.082    58.525    -0.97    7.83
 103315.455    56.878    -4.35    7.39
 103693.914    54.668    -5.84    6.37
 104072.459    54.323    -0.91    5.71
 104451.089    54.842     1.37    5.47
 104829.805    55.554     1.88    4.91
 105208.607    55.629     0.20    4.80
 105587.495    55.324    -0.80    4.45
 105966.468    55.106    -0.58    5.30
 106345.528    54.028    -2.84    5.41
 106724.673    52.611    -3.74    5.19
 107103.905    51.276    -3.52    5.19
 107483.223    48.991    -6.02    4.73
 107862.627    50.704     4.52    5.65
 108242.117    53.964     8.59    6.32
 108621.693    57.603     9.59    6.47
 109001.356    59.301     4.47    5.12
 109381.105    59.888     1.55    5.27
 109760.941    62.864     7.83    7.10
 110140.864    67.316    11.72    7.57
 110520.873    72.815    14.47    4.90
 110900.968    76.345     9.29    3.39
 111281.150    79.975     9.55    4.42
 111661.420    81.335     3.58    4.19
 112041.776    81.730     1.04    3.83
 112422.218    80.870    -2.26    3.37
 112802.748    80.166    -1.85    2.58
 113183.365    81.177     2.66    3.48
 113564.069    83.360     5.73    3.79
 113944.860    83.830     1.24    4.93
 114325.738    82.548    -3.37    7.14
 114706.704    77.949   -12.07    9.39
 115087.756    73.494   -11.69    7.93
 115468.896    67.751   -15.07    7.07
 115850.124    64.433    -8.71    7.74
 116231.439    61.989    -6.41    6.90
 116612.842    59.878    -5.53    5.94
 116988.997    59.910     0.08    7.29
 117353.905    61.884     5.41    8.71
 117718.891    61.094    -2.16    8.85
 118083.957    60.229    -2.37    9.08
 118449.101    58.318    -5.23    8.76
 118814.324    55.886    -6.66    7.86
 119179.626    54.885    -2.74    7.72
 119545.007    55.535     1.78    6.54
 119910.467    57.681     5.87    5.86
 120276.006    60.131     6.70    5.99
 120641.624    63.670     9.68    6.79
 121007.322    67.507    10.49    6.71
 121373.099    68.563     2.89    5.72
 121738.955    68.000    -1.54    5.34
 122104.890    64.774    -8.82    5.81
 122470.905    62.594    -5.96    5.67
 122837.000    61.393    -3.28    5.33
 123203.173    61.850     1.25    4.57
 123569.427    62.891     2.84    3.99
 123935.760    62.768    -0.34    4.05
 124302.173    61.372    -3.81    5.63
 124668.666    58.791    -7.04    5.94
 125035.238    55.989    -7.64    5.30
 125401.890    54.373    -4.41    5.43
 125768.622    53.729    -1.76    6.04
 126135.434    55.379     4.50    7.39
 126502.326    56.631     3.41    8.38
