-212826.877   253.022     0.00   83.56
-212456.518   315.379   168.34   84.08
-212086.088   365.869   136.28   46.56
-211715.588   380.703    40.03   29.70
-211345.017   381.615     2.46   35.24
-210974.374   358.080   -63.49   50.31
-210603.661   330.726   -73.78   53.02
-210232.877   305.287   -68.60   43.32
-209862.022   287.576   -47.75   30.17
-209491.096   278.875   -23.46   22.68
-209120.099   273.581   -14.27   21.35
-208749.030   261.103   -33.62   24.83
-208377.891   245.872   -41.03   28.15
-208006.680   233.814   -32.48   29.08
-207635.398   235.716     5.12   36.42
-207264.045   257.500    58.65   63.60
-206892.620   278.570    56.72   78.19
-206521.124   296.326    47.79   80.27
-206149.557   297.012     1.85   75.10
-205777.918   285.575   -30.77   60.42
-205406.207   276.386   -24.72   44.56
-205034.425   286.405    26.94   39.72
-204662.572   308.614    59.72   41.32
-204290.647   329.907    57.24   37.93
-203918.650   340.477    28.41   34.99
-203546.581   355.155    39.44   33.55
-203174.441   368.023    34.57   44.24
-202802.229   376.988    24.08   57.39
-202429.945   387.367    27.87   60.30
-202057.590   390.683     8.90   53.94
-201685.162   387.989    -7.23   43.20
-201312.662   391.780    10.18   34.49
-200940.091   399.529    20.79   30.52
-200567.447   418.171    50.02   26.41
-200194.731   433.034    39.87   24.43
-199821.944   439.854    18.29   23.03
-199449.084   445.933    16.30   21.51
-199076.151   451.524    14.99   20.72
-198703.147   461.289    26.17   29.73
-198330.070   477.181    42.59   35.99
-197956.921   493.540    43.84   41.42
-197583.700   504.305    28.84   39.72
-197210.406   506.182     5.03   33.98
-196837.040   508.631     6.56   27.39
-196463.601   515.830    19.27   25.53
-196090.090   530.698    39.80   31.38
-195716.506   555.944    67.57   36.20
-195342.849   574.651    50.06   41.47
-194969.120   583.591    23.92   53.94
-194595.318   588.059    11.95   64.89
-194221.444   575.427   -33.78   70.92
-193847.496   555.718   -52.70   73.72
-193473.476   517.966  -100.92   72.15
-193099.383   488.453   -78.88   53.16
-192725.217   469.659   -50.22   29.98
-192350.978   468.553    -2.96   28.06
-191976.666   471.875     8.87   26.92
-191602.281   466.713   -13.79   23.96
-191227.823   463.909    -7.49   15.29
-190853.291   467.686    10.08   12.49
-190478.687   474.648    18.58   11.79
-190104.009   479.425    12.75   10.71
-189729.259   486.102    17.81   12.12
-189354.434   494.407    22.15   17.91
-188979.537   504.170    26.04   25.56
-188604.566   515.506    30.23   32.19
-188229.522   532.284    44.73   32.60
-187854.404   547.860    41.52   30.89
-187479.212   572.382    65.35   39.91
-187103.948   599.172    71.38   52.77
-186728.609   639.764   108.13   59.72
-186353.197   682.483   113.78   61.93
-185977.711   714.213    84.49   67.41
-185602.152   757.337   114.81   78.25
-185226.518   800.455   114.77   83.49
-184850.811   829.195    76.49   86.38
-184475.030   843.045    36.85   94.72
-184099.175   854.558    30.63  107.14
-183723.247   881.136    70.69  129.21
-183347.244   932.849   137.51  153.91
-182971.167   976.456   115.94  136.43
-182595.016  1007.977    83.79  101.78
-182218.791   985.591   -59.49  115.38
-181842.492   929.535  -148.95  125.57
-181466.118   871.056  -155.35  126.30
-181089.671   832.929  -101.27  116.71
-180713.149   801.341   -83.88  102.68
-180336.553   781.369   -53.03   78.30
-179959.882   792.000    28.22   68.46
-179583.137   816.905    66.10   70.88
-179206.317   852.198    93.65   79.71
-178829.423   850.458    -4.62   87.53
-178452.455   802.989  -125.91  104.93
-178075.411   745.107  -153.49   99.93
-177698.294   694.261  -134.81   59.37
-177321.101   668.829   -67.42   34.67
-176943.834   644.227   -65.20   55.56
-176566.492   597.537  -123.72   95.89
-176189.075   559.295  -101.31   97.71
-175811.583   548.880   -27.59  104.91
-175434.017   602.767   142.70  133.92
-175056.375   696.819   249.02  107.28
-174678.658   759.374   165.59   82.33
-174300.867   802.682   114.62   89.93
-173923.000   805.225     6.73  144.86
-173545.058   783.588   -57.24  180.91
-173167.041   732.315  -135.62  201.92
-172788.949   663.012  -183.27  184.03
-172410.782   620.091  -113.48  153.34
-172032.539   593.713   -69.73  114.68
-171654.221   596.295     6.83  104.38
-171275.827   600.416    10.89   98.52
-170897.358   630.233    78.77  105.31
-170518.814   668.784   101.83  131.12
-170140.194   704.584    94.54  144.77
-169761.499   754.432   131.61  151.83
-169382.727   775.782    56.36  150.20
-169003.881   790.800    39.64  134.99
-168624.958   801.159    27.33  125.82
-168245.960   831.375    79.72  114.68
-167866.886   877.218   120.92  117.73
-167487.736   960.784   220.37  153.71
-167108.510  1041.116   211.81  155.63
-166729.208  1074.148    87.07  134.94
-166349.831  1081.070    18.24  142.07
-165970.377  1041.382  -104.58  149.13
-165590.847   995.659  -120.46  138.06
-165211.241   964.857   -81.13  151.09
-164831.559   931.845   -86.94  152.83
-164451.801   873.144  -154.55  158.45
-164071.966   789.976  -218.93  120.40
-163692.055   717.747  -190.10   85.67
-163312.068   651.807  -173.51   57.66
-162932.005   598.213  -141.00   59.90
-162551.865   561.262   -97.19   47.88
-162171.648   535.854   -66.82   47.60
-161791.355   529.862   -15.75   53.11
-161410.986   574.455   117.22  106.38
-161030.539   689.000   301.05  181.85
-160650.017   833.333   379.26  191.23
-160276.732   980.818   395.05  157.04
-159910.762  1057.730   210.13  116.08
-159544.721  1089.686    87.29   95.49
-159178.611  1040.852  -133.37  121.20
-158812.430   960.422  -219.62  137.44
-158446.179   882.023  -214.03  122.83
-158079.858   797.429  -230.90   81.96
-157713.466   719.393  -212.96   96.34
-157347.004   650.575  -187.77  121.08
-156980.472   572.333  -213.44  113.07
-156613.870   509.809  -170.53   58.91
-156247.197   506.562    -8.85   62.71
-155880.453   548.000   112.98   94.88
-155513.639   642.931   258.77  120.36
-155146.755   728.791   234.00  118.74
-154779.800   803.788   204.35   92.00
-154412.774   847.348   118.67   76.80
-154045.678   880.905    91.40   48.33
-153678.511   890.418    25.91   47.11
-153311.273   903.302    35.08   60.23
-152943.964   929.708    71.88   69.54
-152576.585   957.678    76.13   63.81
-152209.134   975.292    47.93   61.43
-151841.613   968.966   -17.21   85.06
-151474.020   937.443   -85.74  109.39
-151106.357   925.523   -32.42  107.44
-150738.623   921.448   -11.08   87.96
-150370.817   968.989   129.24   96.72
-150002.941  1040.786   195.14  104.31
-149634.993  1046.000    14.17   95.14
-149266.974  1003.232  -116.20  129.29
-148898.884   945.910  -155.71  126.95
-148530.722   901.274  -121.23   91.47
-148162.490   935.089    91.82  124.77
-147794.185   989.841   148.64  150.47
-147425.810  1036.611   126.95  171.35
-147057.363  1064.364    75.31  183.79
-146688.844  1041.315   -62.54  159.06
-146320.254  1027.466   -37.57  114.31
-145951.592  1026.011    -3.95   87.34
-145582.859  1035.733    26.36   79.94
-145214.054  1059.644    64.82   71.57
-144845.178  1087.966    76.77   87.32
-144476.229  1107.442    52.78   90.68
-144107.209  1078.440   -78.58  117.62
-143738.117  1012.663  -178.19  135.34
-143368.953   927.854  -229.71  106.29
-142999.717   862.084  -178.10   73.78
-142630.409   826.303   -96.88   70.37
-142261.030   794.518   -86.04   53.24
-141891.578   769.730   -67.09   48.62
-141522.054   762.586   -19.33   65.01
-141152.458   751.180   -30.86   75.95
-140782.790   744.506   -18.05   81.98
-140413.049   716.811   -74.89   75.38
-140043.237   693.330   -63.49   61.30
-139673.352   662.568   -83.16   44.35
-139303.394   642.135   -55.23   38.13
-138933.365   622.793   -52.27   35.56
-138563.263   609.143   -36.88   28.75
-138193.088   598.483   -28.79   26.79
-137822.841   598.385    -0.27   44.33
-137452.521   596.621    -4.76   55.66
-137082.129   587.220   -25.38   54.04
-136711.665   578.179   -24.40   51.55
-136341.127   562.489   -42.34   43.52
-135970.517   548.929   -36.58   44.67
-135599.834   533.809   -40.79   41.80
-135229.078   516.659   -46.25   35.27
-134858.250   501.775   -40.13   28.95
-134487.348   492.667   -24.56   22.16
-134116.374   487.275   -14.53   23.39
-133745.326   489.920     7.13   33.03
-133374.206   496.000    16.38   44.48
-133003.013   505.591    25.84   54.10
-132631.746   498.267   -19.73   57.74
-132260.406   493.393   -13.12   57.26
-131888.993   479.427   -37.60   45.83
-131517.507   476.278    -8.48   41.59
-131145.948   493.931    47.51   61.11
-130774.315   531.789   101.86   83.17
-130402.609   598.273   178.84   86.85
-130030.830   648.396   134.81   74.95
-129658.977   685.489    99.74   54.46
-129287.051   695.418    26.69   47.70
-128915.051   702.655    19.45   48.91
-128542.977   734.352    85.18   71.45
-128170.830   782.762   130.07   93.85
-127798.610   832.222   132.87   89.15
-127426.315   866.452    91.94   72.89
-127053.947   886.742    54.48   62.50
-126681.505   872.759   -37.54   75.14
-126308.989   822.169  -135.79  112.08
-125936.399   741.627  -216.15  129.71
-125563.736   645.933  -256.76  122.77
-125190.998   567.605  -210.12  107.16
-124818.187   497.478  -188.09   95.99
-124445.301   441.126  -151.11   74.66
-124072.341   401.648  -105.84   54.78
-123699.307   371.933   -79.65   36.55
-123326.199   348.633   -62.44   25.62
-122953.017   330.118   -49.61   20.01
-122579.761   314.544   -41.72   15.24
-122206.430   303.256   -30.24   15.40
-121833.024   291.730   -30.86   17.33
-121459.545   280.011   -31.37   21.73
-121085.991   265.600   -38.58   15.68
-120712.362   259.629   -15.98   11.60
-120338.659   257.022    -6.98    8.95
-119964.881   256.611    -1.10    9.41
-119591.029   255.817    -2.12   12.70
-119217.102   252.944    -7.68   13.56
-118843.100   248.667   -11.44   12.33
-118469.024   243.911   -12.71   10.44
-118094.873   240.540    -9.01   10.64
-117720.647   235.213   -14.23   11.11
-117346.346   230.011   -13.90   10.04
-116971.970   226.396    -9.66    9.42
-116597.519   225.011    -3.70    9.76
-116222.993   224.933    -0.21    9.92
-115848.392   224.693    -0.64   10.32
-115473.716   223.467    -3.27   11.25
-115098.964   222.506    -2.56   13.53
-114724.138   224.209     4.54   18.03
-114349.236   224.552     0.91   20.88
-113974.259   223.626    -2.47   21.55
-113599.207   221.888    -4.64   20.87
-113224.079   222.659     2.06   19.88
-112848.876   225.438     7.41   20.22
-112473.597   230.500    13.49   27.88
-112098.243   226.854    -9.71   45.52
-111722.814   211.462   -41.00   60.77
-111347.308   187.670   -63.35   65.31
-110971.727   166.934   -55.21   51.39
-110596.071   158.115   -23.47   37.13
-110220.338   161.467     8.92   26.76
-109844.530   172.000    28.02   17.38
-109468.646   181.856    26.22   14.49
-109092.686   190.070    21.85   10.35
-108716.650   192.416     6.24    7.19
-108340.538   189.859    -6.80    9.21
-107964.350   183.438   -17.07   12.12
-107588.086   176.244   -19.12   10.28
-107211.746   173.822    -6.44    8.84
-106835.330   174.736     2.43    8.30
-106458.838   178.272     9.39    6.30
-106082.269   181.644     8.95    5.80
-105705.624   186.659    13.32   12.04
-105328.903   192.864    16.47   17.92
-104952.105   200.154    19.35   20.47
-104575.231   206.045    15.63   20.67
-104198.281   205.022    -2.71   20.38
-103821.254   197.966   -18.71   21.17
-103444.150   187.315   -28.24   19.76
-103066.970   175.600   -31.06   18.08
-102689.713   164.923   -28.30   13.36
-102312.379   156.716   -21.75    8.32
-101934.969   152.275   -11.77    4.88
-101557.482   150.483    -4.75    4.88
-101179.918   149.857    -1.66    4.61
-100802.277   148.563    -3.43    3.32
-100424.559   147.978    -1.55    3.11
-100046.764   146.932    -2.77    3.44
 -99668.892   145.549    -3.66    4.12
 -99290.943   144.500    -2.78    5.64
 -98912.917   143.231    -3.36    6.39
 -98534.814   141.125    -5.57    6.43
 -98156.633   138.544    -6.82    6.06
 -97778.376   135.568    -7.87    6.20
 -97400.041   132.868    -7.14    6.56
 -97021.628   129.205    -9.68    6.16
 -96643.138   126.278    -7.73    6.10
 -96264.571   123.578    -7.13    6.00
 -95885.926   119.856    -9.83    6.61
 -95507.204   114.944   -12.97    6.29
 -95128.404   110.888   -10.71    5.81
 -94749.526   105.033   -15.45    7.17
 -94370.571   104.205    -2.19   12.35
 -93991.538   105.796     4.20   14.30
 -93612.427   106.375     1.53   14.36
 -93233.239   107.791     3.73   11.62
 -92853.972   110.716     7.71    6.96
 -92474.628   111.758     2.75    5.26
 -92095.206   111.057    -1.85    5.63
 -91715.705   110.500    -1.47    6.61
 -91336.127   107.667    -7.46    6.63
 -90956.470   105.207    -6.48    5.96
 -90576.735   103.195    -5.30    5.49
 -90196.922   100.341    -7.52    4.89
 -89817.031    96.802    -9.31    4.59
 -89437.062    93.859    -7.75    5.09
 -89057.014    89.930   -10.34    5.44
 -88676.888    85.424   -11.85    6.16
 -88296.683    80.930   -11.82    4.83
 -87916.400    77.543    -8.91    4.86
 -87536.038    74.103    -9.04    5.27
 -87155.597    72.076    -5.33    5.31
 -86775.078    69.078    -7.88    5.52
 -86394.481    67.725    -3.55    5.17
 -86013.804    66.022    -4.47    5.62
 -85635.613    63.176    -7.53    6.91
 -85269.866    59.730    -9.42    7.81
 -84904.047    55.859   -10.58    6.28
 -84538.156    53.036    -7.71    4.01
 -84172.194    52.215    -2.24    3.79
 -83806.160    50.966    -3.41    4.60
 -83440.054    49.815    -3.14    4.53
 -83073.876    49.261    -1.51    3.68
 -82707.626    47.611    -4.51    2.87
 -82341.303    45.689    -5.25    4.58
 -81974.909    42.511    -8.67    6.07
 -81608.443    38.209   -11.74    5.79
 -81241.904    33.425   -13.05    5.26
 -80875.293    29.043   -11.95    5.08
 -80508.610    25.860    -8.68    4.15
 -80141.855    24.478    -3.77    3.37
 -79775.027    23.944    -1.46    3.82
 -79408.127    24.352     1.11    3.45
 -79041.154    23.699    -1.78    3.63
 -78674.109    23.200    -1.36    4.17
 -78306.991    22.844    -0.97    3.88
 -77939.801    22.750    -0.26    3.78
 -77572.538    22.065    -1.86    3.96
 -77205.203    21.736    -0.90    3.82
 -76837.795    22.387     1.77    4.47
 -76470.314    23.059     1.83    4.35
 -76102.760    23.935     2.38    4.07
 -75735.134    25.955     5.49    5.19
 -75367.434    28.837     7.84    5.80
 -74999.662    29.689     2.32    6.39
 -74631.817    26.337    -9.11    9.74
 -74263.899    23.122    -8.74    8.94
 -73895.907    20.775    -6.38    6.81
 -73527.843    22.033     3.42    6.81
 -73159.706    26.368    11.77    5.04
 -72791.495    28.380     5.47    4.43
 -72423.211    29.212     2.26    4.05
 -72054.854    30.000     2.14    4.24
 -71686.424    30.453     1.23    4.69
 -71317.920    33.178     7.39    5.23
 -70949.343    36.791     9.80    6.95
 -70580.692    40.989    11.39    8.21
 -70211.968    42.773     4.84    8.36
 -69843.170    43.725     2.58    8.26
 -69474.299    42.278    -3.92    7.72
 -69105.354    41.989    -0.78    6.24
 -68736.336    42.144     0.42    5.73
 -68367.244    45.308     8.57    7.49
 -67998.078    46.226     2.49    7.24
 -67628.839    46.575     0.94    6.62
 -67259.525    47.587     2.74    5.65
 -66890.138    48.035     1.21    6.37
 -66520.677    48.630     1.61    6.61
 -66151.141    50.448     4.92    6.07
 -65781.532    51.409     2.60    6.25
 -65411.849    51.156    -0.68    6.41
 -65042.092    50.989    -0.45    5.98
 -64672.260    51.720     1.98    4.99
 -64302.355    50.778    -2.55    6.23
 -63932.375    48.914    -5.04    6.64
 -63562.321    46.494    -6.54    8.45
 -63192.192    45.065    -3.86    9.56
 -62821.990    44.685    -1.03    9.67
 -62451.712    46.500     4.90   10.28
 -62081.361    49.540     8.21   11.44
 -61710.935    52.570     8.18   10.00
 -61340.434    54.465     5.12    8.77
 -60969.859    57.239     7.49    8.36
 -60599.209    59.376     5.77    6.78
 -60228.485    60.120     2.00    8.46
 -59857.685    64.402    11.55   14.14
 -59486.811    69.370    13.39   16.49
 -59115.863    72.567     8.62   15.60
 -58744.839    70.802    -4.76   15.69
 -58373.740    68.233    -6.92   16.44
 -58002.567    66.467    -4.76   13.68
 -57631.319    67.087     1.67    9.50
 -57259.995    68.769     4.53   11.30
 -56888.597    73.228    12.01   14.37
 -56517.123    78.341    13.76   15.10
 -56145.574    83.967    15.14   15.93
 -55773.950    91.989    21.58   14.67
 -55402.251    99.348    19.80    8.78
 -55030.476   104.705    14.41    3.73
 -54658.626   107.409     7.27    4.07
 -54286.701   110.023     7.03    5.36
 -53914.700   114.742    12.68    7.08
 -53542.624   119.552    12.93    7.68
 -53170.473   123.809    11.44    8.69
 -52798.245   127.022     8.63    8.34
 -52425.942   128.000     2.63   10.56
 -52053.564   126.578    -3.82   12.69
 -51681.109   122.989    -9.63   11.84
 -51308.579   119.330    -9.82   10.22
 -50935.974   116.239    -8.29    8.48
 -50563.292   114.882    -3.64    6.74
 -50190.534   114.783    -0.27    6.24
 -49817.701   114.435    -0.93    5.48
 -49444.791   112.769    -4.47    4.47
 -49071.806   112.426    -0.92    5.54
 -48698.744   115.522     8.30    6.88
 -48325.607   118.247     7.30    7.52
 -47952.393   121.375     8.38    6.97
 -47579.103   122.731     3.63    6.43
 -47205.736   118.967   -10.08    7.15
 -46832.294   116.141    -7.57    6.19
 -46458.775   114.352    -4.79    4.81
 -46085.179   115.163     2.17    4.52
 -45711.507   117.000     4.92    6.50
 -45337.759   120.457     9.25    7.75
 -44963.934   122.701     6.00    7.41
 -44590.033   124.826     5.68    5.50
 -44216.055   127.330     6.69    8.93
 -43842.000   127.660     0.88    9.67
 -43467.868   123.693   -10.60   14.03
 -43093.660   116.141   -20.18   17.93
 -42719.375   109.138   -18.71   13.60
 -42345.013   106.576    -6.84    9.36
 -41970.574   110.057     9.30    9.12
 -41596.058   115.355    14.15    7.02
 -41221.465   119.828    11.94    8.66
 -40846.796   126.462    17.71    7.65
 -40472.049   129.438     7.94    5.25
 -40097.225   128.892    -1.46    6.87
 -39722.323   126.284    -6.96    9.93
 -39347.345   123.086    -8.53   11.09
 -38972.289   120.865    -5.92   12.16
 -38597.156   117.731    -8.35   11.74
 -38221.945   116.278    -3.87    8.97
 -37846.657   119.172     7.71   10.29
 -37471.292   121.604     6.48    9.67
 -37095.849   122.207     1.60    7.78
 -36720.328   121.380    -2.20    6.88
 -36344.730   119.522    -4.95    5.08
 -35969.054   119.250    -0.72    4.54
 -35593.300   119.185    -0.17    4.87
 -35217.469   117.925    -3.35    5.80
 -34841.560   118.326     1.07    5.95
 -34465.573   119.574     3.32    5.98
 -34089.508   122.418     7.56    6.15
 -33713.365   126.543    10.97    6.84
 -33337.144   131.333    12.73    7.71
 -32960.845   135.882    12.09    6.78
 -32584.468   140.337    11.84    5.05
 -32208.013   142.228     5.02    4.31
 -31831.480   142.125    -0.27    5.34
 -31454.868   140.925    -3.19    5.61
 -31078.178   139.511    -3.75    5.00
 -30701.410   139.742     0.61    4.58
 -30324.564   140.080     0.90    5.96
 -29947.639   141.383     3.46    6.04
 -29570.635   139.449    -5.13    7.26
 -29193.553   138.368    -2.87    8.56
 -28816.392   140.289     5.09   10.42
 -28439.153   144.409    10.92   10.86
 -28061.835   149.154    12.58    9.07
 -27684.438   153.522    11.57    9.66
 -27306.963   157.223     9.81   12.22
 -26929.409   162.348    13.57   12.52
 -26551.776   167.074    12.52   10.55
 -26174.063   170.446     8.93    7.49
 -25796.272   170.978     1.41    7.69
 -25418.402   169.935    -2.76    9.47
 -25040.453   167.226    -7.17   10.21
 -24662.425   164.308    -7.72    8.79
 -24284.318   162.258    -5.42    7.87
 -23906.131   159.978    -6.03    6.69
 -23527.865   157.022    -7.82    6.79
 -23149.520   151.685   -14.11    8.67
 -22771.095   144.495   -19.00   10.95
 -22392.591   138.598   -15.58   12.44
 -22014.008   132.043   -17.31   13.40
 -21635.345   127.750   -11.34   13.72
 -21256.602   124.247    -9.25   15.64
 -20877.780   115.670   -22.64   17.08
 -20498.878   107.849   -20.64   17.64
 -20119.897    99.688   -21.53   17.07
 -19740.836    92.217   -19.71   14.64
 -19361.695    86.441   -15.24   14.14
 -18982.474    83.707    -7.21   14.91
 -18603.173    79.376   -11.42   15.23
 -18223.792    74.484   -12.90   13.03
 -17844.331    69.892   -12.10   13.98
 -17464.790    63.634   -16.49   14.35
 -17085.169    58.806   -12.72   12.19
 -16705.468    54.152   -12.26    8.73
 -16325.687    51.598    -6.73    8.71
 -15945.825    49.688    -5.03    7.73
 -15565.883    48.527    -3.05    7.17
 -15185.861    48.043    -1.27    5.68
 -14805.758    47.253    -2.08    5.00
 -14425.575    44.892    -6.21    4.44
 -14045.312    43.270    -4.27    3.01
 -13664.968    42.538    -1.92    2.50
 -13284.543    42.580     0.11    2.41
 -12904.037    41.892    -1.81    2.98
 -12523.451    40.909    -2.58    3.79
 -12142.784    38.474    -6.40    4.89
 -11762.036    35.333    -8.25    5.69
 -11381.208    32.947    -6.27    6.39
 -11000.298    30.455    -6.54    7.52
 -10632.203    25.398   -13.74    8.69
 -10266.611    20.057   -14.61    8.87
  -9900.946    14.261   -15.85    7.01
  -9535.207    10.387   -10.59    4.47
  -9169.395     9.098    -3.52    2.33
  -8803.508     9.716     1.69    2.02
  -8437.548     9.693    -0.06    2.09
  -8071.515     9.000    -1.89    3.27
  -7705.407     8.670    -0.90    3.39
  -7339.226     7.876    -2.17    3.93
  -6972.971     5.411    -6.73    4.96
  -6606.642     3.935    -4.03    5.27
  -6240.239     3.935     0.00    6.43
  -5873.762     4.478     1.48    6.79
  -5507.211     5.457     2.67    6.87
  -5140.585     7.400     5.30    5.59
  -4773.886     8.000     1.64    3.92
  -4407.112     7.067    -2.54    3.49
  -4040.265     7.884     2.23    3.88
  -3673.343     7.079    -2.20    3.74
  -3306.346     6.624    -1.24    4.00
  -2939.276     5.772    -2.32    4.07
  -2572.130     5.021    -2.04    3.86
  -2204.911     3.495    -4.16    3.54
  -1837.617     1.839    -4.51    2.68
  -1470.248     0.543    -3.53    2.67
  -1102.805    -0.176    -1.96    1.99
   -735.287    -0.337    -0.44    0.94
   -367.694    -0.205     0.36    0.61
     -0.027     1.188     3.79    4.07
    367.715     3.813     7.14    6.19
    735.532     5.806     5.42    6.42
   1103.423     6.978     3.19    6.24
   1471.390     7.872     2.43    5.85
   1839.432     9.596     4.68    5.85
   2207.548    11.077     4.02    5.45
   2575.740    12.160     2.94    5.23
   2944.007    13.066     2.46    6.53
   3312.348    14.863     4.88    8.09
   3680.766    17.067     5.98   10.29
   4049.258    20.812    10.17   11.54
   4417.825    24.843    10.93   12.26
   4786.468    26.097     3.40   14.28
   5155.186    29.183     8.37   17.49
   5523.980    33.326    11.23   20.20
   5892.849    37.713    11.89   19.41
   6261.794    41.538    10.37   16.18
   6630.814    46.117    12.41   11.22
   6999.910    47.780     4.51    8.50
   7369.081    50.677     7.85   11.24
   7738.328    56.011    14.45   11.35
   8107.651    60.602    12.43    7.35
   8477.049    60.609     0.02    7.51
   8846.524    48.809   -31.94   19.88
   9216.074    37.121   -31.63   21.07
   9585.700    29.021   -21.91   15.09
   9955.402    29.677     1.77   12.48
  10325.180    40.315    28.77   13.92
  10695.034    49.553    24.98   12.66
  11064.965    57.340    21.05    7.07
  11434.971    59.462     5.73    4.23
  11805.054    58.890    -1.55    5.27
  12175.213    56.600    -6.19    5.46
  12545.448    55.250    -3.65    6.40
  12915.759    56.266     2.74    7.86
  13286.147    59.828     9.62    9.66
  13656.612    63.904    11.00    8.59
  14027.152    65.456     4.19    7.47
  14397.770    61.656   -10.25   10.87
  14768.464    55.478   -16.67   11.18
  15139.234    51.064   -11.91    7.64
  15510.081    52.359     3.49    9.05
  15881.005    57.968    15.12   11.73
  16252.006    63.163    14.00    9.40
  16623.083    65.117     5.27    7.56
  16994.237    64.649    -1.26    7.16
  17365.469    64.055    -1.60    7.05
  17736.777    66.421     6.37    7.28
  18108.162    68.966     6.85    6.74
  18479.624    71.188     5.98    5.22
  18851.163    72.100     2.46    4.28
  19222.780    71.579    -1.40    4.35
  19594.473    69.933    -4.43    4.53
  19966.244    65.436   -12.09    6.81
  20338.092    60.802   -12.46    7.68
  20710.018    57.117    -9.91    6.31
  21082.020    56.785    -0.89    5.10
  21454.101    59.717     7.88    6.84
  21826.258    63.394     9.88    6.51
  22198.494    65.677     6.14    4.26
  22570.806    64.419    -3.38    5.35
  22943.197    59.989   -11.90    7.08
  23315.665    54.042   -15.97    9.49
  23688.211    46.066   -21.41   10.56
  24060.834    41.117   -13.28    8.91
  24433.535    37.182   -10.56    6.37
  24806.315    37.716     1.43    6.65
  25179.172    41.589    10.39    6.32
  25552.107    46.969    14.43    7.35
  25925.120    52.934    15.99    7.07
  26298.211    60.135    19.30    9.54
  26671.380    68.750    23.09    9.55
  27044.627    75.032    16.83    8.62
  27417.953    80.424    14.44    7.63
  27791.357    85.330    13.14    6.81
  28164.839    87.043     4.59    6.44
  28538.399    87.128     0.23    9.09
  28912.038    85.798    -3.56   10.53
  29285.755    81.606   -11.22   11.33
  29659.551    77.830   -10.10   11.00
  30033.425    77.277    -1.48    9.77
  30407.378    80.330     8.16   10.95
  30781.409    89.172    23.64   13.51
  31155.520    95.734    17.54   10.30
  31529.708    97.505     4.73    9.38
  31903.976    95.872    -4.36   11.10
  32278.323    89.011   -18.33   13.20
  32652.748    81.579   -19.85   10.95
  33027.252    77.753   -10.22    9.85
  33401.835    77.156    -1.59    9.05
  33776.498    79.511     6.29    7.86
  34151.239    79.729     0.58    7.88
  34526.060    78.602    -3.01    9.33
  34900.959    78.160    -1.18    8.95
  35275.938    77.898    -0.70    8.01
  35650.996    77.811    -0.23    7.27
  36026.134    77.466    -0.92    7.24
  36401.351    78.663     3.19    6.94
  36776.647    79.611     2.53    6.30
  37152.023    80.758     3.06    4.80
  37527.478    83.479     7.25    5.46
  37903.013    86.158     7.13    5.71
  38278.628    87.457     3.46    5.28
  38654.322    87.926     1.25    5.57
  39030.096    86.085    -4.90    5.73
  39405.949    84.160    -5.12    5.72
  39781.883    82.670    -3.96    5.06
  40157.896    80.266    -6.39    4.68
  40533.989    78.691    -4.19    3.34
  40910.163    78.085    -1.61    3.05
  41286.416    79.600     4.03    4.51
  41662.749    83.453    10.24    5.64
  42039.163    87.021     9.48    6.51
  42415.657    91.819    12.74    6.19
  42792.230    95.319     9.29    4.09
  43168.885    97.398     5.52    3.40
  43545.619    98.615     3.23    3.50
  43922.434    96.848    -4.69    5.61
  44299.329    92.505   -11.52    9.20
  44676.305    85.774   -17.86   11.61
  45053.361    76.385   -24.90   14.80
  45430.498    68.660   -20.49   12.27
  45807.716    64.543   -10.91   10.11
  46185.014    63.753    -2.09    8.96
  46562.393    63.958     0.54    7.51
  46939.853    60.624    -8.83    9.64
  47317.393    53.800   -18.07   10.72
  47695.015    48.589   -13.80    8.70
  48072.717    46.095    -6.61    7.47
  48450.501    46.505     1.09    8.57
  48828.365    49.821     8.77   10.02
  49206.311    51.859     5.39   10.52
  49584.337    53.438     4.18    9.06
  49962.445    56.945     9.28    2.45
  50340.635    57.125     0.48    2.28
  50718.905    55.945    -3.12    3.08
  51097.257    55.495    -1.19    2.94
  51475.690    55.763     0.71    3.42
  51854.205    56.779     2.68    4.57
  52232.801    59.634     7.54    5.14
  52611.479    62.505     7.58    5.70
  52990.238    66.163     9.66    5.65
  53369.079    68.385     5.87    4.09
  53748.002    69.359     2.57    3.55
  54127.006    70.365     2.65    3.61
  54506.092    71.209     2.23    3.59
  54885.261    72.400     3.14    3.67
  55264.511    73.989     4.19    3.38
  55643.843    74.832     2.22    3.00
  56023.257    75.000     0.44    2.80
  56402.753    75.042     0.11    2.80
  56782.332    77.467     6.39    4.61
  57161.992    80.490     7.96    5.92
  57541.735    85.141    12.25    6.12
  57921.560    90.375    13.78    5.65
  58301.467    95.870    14.46    6.33
  58681.457   101.526    14.89    7.86
  59061.529   108.479    18.29    7.79
  59441.684   113.104    12.17    5.90
  59821.921   116.806     9.74    3.96
  60202.241   118.379     4.13    2.78
  60582.644   117.863    -1.36    2.67
  60963.129   116.474    -3.65    3.00
  61343.697   113.617    -7.51    3.72
  61724.348   110.064    -9.33    5.07
  62105.082   105.537   -11.89    5.50
  62485.899   100.701   -12.70    5.86
  62866.799    95.568   -13.48    5.72
  63247.781    91.979    -9.42    5.30
  63628.847    87.158   -12.65    4.98
  64002.240    84.255    -7.77    4.86
  64367.601    81.202    -8.36    5.62
  64733.038    78.463    -7.50    5.76
  65098.550    76.400    -5.64    5.17
  65464.137    75.663    -2.02    4.45
  65829.800    75.191    -1.29    3.60
  66195.538    78.052     7.82    5.83
  66561.352    78.872     2.24    5.79
  66927.241    77.274    -4.37    6.35
  67293.206    74.579    -7.36    6.34
  67659.247    71.064    -9.60    5.16
  68025.363    68.562    -6.83    2.57
  68391.555    67.114    -3.96    2.96
  68757.822    65.740    -3.75    3.28
  69124.166    65.174    -1.54    3.50
  69490.585    64.463    -1.94    3.64
  69857.080    62.621    -5.03    3.82
  70223.652    60.842    -4.85    3.36
  70590.299    59.680    -3.17    3.45
  70957.022    58.000    -4.58    3.29
  71323.822    57.649    -0.96    3.55
  71690.697    56.870    -2.13    3.07
  72057.649    56.558    -0.85    2.66
  72424.677    56.500    -0.16    2.47
  72791.781    56.368    -0.36    2.31
  73158.962    56.635     0.73    2.12
  73526.218    57.274     1.74    2.11
  73893.552    57.385     0.30    2.25
  74260.962    56.389    -2.71    2.75
  74628.448    56.351    -0.10    3.37
  74996.011    58.352     5.44    5.37
  75363.651    61.309     8.04    5.76
  75731.367    63.398     5.68    4.46
  76099.160    63.458     0.16    3.59
  76467.029    62.802    -1.78    3.23
  76834.976    61.649    -3.13    2.47
  77202.999    62.155     1.37    2.62
  77571.100    63.266     3.02    2.96
  77939.277    63.704     1.19    2.64
  78307.531    64.300     1.62    2.48
  78675.862    64.196    -0.28    2.08
  79044.271    63.793    -1.09    2.42
  79412.756    63.385    -1.11    2.88
  79781.319    63.351    -0.09    3.03
  80149.959    62.821    -1.44    2.87
  80518.676    62.219    -1.63    2.39
  80887.471    61.785    -1.18    2.27
  81256.342    61.691    -0.26    2.41
  81625.292    62.363     1.82    3.22
  81994.319    62.788     1.15    3.11
  82363.423    62.402    -1.05    3.24
  82732.605    62.052    -0.95    2.78
  83101.865    62.011    -0.11    2.75
  83471.202    63.042     2.79    2.94
  83840.617    64.695     4.48    2.74
  84210.110    66.096     3.79    2.57
  84579.680    66.396     0.81    2.78
  84949.329    66.226    -0.46    2.75
  85319.055    65.196    -2.79    2.49
  85688.859    64.233    -2.60    2.04
  86058.742    62.960    -3.44    3.66
  86428.702    60.902    -5.56    4.40
  86798.740    58.567    -6.31    5.25
  87168.857    56.120    -6.61    5.29
  87539.052    53.874    -6.07    4.36
  87909.325    52.211    -4.49    3.39
  88279.677    52.156    -0.15    3.96
  88650.106    53.479     3.57    4.96
  89020.615    52.653    -2.23    7.40
  89391.201    50.541    -5.70    9.28
  89761.866    47.849    -7.26   10.27
  90132.610    45.667    -5.89   10.56
  90503.432    44.196    -3.97    9.99
  90874.333    44.959     2.06   11.00
  91245.313    48.022     8.26   13.42
  91616.372    51.876    10.39   14.72
  91987.509    57.312    14.65   14.97
  92358.725    62.865    14.96   13.55
  92730.020    66.510     9.82   11.81
  93101.394    69.737     8.69   11.31
  93472.847    72.856     8.40   10.19
  93844.379    74.737     5.06    8.16
  94215.990    75.074     0.91    6.49
  94587.680    71.787    -8.84    6.60
  94959.450    69.742    -5.50    7.32
  95331.298    70.652     2.45   10.14
  95703.226    74.417    10.12   13.20
  96075.234    79.348    13.26   14.08
  96447.320    82.948     9.68   12.24
  96819.487    85.562     7.03   10.67
  97191.732    88.438     7.72    9.55
  97564.058    93.128    12.60   10.43
  97936.462    95.237     5.66   11.29
  98308.947    97.656     6.50   11.67
  98681.511   101.137     9.34   11.11
  99054.155   104.526     9.09    8.59
  99426.879   107.387     7.68    2.53
  99799.683   106.333    -2.83    3.79
 100172.566   103.447    -7.74    6.89
 100545.530   100.404    -8.16    7.92
 100918.573    97.891    -6.74    7.45
 101291.697    97.680    -0.57    5.93
 101664.901    96.270    -3.78    5.56
 102038.184    95.247    -2.74    4.37
 102411.548    95.830     1.56    4.28
 102784.993    97.021     3.19    4.95
 103158.517    98.299     3.42    4.79
 103532.122    97.806    -1.32    5.57
 103905.808    96.337    -3.93    6.13
 104279.574    95.020    -3.52    5.26
 104653.420    94.000    -2.73    4.44
 105027.347    92.574    -3.81    3.81
 105401.355    91.887    -1.84    3.63
 105775.443    91.742    -0.39    3.94
 106149.612    93.561     4.86    5.50
 106523.862    96.160     6.94    6.88
 106898.192    99.320     8.44    6.57
 107272.604   100.418     2.93    5.34
 107647.096    98.052    -6.32    5.60
 108021.670    95.967    -5.56    5.01
 108396.324    94.299    -4.45    3.87
 108771.060    92.978    -3.52    4.24
 109145.876    92.051    -2.47    3.95
 109520.774    91.232    -2.19    3.82
 109895.753    91.535     0.81    4.22
 110270.814    92.581     2.79    5.91
 110645.956    95.827     8.65    7.45
 111021.179    99.104     8.74    6.69
 111396.483   100.897     4.78    5.52
 111771.870   100.135    -2.03    5.89
 112147.337    97.438    -7.19    6.15
 112522.886    93.916    -9.38    5.63
 112898.517    90.388    -9.39    4.46
 113274.230    88.010    -6.33    3.00
 113650.025    85.758    -5.99    2.54
 114025.901    84.237    -4.05    2.73
 114401.859    83.316    -2.45    3.81
 114777.899    81.926    -3.70    4.58
 115154.021    80.885    -2.77    4.62
 115530.225    80.162    -1.92    4.16
 115906.511    79.462    -1.86    5.24
 116282.880    79.041    -1.12    6.16
 116659.330    78.402    -1.70    6.16
 117035.863    76.697    -4.53    5.14
 117412.478    75.435    -3.35    3.90
 117789.175    72.214    -8.55    4.45
 118165.955    69.418    -7.42    4.31
 118542.817    66.423    -7.95    4.86
 118919.762    63.609    -7.47    3.79
 119296.789    62.505    -2.93    3.58
 119673.899    62.441    -0.17    3.76
 120051.092    64.071     4.32    3.98
 120428.367    65.269     3.17    3.14
 120805.725    65.747     1.27    2.57
 121183.166    64.896    -2.26    3.05
 121560.690    62.905    -5.27    3.33
 121938.297    62.320    -1.55    3.57
 122315.987    61.500    -2.17    3.11
 122693.759    61.053    -1.18    2.75
 123071.615    59.684    -3.62    3.39
 123449.554    57.271    -6.38    5.67
 123827.577    53.856    -9.04    6.51
 124205.682    51.000    -7.55    5.62
 124583.871    49.371    -4.31    5.31
 124962.143    50.137     2.02    3.96
 125340.499    50.464     0.86    3.60
 125718.938    51.939     3.90    3.53
 126097.461    53.365     3.77    3.52
 126476.067    53.732     0.97    2.94
 126854.757    53.255    -1.26    2.94
 127233.531    51.729    -4.03    3.04
 127612.388    51.021    -1.87    2.76
 127991.329    50.204    -2.15    2.55
 128370.354    49.010    -3.15    2.48
 128749.463    48.247    -2.01    3.39
 129128.656    45.939    -6.09    4.59
 129507.933    44.371    -4.13    4.59
 129887.294    45.442     2.82    5.10
 130266.739    47.071     4.29    4.44
 130646.269    48.094     2.69    3.44
 131025.883    47.732    -0.95    3.42
 131405.580    47.778     0.12    3.25
 131785.363    47.258    -1.37    3.16
 132165.229    47.705     1.18    2.92
 132545.181    47.949     0.64    3.11
 132925.216    47.515    -1.14    3.47
 133305.337    47.082    -1.14    3.68
 133685.542    46.897    -0.49    3.44
 134065.831    46.724    -0.45    3.26
 134446.206    46.411    -0.83    3.07
 134826.665    45.173    -3.25    3.40
 135207.209    44.354    -2.15    3.34
 135587.838    43.878    -1.25    3.26
 135968.552    43.250    -1.65    3.16
 136349.351    42.602    -1.70    3.61
 136730.235    42.542    -0.16    4.28
 137111.204    40.134    -6.32    6.21
 137492.258    35.111   -13.18   10.78
 137873.398    31.837    -8.59   10.79
 138254.623    31.600    -0.62   11.81
 138633.749    34.398     7.38   12.21
 138998.873    40.479    16.66    7.10
 139364.073    42.309     5.01    6.50
 139729.351    42.207    -0.28    7.29
 140094.706    42.010    -0.54    7.00
 140460.138    42.489     1.31    6.60
 140825.647    40.714    -4.86    5.76
 141191.234    38.816    -5.19    5.75
 141556.897    37.656    -3.17    5.69
 141922.638    36.165    -4.08    5.85
 142288.457    35.413    -2.06    5.75
 142654.353    35.582     0.46    5.58
 143020.326    35.591     0.03    6.17
 143386.378    36.384     2.17    5.20
 143752.506    34.899    -4.06    5.71
 144118.712    34.863    -0.10    5.40
 144484.996    34.959     0.26    5.02
 144851.358    35.745     2.14    4.46
 145217.798    36.770     2.80    3.72
 145584.315    35.565    -3.29    4.82
 145950.910    33.130    -6.64    6.21
 146317.583    31.439    -4.61    6.13
 146684.335    30.833    -1.65    5.80
 147051.164    30.263    -1.56    5.93
 147418.071    30.206    -0.15    5.38
 147785.057    30.869     1.81    4.81
 148152.120    30.587    -0.77    4.62
 148519.262    31.040     1.24    4.18
 148886.482    32.547     4.10    4.24
 149253.781    33.263     1.95    4.22
 149621.158    33.469     0.56    4.36
 149988.613    34.133     1.81    4.54
 150356.147    34.711     1.57    3.38
 150723.759    36.042     3.62    4.11
 151091.450    38.206     5.89    4.61
 151459.220    39.630     3.87    5.26
 151827.068    42.020     6.50    5.99
 152194.995    44.582     6.96    6.41
 152563.001    46.990     6.54    5.65
 152931.086    49.143     5.85    3.37
 153299.249    49.825     1.85    2.86
 153667.492    50.131     0.83    3.27
 154035.813    51.447     3.57    4.39
 154404.214    54.051     7.07    5.36
 154772.693    57.723     9.97    6.51
 155141.252    62.745    13.63    7.85
 155509.890    67.625    13.24    6.87
 155878.607    73.418    15.71    6.58
 156247.403    78.010    12.45    5.86
 156616.279    80.979     8.05    4.51
 156985.234    81.980     2.71    3.81
 157354.269    80.880    -2.98    4.46
 157723.383    79.630    -3.39    3.97
 158092.577    78.734    -2.43    3.64
 158461.850    77.980    -2.04    3.52
 158831.203    77.429    -1.49    4.24
 159200.635    74.837    -7.02    5.71
 159570.148    71.949    -7.81    5.93
 159939.740    68.701    -8.79    4.80
 160309.412    66.727    -5.34    2.98
 160679.164    67.202     1.28    3.42
 161048.995    68.327     3.04    3.70
 161418.907    69.624     3.51    3.50
 161788.899    69.030    -1.60    3.63
 162158.971    69.041     0.03    4.18
 162529.123    70.800     4.75    5.42
 162899.356    73.917     8.42    7.51
 163269.668    82.042    21.94   12.09
 163640.061    90.323    22.36   12.50
 164010.535    98.082    20.95    9.07
 164381.088   101.970    10.49    6.36
 164751.722   103.739     4.77    4.39
 165122.437   103.657    -0.22    3.52
 165493.232   104.032     1.01    3.13
 165864.108   104.212     0.49    3.76
 166235.065   101.755    -6.62    5.71
 166606.102    97.697   -10.94    7.49
 166977.220    91.705   -16.15    8.54
 167348.419    86.414   -14.26    7.86
 167719.699    84.465    -5.25    6.69
 168091.060    85.619     3.11    8.29
 168462.502    89.899    11.53    9.38
 168834.024    95.293    14.52    8.43
 169205.628    99.646    11.72    8.04
 169577.313   102.882     8.71    7.04
 169949.080   104.222     3.61    6.44
 170320.927   105.888     4.48    5.71
 170692.856   106.735     2.28    5.05
 171064.866   106.979     0.66    4.59
 171436.957   106.400    -1.56    3.79
 171809.130   106.758     0.96    3.96
 172181.385   106.557    -0.54    4.31
 172553.721   105.663    -2.40    4.00
 172926.139   104.702    -2.58    2.82
 173298.638   103.990    -1.91    2.07
 173671.219   103.181    -2.17    2.52
 174043.882   102.747    -1.16    4.09
 174416.627   103.511     2.05    5.89
 174789.454   106.525     8.09    8.16
 175162.362   110.167     9.77    8.93
 175535.353   114.778    12.36    6.32
 175908.425   116.040     3.38    5.52
 176281.580   116.292     0.67    5.47
 176654.817   115.000    -3.46    5.45
 177028.136   113.622    -3.69    5.81
 177401.537   112.040    -4.24    6.00
 177775.021   110.505    -4.11    6.57
 178148.587   109.232    -3.41    6.34
 178522.235   106.902    -6.24    7.46
 178895.966   102.320   -12.26    8.40
 179269.780    98.516   -10.18    7.91
 179643.676    94.737   -10.11    7.96
 180017.655    94.459    -0.74    7.95
 180391.716    96.636     5.82    8.11
 180765.860    99.375     7.32    7.82
 181140.087   103.730    11.64    5.09
 181514.397   105.162     3.83    4.01
 181888.789   107.561     6.41    4.81
 182263.265   111.535    10.61    6.40
 182637.824   115.510    10.61    6.59
 183012.466   118.762     8.68    7.10
 183387.190   120.371     4.29    8.96
 183761.998   120.364    -0.02    8.59
 184136.890   121.359     2.65    7.32
 184511.864   121.550     0.51    4.94
 184886.922   121.698     0.39    4.91
 185262.064   121.330    -0.98    7.49
 185637.288   119.495    -4.89   10.03
 186012.597   116.640    -7.61    9.69
 186387.989   113.147    -9.31    7.90
 186763.464   109.592    -9.47    6.73
 187139.023   105.653   -10.49    7.35
 187514.666   101.070   -12.20    6.43
 187890.393    97.835    -8.61    4.31
 188266.203    95.750    -5.55    2.50
 188642.098    94.404    -3.58    2.41
 189018.076    92.768    -4.35    2.87
 189394.139    93.020     0.67    3.21
 189770.285    93.469     1.20    3.31
 190146.516    94.980     4.02    3.71
 190522.830    98.206     8.57    4.06
 190899.229   101.020     7.48    4.99
 191275.713   104.895    10.29    5.15
 191652.280   107.050     5.72    4.48
 192028.932   106.882    -0.45    4.92
 192405.669   104.782    -5.57    5.97
 192782.490   100.452   -11.49    5.77
 193159.395    96.240   -11.18    5.39
 193536.386    92.777    -9.19    4.06
 193913.461    90.634    -5.68    2.56
 194290.620    89.938    -1.84    2.70
 194667.864    89.804    -0.36    3.13
 195045.194    89.561    -0.64    3.11
 195422.608    87.950    -4.27    3.80
 195800.107    86.786    -3.09    3.70
 196177.691    86.320    -1.23    3.99
 196555.360    88.606     6.05    6.09
 196933.115    95.455    18.13    9.75
 197310.954   102.990    19.95   11.92
 197688.879   114.230    29.75   10.28
 198066.889   121.190    18.41    7.54
 198444.984   125.608    11.69    4.76
 198823.165   128.130     6.67    4.64
 199201.432   129.000     2.30    5.13
 199579.783   128.950    -0.13    5.14
 199958.221   127.408    -4.07    5.48
 200336.744   124.684    -7.20    5.99
 200715.353   123.526    -3.06    6.31
 201094.047   122.353    -3.10    6.23
 201472.828   123.485     2.99    4.90
 201851.694   124.540     2.79    4.78
 202230.646   125.926     3.66    5.41
 202609.684   128.743     7.43    5.12
 202988.808   131.138     6.32    4.58
 203368.019   131.297     0.42    3.72
 203747.315   129.753    -4.07    4.53
 204126.698   126.525    -8.51    5.32
 204506.167   122.830    -9.74    5.23
 204885.722   121.287    -4.06    4.98
 205265.364   118.628    -7.01    4.93
 205645.092   114.737   -10.25    5.82
 206024.906   111.430    -8.71    6.25
 206404.808   106.683   -12.50    7.17
 206784.796   102.792   -10.24    7.25
 207164.870    99.752    -8.00    8.65
 207545.031    96.376    -8.88    9.29
 207925.279    96.416     0.10   10.32
 208305.614    94.740    -4.41   10.95
 208686.036    91.267    -9.13   10.45
 209066.545    88.737    -6.65    9.67
 209447.141    85.188    -9.33    8.84
 209827.824    80.643   -11.94    9.75
 210208.594    75.257   -14.15    9.53
 210589.451    68.844   -16.84    7.36
 210970.396    65.240    -9.46    4.60
 211351.428    62.980    -5.93    4.10
 211732.547    60.267    -7.12    4.87
 212113.754    57.621    -6.94    4.55
 212495.048    56.109    -3.97    4.09
 212876.430    55.052    -2.77    3.55
 213257.899    54.120    -2.44    3.78
 213626.606    52.485    -4.44    4.11
 213991.568    51.120    -3.74    3.96
 214356.609    51.218     0.27    6.01
 214721.728    52.616     3.83    8.78
 215086.927    53.624     2.76    9.90
 215452.205    53.495    -0.35   10.38
 215817.561    50.520    -8.14    9.58
 216182.997    47.909    -7.14    7.25
 216548.512    47.576    -0.91    5.79
 216914.106    49.089     4.14    6.03
 217279.779    52.032     8.05    5.12
 217645.532    53.892     5.09    4.27
 218011.364    55.297     3.84    4.35
 218377.275    56.859     4.27    4.34
 218743.266    56.663    -0.53    4.02
 219109.336    55.340    -3.62    4.54
 219475.486    52.755    -7.06    4.73
 219841.715    50.598    -5.89    3.57
 220208.024    48.775    -4.98    4.69
 220574.413    45.438    -9.11    8.25
 220940.882    43.177    -6.17    9.13
