# NaN NaN NaN ;Mean Elev.(m), Avg Gradient(m/km), RMS Gradient(m/km) - SRTM1     
#  -11.019  -0.955   4.779 ;Mean Elev.(m), Avg Gradient(m/km), RMS Gradient(m/km) - ASTER GDEM
#   30.000   0.135   1.130 ;Mean Elev.(m), Avg Gradient(m/km), RMS Gradient(m/km) - GMTED2010 
  7  52.200693  65.717739    14.403    14.363  5 52454.32548769 48.068
  8  52.202076  65.712979    11.680    11.645  6 52489.32546569 32.215
  9  52.200835  65.723692    13.047    13.047  2 52524.32544026 21.094
 10  52.204019  65.711972    11.620    11.737  5 52559.32549185 27.923
 11  52.201716  65.720994    12.319    12.319  2 52594.32549388 28.928
 13  52.201059  65.715329    13.090    13.009  5 52664.32545659 13.861
 14  52.206418  65.697566    13.285    13.333  9 52699.32543371 11.744
 15  52.202517  65.711704    14.983    14.787  5 52734.32545853 12.543
 16  52.197467  65.724677    11.615    11.623  3 52769.32545195 36.120
 17  52.206718  65.704322    14.776    14.767  6 52804.32548433 43.089
 18  52.206050  65.706927    12.742    12.654  5 52839.32554618 23.561
 19  52.203950  65.709832    10.559    10.531  5 52874.32558524 49.199
 21  52.204618  65.693173    10.593    10.604 10 52944.32549996 49.467
 22  52.206103  65.708233    11.469    11.481  5 52979.32555050 26.253
 23  52.202087  65.722023    13.964    13.889  3 53014.32554604 12.447
 24  52.206730  65.706481    14.338    14.339  6 53049.32552087 12.711
 25  52.198801  65.723346    14.888    14.747  3 53084.32555391 11.580
 26  52.204826  65.710646    13.195    13.103  4 53119.32552615  7.777
 27  52.200254  65.713382    16.825    16.790  5 53154.32557750 24.769
 28  52.205491  65.709147    16.175    16.359  5 53189.32556756 24.110
 29  52.199474  65.713441    10.610    10.773  5 53224.32558034 27.688
 30  52.197520  65.724777    10.305    10.305  2 53259.32555339 36.281
 31  52.201402  65.711871    11.694    11.694  6 53294.32558094 25.385
 32  52.201871  65.713013    11.092    11.141  5 53329.32555405 35.612
 33  52.200173  65.717944    12.480    12.497  5 53364.32550443 19.321
 34  52.206190  65.711897    12.087    12.270  5 53399.32552920 14.054
 35  52.199955  65.717814    13.257    13.250  4 53434.32551875 13.388
 36  52.206002  65.709197    15.389    15.286  6 53469.32556278 15.958
 37  52.200112  65.716860    14.154    14.184  5 53504.32560480 48.688
 38  52.200355  65.714578    12.655    12.732  5 53539.32560351 31.381
 39  52.201055  65.722091    11.182    10.984  3 53574.32559943 36.041
 40  52.198531  65.725739    10.578    10.578  2 53609.32554896 35.487
 41  52.206395  65.706092    12.085    12.149  6 53644.32555475 20.697
 42  52.200554  65.719967    11.871    11.618  3 53679.32557023 29.828
 43  52.201572  65.720045    10.085    10.076  4 53714.32549842 37.694
 44  52.206252  65.696884    11.856    11.511  9 53749.32541760 18.231
 45  52.201463  65.712110    12.441    12.251  5 53784.32544557 14.818
 46  52.198125  65.724401    13.742    13.656  3 53819.32540433 16.029
 47  52.203869  65.711679     9.699     9.702  5 53854.32548702 18.432
 48  52.205687  65.707639    16.404    16.424  5 53889.32549651 22.580
 49  52.199643  65.718224    11.729    11.426  4 53924.32556144 34.296
 50  52.198569  65.723193    13.696    13.696  2 53959.32555112 26.112
 51  52.202609  65.689970    13.010    12.789 10 53994.32548897 24.491
 52  52.206078  65.704899    10.388    10.397  6 54029.32554476 42.253
 53  52.200714  65.711658    12.770    12.779  6 54064.32553760 21.533
 54  52.200180  65.722682    12.543    12.543  2 54099.32550182 16.400
 55  52.206516  65.706515    14.140    14.235  6 54134.32546270 11.416
 57  52.205976  65.707221    14.674    14.713  5 54204.32546685 10.572
 58  52.202276  65.711513    16.087    16.043  5 54239.32550046 52.970
 59  52.200999  65.712290    16.234    16.236  6 54274.32551747 22.140
 60  52.203529  65.712381    12.066    12.096  5 54309.32551911 43.062
 61  52.200695  65.721849    12.173    12.275  3 54344.32549440 30.756
 62  52.206402  65.710067    14.221    14.202  5 54379.32545534 22.278
 63  52.199059  65.714188    12.087    12.135  5 54414.32544403 35.615
 64  52.205491  65.705796    11.570    11.572  6 54449.32542319 22.408
 65  52.203527  65.711944    12.681    12.779  6 54484.32543866 15.446
 66  52.206410  65.708284    13.949    14.116  6 54519.32543638 12.602
 67  52.201053  65.721025     9.984    10.033  3 54554.32544869 19.830
 68  52.203793  65.710883    11.925    11.657  5 54589.32543163 20.220
 69  52.200568  65.714309    16.821    16.674  5 54624.32544843 26.288
 70  52.199988  65.712522    12.456    12.091  6 54659.32545740 46.690
 71  52.198895  65.715293    10.508    10.414  5 54694.32543692 35.660
 72  52.206758  65.709782    12.371    12.385  5 54729.32541203 26.914
 73  52.201522  65.713042    11.633    11.486  6 54764.32541548 31.845
 74  52.206587  65.706952    12.100    12.098  5 54799.32540619 42.207
 75  52.199610  65.712707    12.142    12.128  6 54834.32540624 16.925
 76  52.206204  65.705557    12.830    12.955  6 54869.32540330 12.655
 77  52.200215  65.723212    13.688    13.824  3 54904.32541373 13.597
 78  52.205354  65.709958    12.585    12.882  5 54939.32539355 11.481
 79  52.202840  65.711889    14.836    14.817  5 54974.32542395 46.479
 80  52.199240  65.714859    15.900    15.917  5 55009.32543710 26.089
 81  52.202365  65.711850    11.100    11.113  5 55044.32542753 33.689
 82  52.200292  65.720345    11.587    10.969  3 55079.32540250 23.645
 83  52.204001  65.708975    12.672    12.696  5 55114.32536043 19.159
 84  52.200558  65.713867    10.488    10.489  6 55149.32535975 36.429
 85  52.206821  65.707816    12.250    12.302  6 55184.32534352 16.339
 86  52.198917  65.714936    12.403    12.436  5 55219.32535742 15.339
 87  52.206677  65.708578    11.900    12.034  5 55254.32533961 13.593
 88  52.200250  65.722797    12.684    14.152  3 55289.32534554 11.458
 89  52.200762  65.713602    16.647    16.647  6 55324.32532547 52.567
 90  52.200769  65.715495    14.880    14.894  5 55359.32532336 45.416
 91  52.205986  65.711450    11.225    11.239  5 55394.32532814 30.457
 92  52.203339  65.712330    10.971    11.061  5 55429.32533944 28.350
 93  52.201050  65.722343    12.050    12.050  2 55464.32530050 29.778
