# NaN NaN NaN ;Mean Elev.(m), Avg Gradient(m/km), RMS Gradient(m/km) - SRTM1     
#  -14.566   0.696   3.810 ;Mean Elev.(m), Avg Gradient(m/km), RMS Gradient(m/km) - ASTER GDEM
#   18.536  -0.005   2.183 ;Mean Elev.(m), Avg Gradient(m/km), RMS Gradient(m/km) - GMTED2010 
  6  52.386386  66.954862     8.425     8.469  5 52420.71403648 22.895
  7  52.388411  66.958460     6.348     6.416  6 52455.71406059 39.453
  8  52.391974  66.965071     3.462     2.659  6 52490.71403569 38.617
 10  52.385789  66.954906     5.866     5.501  6 52560.71406217 23.248
 11  52.387205  66.956942     4.347     4.283  6 52595.71407164 26.362
 12  52.384957  66.954735     4.632     4.567  5 52630.71400696 19.840
 15  52.392449  66.965195     6.698     6.691  6 52735.71404159  9.749
 17  52.382041  66.951178     9.020     9.103  5 52805.71406350 24.987
 18  52.385556  66.954273     3.188     3.223  6 52840.71412445 46.346
 20  52.395327  66.968176     5.036     5.030  6 52910.71413301 50.751
 23  52.392335  66.962460     3.964     3.988  6 53015.71412015 19.312
 24  52.385558  66.953618     4.379     4.307  5 53050.71409444 16.775
 25  52.391323  66.957952     6.368     6.294  6 53085.71413131 13.456
 26  52.384220  66.954040     4.257     4.164  6 53120.71410103 10.991
 27  52.384504  66.953492     9.263     9.217  5 53155.71415474 27.324
 28  52.391734  66.961813     6.917     6.917  6 53190.71414698 52.516
 29  52.392379  66.963484     3.123     1.697  6 53225.71415448 29.025
 30  52.393818  66.963571     3.280     2.123  6 53260.71412873 25.592
 31  52.382732  66.950215     3.383     3.342  5 53295.71415724 30.936
 32  52.391020  66.958832     4.098     4.038  6 53330.71413120 26.028
 33  52.395533  66.967725     5.711     5.754  6 53365.71408095 19.663
 34  52.386809  66.955608     6.536     7.027  5 53400.71410492 15.330
 35  52.393543  66.966102     7.182     7.276  6 53435.71409638 14.661
 36  52.383979  66.953519     7.510     7.420  5 53470.71414202  8.467
 37  52.390634  66.955657     5.640     5.625  6 53505.71417936 40.764
 38  52.389491  66.957996     8.245     8.544  6 53540.71418211 21.534
 39  52.390845  66.962697     2.546     2.539  6 53575.71417513 50.914
 40  52.394217  66.966575     2.227     2.276  6 53610.71412689 35.893
 41  52.383461  66.954000     3.724     3.573  6 53645.71412857 30.364
 42  52.389358  66.957935     5.015     5.070  6 53680.71414581 21.777
 43  52.395138  66.966942     3.310     3.302  6 53715.71407511 43.980
 44  52.385075  66.954513     4.901     4.998  6 53750.71399038 14.083
 45  52.392188  66.963994     4.866     4.923  5 53785.71402220 13.027
 46  52.396339  66.973767     5.974     5.949  6 53820.71398166 12.367
 47  52.384075  66.953930     2.196     1.780  5 53855.71406434 15.695
 48  52.390233  66.961119     8.890     8.916  6 53890.71407638 42.698
 49  52.383559  66.952756     3.310     3.316  6 53925.71413878 50.645
 50  52.390915  66.958796     6.192     5.967  6 53960.71412702 24.011
 51  52.380205  66.949231     4.793     4.241  5 53995.71406356 21.596
 52  52.387543  66.954331     2.747     2.718  6 54030.71411930 38.094
 54  52.394005  66.965836     3.905     4.106  6 54100.71407835 16.075
 55  52.386350  66.953043     5.653     5.597  6 54135.71403914 12.701
 57  52.385111  66.952254     5.899     5.949  6 54205.71404376  7.810
 58  52.390345  66.958436     8.768     8.795  6 54240.71407837 31.727
 59  52.390065  66.959062     7.952     7.956  6 54275.71409404 52.188
 61  52.394536  66.967182     3.982     4.008  6 54345.71407136 38.717
 62  52.386654  66.955065     7.000     7.275  5 54380.71403102 19.792
 63  52.392565  66.961791     4.121     4.108  6 54415.71401904 44.609
 64  52.384029  66.953676     4.205     4.157  6 54450.71399899 24.545
 65  52.391706  66.958933     3.441     3.352  6 54485.71401425 18.100
 66  52.386963  66.956342     5.413     5.419  6 54520.71401277 12.921
 67  52.391543  66.965619     2.225     1.861  6 54555.71402647  8.085
 68  52.387194  66.957493     3.650     3.676  6 54590.71400911 16.276
 69  52.390912  66.960387     9.685     9.570  5 54625.71402578 27.072
 70  52.387899  66.957615     7.710     8.401  6 54660.71403352 20.226
 71  52.393672  66.963097     3.469     2.311  6 54695.71401226 34.943
 72  52.385834  66.955510     4.182     4.214  5 54730.71398864 29.060
 73  52.389162  66.960080     6.895     7.433  6 54765.71399022 20.516
 74  52.384984  66.952726     4.164     4.101  5 54800.71398182 24.167
 75  52.391606  66.958860     4.900     4.869  6 54835.71398170 13.930
 76  52.386141  66.953245     5.105     5.100  6 54870.71397959 13.716
 77  52.392854  66.965111     5.133     5.110  6 54905.71399112 14.583
 78  52.385141  66.956046     2.927     2.135  6 54940.71397229 15.536
 79  52.389592  66.956659     7.930     7.955  6 54975.71400151 33.547
 80  52.391046  66.960200     8.031     7.848  5 55010.71401277 22.063
 81  52.389281  66.958265     4.397     4.151  6 55045.71400363 25.580
 82  52.392325  66.967314     2.101     2.080  6 55080.71397938 27.924
 83  52.387377  66.955656     4.381     4.091  5 55115.71393519 24.697
 84  52.392116  66.957699     3.782     3.747  6 55150.71393446 31.457
 85  52.385502  66.953343     4.568     4.613  6 55185.71391989 20.303
 86  52.390435  66.961381     6.080     6.687  6 55220.71393334 16.683
 87  52.386403  66.957157     4.617     4.583  6 55255.71391646 15.240
 88  52.393259  66.965857     7.859     7.825  6 55290.71392316  7.542
 89  52.387890  66.958434     8.889     8.881  6 55325.71390241 30.550
 90  52.390075  66.962061     7.922     7.882  6 55360.71389999 18.978
 91  52.386768  66.955039     3.562     3.295  5 55395.71390463 26.318
 92  52.390645  66.958678     2.874     2.988  6 55430.71391481 30.200
 93  52.395249  66.968630     4.936     4.784  6 55465.71387754 25.816
