# NaN NaN NaN ;Mean Elev.(m), Avg Gradient(m/km), RMS Gradient(m/km) - SRTM1     
#    8.296  -2.371   7.136 ;Mean Elev.(m), Avg Gradient(m/km), RMS Gradient(m/km) - ASTER GDEM
#   36.000  -1.984   6.549 ;Mean Elev.(m), Avg Gradient(m/km), RMS Gradient(m/km) - GMTED2010 
  8  53.264939  65.343080    18.058    17.285  3 52486.32156385 17.912
  9  53.258920  65.342319    19.771    20.882  3 52521.32153214 13.731
 10  53.270312  65.341674    17.355    17.127  3 52556.32158297 49.575
 11  53.262509  65.342089    16.459    16.523  3 52591.32157518 35.630
 12  53.291373  65.341807    19.922    19.922  2 52626.32149418 17.065
 13  53.265478  65.340530    19.291    19.980  3 52661.32153962 14.146
 14  53.285061  65.339651    20.551    20.739  3 52696.32151742  9.616
 15  53.272626  65.341340    21.266    21.138  3 52731.32154447 10.872
 16  53.250435  65.344410    17.047    15.507  3 52766.32155401 29.499
 18  53.278982  65.339348    20.966    20.823  3 52836.32162112 17.478
 20  53.266589  65.342232    19.974    19.323  3 52906.32165734 18.718
 23  53.262206  65.342569    16.268    16.368  3 53011.32164077 20.543
 24  53.277539  65.341937    16.409    16.469  3 53046.32160509 20.368
 25  53.258546  65.341862    81.375    81.678  3 53081.32164017  8.497
 26  53.272949  65.340802    81.752    81.908  3 53116.32161031  4.287
 27  53.265355  65.341305    23.113    23.103  3 53151.32165839 40.906
 28  53.277181  65.339181    21.031    20.841  3 53186.32164481 39.378
 29  53.264346  65.341179    20.887    20.694  3 53221.32167123 15.559
 30  53.253939  65.344280    16.499    15.244  3 53256.32164740 23.864
 33  53.265721  65.343658    17.924    16.842  3 53361.32159304 22.954
 34  53.274939  65.340177    16.656    16.407  3 53396.32161327 20.015
 35  53.262168  65.341958    17.842    17.765  3 53431.32160545 14.519
 36  53.280893  65.341618    81.825    81.943  3 53466.32163650  7.159
 37  53.263417  65.343110    18.663    17.130  3 53501.32169342 26.103
 38  53.267757  65.343528    21.628    21.843  3 53536.32168344 23.821
 39  53.260766  65.343020    18.691    18.426  4 53571.32169128 27.875
 40  53.255177  65.343127    15.190    15.213  3 53606.32163957 24.200
 41  53.276318  65.339849    20.360    19.750  3 53641.32163958 14.188
 42  53.263055  65.341228    17.279    17.714  3 53676.32165917 45.751
 43  53.260133  65.341458    15.540    15.527  3 53711.32158874 49.735
 44  53.287142  65.339297    18.951    19.374  3 53746.32149905 14.371
 45  53.270577  65.340490    17.409    17.687  3 53781.32153053 14.348
 46  53.255124  65.344144    18.474    18.449  3 53816.32149802 12.438
 47  53.272770  65.340021    16.518    16.340  3 53851.32156705 16.073
 48  53.276190  65.338956    23.336    23.364  3 53886.32157500 37.351
 49  53.261100  65.342296    20.544    20.847  3 53921.32164512 14.318
 50  53.259464  65.344095    19.631    19.409  3 53956.32164163 17.051
 52  53.278482  65.339144    15.581    15.556  3 54026.32162723 50.058
 53  53.273534  65.341985    17.686    17.711  3 54061.32162040 23.988
 54  53.257813  65.343768    18.076    18.191  3 54096.32159336 20.228
 56  53.262054  65.343609    17.816    17.860  3 54166.32156558 15.117
 57  53.276788  65.340460    81.994    82.069  3 54201.32154478  2.583
 59  53.267611  65.341511    21.869    21.871  3 54271.32160144 45.499
 60  53.270874  65.342087    17.874    17.908  3 54306.32160388 47.725
 61  53.262133  65.342037    20.215    20.580  3 54341.32158550 14.259
 63  53.268005  65.343433    17.820    17.818  3 54411.32153194 46.993
 64  53.279596  65.339743    18.389    19.136  3 54446.32150308 21.549
 65  53.270265  65.341785    18.603    18.036  3 54481.32152389 15.414
 66  53.279455  65.339872    17.335    16.111  3 54516.32151725 17.029
 67  53.261831  65.343239    81.258    81.258  2 54551.32153670 13.772
 70  53.265472  65.340915    20.856    20.838  3 54656.32154197 16.919
 71  53.263747  65.341856    15.515    15.302  3 54691.32152637 17.303
 72  53.279006  65.340968    19.389    19.225  3 54726.32149296 17.314
 73  53.266764  65.342198    18.839    18.168  3 54761.32150333 29.679
 74  53.281025  65.340798    16.018    16.036  3 54796.32148640 37.212
 75  53.268096  65.342057    18.809    18.471  3 54831.32150371 13.886
 76  53.279899  65.340916    20.183    20.501  3 54866.32148163 12.590
 77  53.260182  65.341804    17.115    17.260  3 54901.32150302 15.933
 78  53.273214  65.339597    17.889    18.726  3 54936.32147237 10.392
 81  53.270390  65.342848    21.460    21.529  3 55041.32151189 18.374
 82  53.263750  65.344130    20.744    20.668  3 55076.32149281 17.798
 84  53.266915  65.343399    16.280    15.634  3 55146.32144675 27.543
 85  53.281392  65.340753    19.767    20.175  3 55181.32142265 15.981
 86  53.265245  65.342003    17.138    16.749  3 55216.32144152 17.973
 87  53.279204  65.341743    19.207    19.000  3 55251.32141940 14.211
 88  53.262015  65.344439    80.434    80.472  3 55286.32143478  3.747
 89  53.266317  65.342056    21.598    21.538  3 55321.32140917 44.871
 91  53.275238  65.341953    16.928    16.922  3 55391.32141025 36.433
 92  53.270734  65.343045    20.708    20.860  3 55426.32142569 25.117
 93  53.262200  65.343073    19.501    19.917  3 55461.32139308 14.453
