# NaN NaN NaN ;Mean Elev.(m), Avg Gradient(m/km), RMS Gradient(m/km) - SRTM1     
#   -7.909  -1.190   5.934 ;Mean Elev.(m), Avg Gradient(m/km), RMS Gradient(m/km) - ASTER GDEM
#   24.000  -0.098   1.527 ;Mean Elev.(m), Avg Gradient(m/km), RMS Gradient(m/km) - GMTED2010 
  7    11.840 52454.32541936 28.23  52.536457  66.045337 18.647
  7    11.757 52454.32542000 26.19  52.533247  66.042247 18.647
  7    11.521 52454.32542064 24.95  52.530047  66.039157 18.647
  7    11.707 52454.32542129 23.63  52.526847  66.036077 18.647
  8     7.953 52489.32539703 24.89  52.539285  66.042138 26.108
  8     8.576 52489.32539768 20.96  52.536085  66.039048 26.108
  8     8.966 52489.32539832 21.59  52.532885  66.035958 26.108
  8    11.426 52489.32539897 18.37  52.529685  66.032868 26.108
  9     9.828 52524.32537096 21.96  52.541395  66.055933 24.352
  9     9.914 52524.32537160 32.27  52.538185  66.052843 24.352
  9    10.130 52524.32537225 31.00  52.534985  66.049753 24.352
  9     9.845 52524.32537289 22.06  52.531775  66.046663 24.352
  9    10.125 52524.32537354 18.42  52.528575  66.043583 24.352
  9    10.710 52524.32537418 18.25  52.525365  66.040493 24.352
  9    11.743 52524.32537483 20.91  52.522165  66.037403 24.352
 10     8.545 52559.32542351 23.59  52.539751  66.039549 19.649
 10     9.614 52559.32542416 23.83  52.536551  66.036469 19.649
 10    10.525 52559.32542480 23.11  52.533341  66.033379 19.649
 11     9.933 52594.32542458 42.20  52.542351  66.053207 13.614
 11     9.733 52594.32542587 29.26  52.535941  66.047027 13.614
 11     9.885 52594.32542651 29.60  52.532731  66.043947 13.614
 11     9.948 52594.32542716 26.15  52.529531  66.040857 13.614
 11     9.955 52594.32542780 26.44  52.526321  66.037767 13.614
 13     8.735 52664.32538826 15.69  52.536761  66.042918  3.705
 13     8.797 52664.32538890 16.91  52.533551  66.039828  3.705
 13     9.706 52664.32538955 15.94  52.530351  66.036748  3.705
 13     9.853 52664.32539019 16.71  52.527151  66.033658  3.705
 14    10.213 52699.32536408  9.96  52.548341  66.031334  2.805
 14     9.869 52699.32536473  9.85  52.545131  66.028244  2.805
 14    12.331 52699.32536537  9.74  52.541931  66.025164  2.805
 15    14.382 52734.32538955 13.50  52.541283  66.042396  1.783
 15    14.718 52734.32539020 13.45  52.538073  66.039306  1.783
 15    15.223 52734.32539084 13.28  52.534873  66.036216  1.783
 15    14.957 52734.32539149 13.55  52.531673  66.033136  1.783
 16     8.708 52769.32538233 28.39  52.539619  66.058465 22.363
 16     8.647 52769.32538297 31.41  52.536409  66.055375 22.363
 16     8.664 52769.32538361 34.19  52.533199  66.052295 22.363
 16     8.714 52769.32538426 31.41  52.529999  66.049205 22.363
 16     8.805 52769.32538490 27.37  52.526799  66.046115 22.363
 16     8.836 52769.32538555 26.28  52.523589  66.043025 22.363
 16    13.578 52769.32538619 24.79  52.520389  66.039935 22.363
 17    12.599 52804.32541567 39.86  52.543988  66.033444 24.962
 17    12.704 52804.32541632 39.88  52.540791  66.030357 26.136
 17    12.630 52804.32541696 39.60  52.537581  66.027277 26.136
 18     8.694 52839.32547784 31.30  52.541699  66.034519 31.858
 18     8.624 52839.32547849 30.24  52.538499  66.031429 31.858
 18     8.660 52839.32547913 26.41  52.535289  66.028339 31.858
 19     7.744 52874.32551691 41.03  52.539614  66.037419 29.741
 19     7.563 52874.32551755 42.05  52.536404  66.034339 29.741
 19     7.664 52874.32551820 51.96  52.533204  66.031249 29.741
 21     7.669 52944.32542937 41.33  52.551245  66.031572 20.489
 21     7.660 52944.32543002 49.08  52.548035  66.028482 20.489
 21     7.587 52944.32543066 46.82  52.544835  66.025402 20.489
 22     8.357 52979.32548216 32.32  52.541760  66.035813  8.465
 22     8.324 52979.32548280 26.96  52.538560  66.032723  8.465
 22     8.301 52979.32548345 25.98  52.535360  66.029643  8.465
 23     7.668 53014.32547706 15.52  52.541070  66.052706 10.313
 23     6.784 53014.32547770 19.69  52.537870  66.049616 10.313
 23     7.272 53014.32547835 20.56  52.534660  66.046526 10.313
 23     7.730 53014.32547899 20.82  52.531460  66.043446 10.313
 23     7.916 53014.32547964 26.56  52.528250  66.040356 10.313
 23     7.844 53014.32548028 26.93  52.525050  66.037266 10.313
 24     7.603 53049.32545221 33.80  52.543993  66.035610  5.944
 24     7.419 53049.32545286 24.27  52.540793  66.032520  5.944
 24     9.208 53049.32545350 13.95  52.537583  66.029430  5.944
 25    13.289 53084.32548428 13.12  52.541033  66.057107  3.337
 25    12.958 53084.32548493 13.49  52.537823  66.054017  3.337
 25    12.558 53084.32548557 13.84  52.534623  66.050937  3.337
 25    12.303 53084.32548622 14.48  52.531413  66.047847  3.337
 25    11.547 53084.32548686 14.67  52.528213  66.044757  3.337
 25    10.302 53084.32548751 15.41  52.525003  66.041667  3.337
 25    11.299 53084.32548815 15.09  52.521803  66.038587  3.337
 26     8.212 53119.32545749  9.23  52.542169  66.039771  2.792
 26     9.036 53119.32545814  9.99  52.538959  66.036691  2.792
 26     9.328 53119.32545878  9.40  52.535759  66.033601  2.792
 26    10.490 53119.32545943  9.28  52.532559  66.030511  2.792
 27    15.409 53154.32550852 26.98  52.539198  66.044057 34.198
 27    14.980 53154.32550916 28.16  52.535988  66.040977 34.198
 27    15.143 53154.32550981 29.88  52.532788  66.037887 34.198
 27    15.388 53154.32551045 32.05  52.529578  66.034797 34.198
 28    12.805 53189.32549922 22.84  52.541077  66.036746 30.427
 28    13.715 53189.32549987 21.80  52.537877  66.033656 30.427
 28    14.169 53189.32550051 23.37  52.534667  66.030576 30.427
 29     7.311 53224.32551135 48.44  52.538275  66.044140 37.177
 29     7.227 53224.32551200 50.51  52.535065  66.041050 37.177
 29     7.169 53224.32551264 47.37  52.531865  66.037960 37.177
 29     7.131 53224.32551329 51.18  52.528665  66.034870 37.177
 30    12.318 53259.32548344 20.16  52.541297  66.060096 19.390
 30     7.283 53259.32548408 26.72  52.538097  66.057016 19.390
 30     7.363 53259.32548473 27.75  52.534887  66.053926 19.390
 30     7.350 53259.32548537 26.72  52.531687  66.050836 19.390
 30     7.487 53259.32548602 27.57  52.528477  66.047746 19.390
 30    10.095 53259.32548666 22.85  52.525277  66.044666 19.390
 30     9.653 53259.32548731 21.09  52.522067  66.041576 19.390
 30    11.610 53259.32548795 20.32  52.518867  66.038486 19.390
 31     8.572 53294.32551229 21.49  52.538773  66.040993 24.814
 31     8.674 53294.32551293 25.01  52.535563  66.037903 24.814
 31     8.690 53294.32551358 27.72  52.532363  66.034813 24.814
 31     8.692 53294.32551422 28.42  52.529153  66.031723 24.814
 32     8.524 53329.32548507 29.02  52.540712  66.043695 15.938
 32     8.598 53329.32548571 28.64  52.537502  66.040615 15.938
 32     8.662 53329.32548636 29.22  52.534302  66.037525 15.938
 32     8.801 53329.32548700 30.47  52.531102  66.034435 15.938
 33     8.230 53364.32543610 21.06  52.535795  66.045552 10.507
 33     8.207 53364.32543674 22.20  52.532595  66.042462 10.507
 33     9.141 53364.32543739 22.23  52.529385  66.039382 10.507
 33     8.318 53364.32543803 32.40  52.526185  66.036292 10.507
 34     8.621 53399.32546086 15.42  52.541917  66.039481  4.997
 34     9.068 53399.32546150 15.35  52.538717  66.036391  4.997
 34     9.612 53399.32546215 15.70  52.535507  66.033301  4.997
 34    10.232 53399.32546279 14.07  52.532307  66.030211  4.997
 35    10.487 53434.32545009 13.99  52.537201  66.046963  6.431
 35     9.514 53434.32545074 14.91  52.533991  66.043873  6.431
 35     9.731 53434.32545138 14.85  52.530791  66.040793  6.431
 35    10.094 53434.32545203 14.71  52.527591  66.037703  6.431
 36    14.550 53469.32549412 14.18  52.543325  66.038318  2.379
 36    14.603 53469.32549477 14.58  52.540125  66.035228  2.379
 36    14.650 53469.32549541 14.29  52.536915  66.032148  2.379
 36    14.825 53469.32549605 14.19  52.533715  66.029058  2.379
 37    10.874 53504.32553582 39.98  52.539064  66.047549 24.386
 37    10.959 53504.32553646 43.04  52.535864  66.044459 24.386
 37    10.845 53504.32553711 35.74  52.532654  66.041379 24.386
 37    11.016 53504.32553775 37.74  52.529454  66.038289 24.386
 37    11.016 53504.32553840 36.98  52.526254  66.035199 24.386
 38    14.159 53539.32553453 22.36  52.539245  66.045265 17.249
 38    10.703 53539.32553517 21.82  52.536035  66.042185 17.249
 38    12.685 53539.32553582 18.29  52.532835  66.039095 17.249
 38    13.252 53539.32553646 19.01  52.529635  66.036005 17.249
 39     8.057 53574.32552981 47.47  52.543250  66.055855 31.147
 39     7.898 53574.32553045 52.16  52.540050  66.052775 31.147
 39     7.735 53574.32553110 40.28  52.536840  66.049685 31.147
 39     8.049 53574.32553174 50.41  52.533640  66.046595 31.147
 39     7.914 53574.32553239 53.11  52.530430  66.043505 31.147
 39     7.961 53574.32553303 50.57  52.527230  66.040425 31.147
 39     7.844 53574.32553368 52.64  52.524020  66.037335 31.147
 40     7.688 53609.32547966 21.68  52.539084  66.057977 21.854
 40     7.778 53609.32548030 30.45  52.535884  66.054897 21.854
 40     7.725 53609.32548095 24.40  52.532674  66.051807 21.854
 40     7.853 53609.32548159 25.25  52.529474  66.048717 21.854
 40    10.179 53609.32548224 22.59  52.526264  66.045627 21.854
 40    11.048 53609.32548288 19.49  52.523064  66.042537 21.854
 40    11.551 53609.32548353 17.42  52.519864  66.039457 21.854
 41     8.980 53644.32548609 32.03  52.543670  66.035215 27.826
 41     8.979 53644.32548674 30.86  52.540470  66.032125 27.826
 41     9.068 53644.32548738 30.69  52.537260  66.029045 27.826
 42     9.536 53679.32550061 26.00  52.542747  66.053725 21.093
 42    11.597 53679.32550190 21.44  52.536337  66.047555 21.093
 42    10.523 53679.32550254 19.80  52.533137  66.044465 21.093
 42    10.470 53679.32550318 18.89  52.529927  66.041375 21.093
 42    10.991 53679.32550383 19.60  52.526727  66.038295 21.093
 43     7.624 53714.32543041 39.06  52.535636  66.046106 21.256
 43     7.742 53714.32543105 47.16  52.532436  66.043016 21.256
 43     7.565 53714.32543170 42.07  52.529226  66.039926 21.256
 43     7.523 53714.32543234 41.02  52.526026  66.036846 21.256
 44     8.539 53749.32534797 15.11  52.548162  66.030643 12.541
 44     9.212 53749.32534862 13.94  52.544952  66.027563 12.541
 44    12.334 53749.32534926 13.48  52.541752  66.024473 12.541
 45     7.822 53784.32537659 16.16  52.540251  66.042799  4.224
 45     8.809 53784.32537723 14.50  52.537051  66.039719  4.224
 45     9.363 53784.32537788 13.41  52.533841  66.036629  4.224
 45     9.782 53784.32537852 13.46  52.530641  66.033539  4.224
 46    12.183 53819.32533471 14.41  52.540194  66.058201  3.227
 46    11.248 53819.32533535 14.88  52.536994  66.055111  3.227
 46     9.936 53819.32533600 15.30  52.533784  66.052021  3.227
 46     8.961 53819.32533664 15.80  52.530584  66.048941  3.227
 46    10.201 53819.32533728 16.48  52.527374  66.045851  3.227
 46    10.070 53819.32533793 15.93  52.524174  66.042761  3.227
 46    10.843 53819.32533857 15.80  52.520974  66.039671  3.227
 47     7.061 53854.32541868 17.44  52.539619  66.039261  8.112
 47     6.895 53854.32541933 17.62  52.536409  66.036181  8.112
 47     6.937 53854.32541997 17.22  52.533209  66.033091  8.112
 48    13.764 53889.32542817 25.50  52.541251  66.035241 37.039
 48    14.162 53889.32542882 25.80  52.538051  66.032151 37.039
 48    14.482 53889.32542946 31.46  52.534851  66.029071 37.039
 49     8.531 53924.32549278 29.39  52.537081  66.047360 26.998
 49     8.531 53924.32549343 25.11  52.533871  66.044270 26.998
 49     8.514 53924.32549407 23.89  52.530671  66.041180 26.998
 49     8.881 53924.32549472 26.65  52.527461  66.038100 26.998
 49     8.664 53924.32549536 39.33  52.524261  66.035010 26.998
 50    11.408 53959.32548117 21.47  52.542401  66.058507 25.396
 50    12.840 53959.32548182 13.97  52.539191  66.055417 25.396
 50    12.907 53959.32548246 16.04  52.535981  66.052327 25.396
 50    11.303 53959.32548311 20.19  52.532781  66.049247 25.396
 50    11.421 53959.32548375 16.93  52.529571  66.046157 25.396
 50    11.239 53959.32548440 18.16  52.526371  66.043067 25.396
 50    11.585 53959.32548504 18.52  52.523171  66.039977 25.396
 51     8.856 53994.32541773 22.08  52.552451  66.031462 25.882
 51     8.905 53994.32541837 21.91  52.549251  66.028372 25.882
 51    12.501 53994.32541902 25.47  52.546041  66.025292 25.882
 52     7.568 54029.32547611 35.80  52.543299  66.034034 22.104
 52     7.772 54029.32547675 44.09  52.540099  66.030944 22.104
 52     7.683 54029.32547739 47.08  52.536899  66.027854 22.104
 53     9.843 54064.32546894 24.37  52.537887  66.040802  8.832
 53     9.934 54064.32546959 26.52  52.534687  66.037712  8.832
 53     9.943 54064.32547023 26.21  52.531477  66.034632  8.832
 54    11.067 54099.32543252 15.51  52.540721  66.054915  4.115
 54     9.199 54099.32543381 17.08  52.534311  66.048745  4.115
 54     8.351 54099.32543445 17.80  52.531101  66.045655  4.115
 54     8.594 54099.32543510 17.79  52.527901  66.042565  4.115
 54     8.739 54099.32543574 17.31  52.524701  66.039475  4.115
 55    10.304 54134.32539404 13.03  52.543789  66.035649  2.799
 55    10.216 54134.32539468 12.66  52.540589  66.032559  2.799
 55    11.208 54134.32539533 12.57  52.537379  66.029469  2.799
 57     6.836 54204.32539852 19.75  52.541657  66.034801  6.343
 57     6.996 54204.32539916 24.55  52.538446  66.031714  7.861
 57     6.944 54204.32539980 23.04  52.535246  66.028634  7.861
 58    13.799 54239.32543148 45.99  52.541126  66.042205 34.695
 58    13.776 54239.32543212 46.84  52.537926  66.039115 34.695
 58    13.790 54239.32543277 46.50  52.534716  66.036035 34.695
 58    13.797 54239.32543341 44.21  52.531516  66.032945 34.695
 59    13.024 54274.32544881 22.45  52.538241  66.041436 29.242
 59    12.974 54274.32544945 22.49  52.535031  66.038346 29.242
 59    13.535 54274.32545010 23.92  52.531831  66.035266 29.242
 59    13.667 54274.32545074 26.29  52.528631  66.032176 29.242
 60     9.255 54309.32545078 52.94  52.539197  66.039969 40.664
 60     9.306 54309.32545142 51.27  52.535987  66.036889 40.664
 60     9.418 54309.32545207 54.04  52.532787  66.033799 40.664
 61     9.252 54344.32542477 32.60  52.542811  66.055634 17.023
 61     9.354 54344.32542542 36.45  52.539611  66.052544 17.023
 61     9.135 54344.32542606 32.74  52.536401  66.049464 17.023
 61     9.127 54344.32542671 29.74  52.533201  66.046374 17.023
 61     9.062 54344.32542735 29.69  52.529991  66.043284 17.023
 61     9.170 54344.32542800 28.65  52.526791  66.040194 17.023
 61     9.201 54344.32542864 28.71  52.523591  66.037114 17.023
 62     9.411 54379.32538701 19.18  52.542110  66.037656 33.924
 62    10.415 54379.32538765 17.72  52.538900  66.034566 33.924
 62    10.792 54379.32538830 18.68  52.535699  66.031477 27.862
 63     9.556 54414.32537505 40.66  52.537888  66.044875 22.907
 63     9.547 54414.32537570 41.97  52.534688  66.041785 22.907
 63     9.466 54414.32537634 49.10  52.531488  66.038705 22.907
 63     9.502 54414.32537699 48.96  52.528278  66.035615 22.907
 64     8.915 54449.32535453 23.00  52.542746  66.034922  7.427
 64     9.041 54449.32535518 22.29  52.539533  66.031835  6.112
 64     9.282 54449.32535582 22.74  52.536333  66.028755  6.112
 65     8.364 54484.32537000 17.20  52.540773  66.041079  4.266
 65     8.844 54484.32537065 17.62  52.537573  66.037999  4.266
 65     9.517 54484.32537129 16.75  52.534363  66.034909  4.266
 65    10.122 54484.32537194 16.16  52.531163  66.031819  4.266
 66     8.474 54519.32536772 16.21  52.543680  66.037411  3.869
 66     9.421 54519.32536837 14.63  52.540470  66.034321  3.869
 66     9.814 54519.32536901 14.06  52.537270  66.031231  3.869
 67     7.534 54554.32537906 18.30  52.543193  66.054808 11.256
 67     7.420 54554.32538035 14.61  52.536773  66.048628 11.256
 67     7.269 54554.32538100 15.84  52.533573  66.045538 11.256
 67     7.288 54554.32538164 17.19  52.530373  66.042458 11.256
 67     7.354 54554.32538229 20.83  52.527163  66.039368 11.256
 67     7.160 54554.32538293 24.47  52.523963  66.036278 11.256
 68     8.024 54589.32536329 21.47  52.539478  66.038479  5.904
 68     7.905 54589.32536394 21.46  52.536268  66.035389  5.904
 68     9.231 54589.32536458 20.28  52.533068  66.032309  5.904
 69    15.710 54624.32537945 27.39  52.539428  66.044996 34.569
 69    15.224 54624.32538010 29.28  52.536228  66.041906 34.569
 69    15.184 54624.32538074 30.64  52.533018  66.038816 34.569
 69    15.461 54624.32538139 31.44  52.529818  66.035726 34.569
 70     9.177 54659.32538810 42.07  52.540457  66.044750 33.693
 70     9.394 54659.32538875 43.12  52.537247  66.041670 33.693
 70     9.311 54659.32538939 45.26  52.534047  66.038580 33.693
 70     9.315 54659.32539004 54.46  52.530847  66.035490 33.693
 71     7.738 54694.32536794 43.37  52.537726  66.045995 28.900
 71     7.382 54694.32536859 47.52  52.534526  66.042905 28.900
 71     7.490 54694.32536923 39.47  52.531326  66.039815 28.900
 71     7.470 54694.32536988 38.21  52.528116  66.036725 28.900
 72     8.969 54729.32534369 22.24  52.542452  66.037363 24.759
 72     9.458 54729.32534434 20.94  52.539252  66.034283 24.759
 72    10.200 54729.32534498 21.03  52.536052  66.031193 24.759
 73     9.647 54764.32534682 19.14  52.538772  66.042174 21.235
 73     8.937 54764.32534747 23.42  52.535572  66.039084 21.235
 73     8.833 54764.32534811 33.19  52.532372  66.035994 21.235
 73     8.710 54764.32534876 36.16  52.529162  66.032914 21.235
 74     9.366 54799.32533785 34.20  52.542279  66.034534 11.876
 74     9.326 54799.32533850 32.73  52.539069  66.031444 11.876
 74     9.337 54799.32533914 28.68  52.535871  66.028356  6.563
 75     9.105 54834.32533694 20.92  52.540049  66.044937  4.552
 75     9.529 54834.32533759 18.25  52.536839  66.041857  4.552
 75     9.751 54834.32533823 19.00  52.533639  66.038767  4.552
 75     9.631 54834.32533888 18.63  52.530439  66.035677  4.552
 76     9.800 54869.32533464 14.45  52.543453  66.034679  3.233
 76    10.588 54869.32533529 13.94  52.540243  66.031589  3.233
 76    11.118 54869.32533593 13.85  52.537047  66.028502  3.312
 77    11.492 54904.32534411 14.59  52.542381  66.056984  3.195
 77     9.624 54904.32534475 14.80  52.539171  66.053894  3.195
 77     9.541 54904.32534539 15.39  52.535961  66.050804  3.195
 77     9.543 54904.32534604 15.52  52.532761  66.047724  3.195
 77     9.905 54904.32534668 15.47  52.529561  66.044634  3.195
 77    10.267 54904.32534733 15.42  52.526351  66.041544  3.195
 77    10.728 54904.32534797 14.95  52.523151  66.038454  3.195
 78    10.242 54939.32532522 11.13  52.541043  66.037558  3.253
 78    10.554 54939.32532586 10.23  52.537843  66.034468  3.253
 78    11.390 54939.32532651 10.31  52.534643  66.031378  3.253
 79    12.800 54974.32535562 51.56  52.538524  66.039484 36.455
 79    12.830 54974.32535626 51.47  52.535314  66.036404 36.455
 79    12.813 54974.32535691 51.91  52.532114  66.033314 36.455
 80    13.277 55009.32536812 32.35  52.538098  66.045542 24.614
 80    13.149 55009.32536876 23.52  52.534888  66.042462 24.614
 80    13.208 55009.32536941 24.71  52.531688  66.039372 24.614
 80    13.557 55009.32537005 25.74  52.528488  66.036282 24.614
 81     7.866 55044.32535855 22.50  52.541221  66.042546 26.465
 81     7.887 55044.32535919 29.74  52.538021  66.039456 26.465
 81     7.954 55044.32535984 31.36  52.534811  66.036366 26.465
 81     8.006 55044.32536048 31.41  52.531611  66.033276 26.465
 82    14.099 55079.32533287 17.45  52.542399  66.054125 26.963
 82    11.377 55079.32533416 18.00  52.535989  66.047955 26.963
 82     7.579 55079.32533481 22.74  52.532789  66.044865 26.963
 82     7.625 55079.32533545 27.04  52.529579  66.041775 26.963
 82     7.500 55079.32533610 33.67  52.526379  66.038695 26.963
 82     9.101 55079.32533674 26.03  52.523179  66.035605 26.963
 83    11.112 55114.32529145 16.78  52.542844  66.039647 26.122
 83     9.285 55114.32529210 19.13  52.539644  66.036557 26.122
 83     9.881 55114.32529274 19.91  52.536434  66.033467 26.122
 83     9.625 55114.32529338 27.23  52.533234  66.030387 26.122
 84     8.340 55149.32529109 38.46  52.537821  66.043005 19.287
 84     8.098 55149.32529174 30.86  52.534621  66.039915 19.287
 84     8.023 55149.32529238 28.80  52.531411  66.036825 19.287
 84     8.507 55149.32529303 27.03  52.528211  66.033735 19.287
 85     8.287 55184.32527486 17.41  52.544115  66.036945  6.690
 85     9.203 55184.32527551 17.67  52.540915  66.033855  6.690
 85     9.566 55184.32527615 17.11  52.537715  66.030765  6.690
 86     8.853 55219.32528844 16.82  52.537761  66.045625  5.208
 86     9.132 55219.32528908 16.99  52.534551  66.042535  5.208
 86     9.770 55219.32528973 15.46  52.531351  66.039445  5.208
 86    10.074 55219.32529037 16.42  52.528151  66.036355  5.208
 87     8.966 55254.32527127 14.29  52.542346  66.036156  3.625
 87     9.481 55254.32527192 14.27  52.539136  66.033066  3.625
 87    10.194 55254.32527256 13.99  52.535932  66.029979  3.497
 88    13.597 55289.32527592  7.45  52.542408  66.056580  3.576
 88    13.494 55289.32527656  7.48  52.539208  66.053500  3.576
 88    12.900 55289.32527721  7.53  52.535998  66.050410  3.576
 88    13.047 55289.32527785  7.76  52.532798  66.047320  3.576
 88    11.354 55289.32527850  8.98  52.529588  66.044230  3.576
 88    12.075 55289.32527914  9.25  52.526388  66.041150  3.576
 88     8.241 55289.32527979 12.04  52.523188  66.038060  3.576
 89    14.840 55324.32525681 45.62  52.538048  66.042752 40.577
 89    14.770 55324.32525746 42.53  52.534848  66.039662 40.577
 89    14.631 55324.32525810 35.23  52.531638  66.036572 40.577
 89    14.779 55324.32525875 47.48  52.528438  66.033482 40.577
 90    12.171 55359.32525438 45.23  52.539652  66.046175 23.312
 90    11.638 55359.32525503 24.70  52.536442  66.043095 23.312
 90    11.411 55359.32525567 22.43  52.533242  66.040005 23.312
 90    12.476 55359.32525631 21.14  52.530042  66.036915 23.312
 90    12.050 55359.32525696 23.71  52.526832  66.033825 23.312
 91     8.479 55394.32525980 24.64  52.541692  66.039032 32.952
 91     8.702 55394.32526045 30.22  52.538492  66.035952 32.952
 91     8.634 55394.32526109 41.94  52.535292  66.032862 32.952
 92     7.370 55429.32527110 24.30  52.539001  66.039937 25.026
 92     7.352 55429.32527175 26.60  52.535801  66.036847 25.026
 92     7.552 55429.32527239 25.24  52.532601  66.033757 25.026
 93     9.401 55464.32523120 25.37  52.541556  66.054576 25.346
 93    11.076 55464.32523249 20.43  52.535146  66.048406 25.346
 93     9.364 55464.32523313 19.52  52.531946  66.045316 25.346
 93     9.320 55464.32523378 29.42  52.528746  66.042226 25.346
 93     9.375 55464.32523442 26.90  52.525536  66.039146 25.346
 93     9.310 55464.32523507 35.79  52.522336  66.036056 25.346
