# NaN NaN NaN ;Mean Elev.(m), Avg Gradient(m/km), RMS Gradient(m/km) - SRTM1     
#  -10.038  -1.384   6.165 ;Mean Elev.(m), Avg Gradient(m/km), RMS Gradient(m/km) - ASTER GDEM
#   27.772   0.193   0.562 ;Mean Elev.(m), Avg Gradient(m/km), RMS Gradient(m/km) - GMTED2010 
  7    13.073 52454.32544901 41.50  52.389776  65.903256 29.290
  7    13.243 52454.32544966 40.89  52.386596  65.900166 29.290
  7    13.210 52454.32545030 39.75  52.383426  65.897076 29.290
  7    13.147 52454.32545094 42.39  52.380256  65.893986 29.290
  7    13.210 52454.32545159 43.19  52.377086  65.890886 29.290
  7    13.294 52454.32545223 41.52  52.373916  65.887796 29.290
  7    13.335 52454.32545288 44.14  52.370746  65.884706 29.290
  8     9.274 52489.32542475 29.89  52.402174  65.909319 31.087
  8     9.803 52489.32542540 25.39  52.399004  65.906229 31.087
  8     9.587 52489.32542604 22.52  52.395824  65.903139 31.087
  8     9.090 52489.32542669 21.42  52.392660  65.900045 19.533
  8     9.281 52489.32542733 23.52  52.389490  65.896955 19.533
  8     9.469 52489.32542798 27.05  52.386310  65.893865 19.533
  8     9.701 52489.32542927 37.74  52.379980  65.887685 19.533
  9    12.159 52524.32540384 15.18  52.378810  65.898389 28.250
  9    11.297 52524.32540448 16.58  52.375640  65.895299 28.250
  9    11.264 52524.32540513 18.24  52.372470  65.892209 28.250
  9    11.703 52524.32540577 19.49  52.369299  65.889118 21.646
  9    13.033 52524.32540642 19.53  52.366129  65.886028 21.646
 10     9.956 52559.32545123 23.57  52.402602  65.906738 12.961
 10     9.741 52559.32545188 22.15  52.399432  65.903648 12.961
 10     9.519 52559.32545252 22.35  52.396252  65.900558 12.961
 10     9.709 52559.32545317 21.38  52.393082  65.897468 12.961
 11    11.107 52594.32545617 31.23  52.386069  65.901864 14.104
 11    11.271 52594.32545681 35.55  52.382899  65.898774 14.104
 11    11.204 52594.32545746 36.87  52.379729  65.895684 14.104
 11    11.208 52594.32545810 34.53  52.376559  65.892594 14.104
 11    11.253 52594.32545875 30.35  52.373389  65.889504 14.104
 11    11.348 52594.32545939 31.41  52.370219  65.886414 14.104
 13     9.960 52664.32541727 15.01  52.393278  65.903930  3.734
 13     9.699 52664.32541791 15.15  52.390098  65.900840  3.734
 13     9.578 52664.32541856 14.90  52.386928  65.897750  3.734
 13     9.611 52664.32541920 15.59  52.383764  65.894657  3.067
 13     9.546 52664.32541985 15.75  52.380594  65.891567  3.067
 13    10.087 52664.32542049 15.02  52.377424  65.888477  3.067
 13    12.503 52664.32542114 14.39  52.374254  65.885387  3.067
 15    33.979 52734.32541792  9.67  52.400997  65.906484  2.014
 15    34.106 52734.32541856  9.10  52.397827  65.903394  2.014
 15    35.323 52734.32541921  8.22  52.394657  65.900304  2.014
 15    35.432 52734.32541985  8.52  52.391487  65.897214  2.014
 15    36.018 52734.32542050  8.48  52.388317  65.894124  2.014
 16    10.344 52769.32541649 28.57  52.370681  65.894743 12.808
 16    11.395 52769.32541714 26.92  52.367511  65.891653 12.808
 16    12.661 52769.32541778 27.11  52.364341  65.888563 12.808
 16    15.677 52769.32541843 26.97  52.361181  65.885473 12.808
 16    15.827 52769.32541907 28.98  52.358008  65.882387 28.235
 19     9.124 52874.32554527 45.83  52.399318  65.901521 18.058
 19     9.014 52874.32554592 48.53  52.396148  65.898431 18.058
 23    12.005 53014.32550865 12.28  52.384828  65.901358  3.345
 23    11.965 53014.32550929 12.79  52.381658  65.898258  3.345
 23    10.091 53014.32550994 12.95  52.378488  65.895168  3.345
 23     9.997 53014.32551058 13.77  52.375318  65.892078  3.345
 23    10.036 53014.32551123 13.45  52.372153  65.888989  4.581
 23    10.779 53014.32551187 13.57  52.368983  65.885899  4.581
 25    14.153 53084.32551781 11.85  52.375222  65.896492  2.996
 25    13.726 53084.32551845 12.58  52.372052  65.893402  2.996
 25    14.456 53084.32551910 12.71  52.368892  65.890312  2.996
 25    15.095 53084.32551974 12.29  52.365722  65.887222  2.996
 25    14.518 53084.32552039 12.05  52.362552  65.884132  2.996
 26     8.378 53119.32548586  9.58  52.401819  65.903879  3.128
 26     8.522 53119.32548650  9.41  52.398649  65.900789  3.128
 26     8.649 53119.32548715  9.11  52.395479  65.897699  3.128
 27    16.672 53154.32553753 29.60  52.395664  65.905074 37.687
 27    16.665 53154.32553818 29.31  52.392494  65.901984 37.687
 27    16.521 53154.32553882 25.48  52.389314  65.898893 32.279
 27    16.307 53154.32553946 24.53  52.386144  65.895803 32.279
 27    16.232 53154.32554011 26.75  52.382974  65.892713 32.279
 27    16.590 53154.32554075 28.15  52.379804  65.889623 32.279
 27    16.827 53154.32554140 29.43  52.376634  65.886533 32.279
 28    12.917 53189.32552759 27.13  52.400809  65.900843 25.472
 28    12.886 53189.32552823 30.36  52.397639  65.897753 25.472
 29     8.568 53224.32554037 43.87  52.394799  65.905143 37.947
 29     8.473 53224.32554101 44.25  52.391629  65.902043 37.947
 29     8.532 53224.32554165 39.15  52.388459  65.898953 37.947
 29     8.548 53224.32554230 45.27  52.385289  65.895863 37.947
 29     8.687 53224.32554294 51.63  52.382119  65.892773 37.947
 29     8.733 53224.32554359 45.67  52.378948  65.889685 18.527
 29     9.057 53224.32554423 34.35  52.375778  65.886595 18.527
 30    10.236 53259.32551761 22.26  52.372335  65.896384 20.721
 30    10.003 53259.32551825 23.89  52.369165  65.893294 20.721
 30     9.531 53259.32551890 26.38  52.365991  65.890203 16.910
 30     8.855 53259.32551954 29.16  52.362831  65.887113 16.910
 30     9.097 53259.32552018 30.82  52.359661  65.884023 16.910
 31    10.538 53294.32554001 23.67  52.401593  65.908186 19.735
 31    10.502 53294.32554065 21.83  52.398413  65.905096 19.735
 31    10.130 53294.32554130 21.17  52.395243  65.902006 19.735
 31     9.821 53294.32554194 21.36  52.392070  65.898918 19.211
 31    10.078 53294.32554259 21.46  52.388900  65.895828 19.211
 31    10.263 53294.32554452 30.90  52.379380  65.886558 19.211
 32     9.809 53329.32551343 31.40  52.400394  65.907800 16.278
 32     9.855 53329.32551408 34.78  52.397224  65.904710 16.278
 32     9.963 53329.32551472 37.95  52.394044  65.901620 16.278
 32     9.800 53329.32551537 35.39  52.390872  65.898527 13.537
 32     9.942 53329.32551601 32.41  52.387702  65.895437 13.537
 32     9.838 53329.32551666 33.99  52.384532  65.892347 13.537
 32    10.030 53329.32551730 35.24  52.381362  65.889257 13.537
 32     9.881 53329.32551795 31.48  52.378202  65.886167 13.537
 33     9.733 53364.32546575 19.19  52.389171  65.903469  5.507
 33     9.441 53364.32546640 19.30  52.386001  65.900369  5.507
 33     9.526 53364.32546704 19.22  52.382830  65.897282  4.974
 33     9.593 53364.32546768 19.94  52.379660  65.894192  4.974
 33     9.551 53364.32546833 20.01  52.376490  65.891102  4.974
 33     9.705 53364.32546897 21.33  52.373320  65.888012  4.974
 33    10.835 53364.32546962 20.57  52.370160  65.884922  4.974
 34    10.688 53399.32548923 12.94  52.401595  65.903582  5.582
 34     9.529 53399.32548987 12.97  52.398425  65.900492  5.582
 34    13.167 53399.32549051 13.22  52.395247  65.897402  4.622
 35    11.889 53434.32548039 12.54  52.387376  65.901791  3.895
 35    11.918 53434.32548104 12.75  52.384205  65.898695  4.071
 35    11.825 53434.32548168 13.51  52.381045  65.895605  4.071
 35    11.930 53434.32548232 13.02  52.377875  65.892515  4.071
 35    12.209 53434.32548297 12.23  52.374705  65.889425  4.071
 35    13.141 53434.32548361 11.81  52.371535  65.886335  4.071
 37    12.357 53504.32556612 40.62  52.389183  65.902380 31.445
 37    12.396 53504.32556676 32.59  52.386014  65.899286 34.220
 37    12.305 53504.32556741 33.25  52.382844  65.896196 34.220
 37    12.431 53504.32556805 30.99  52.379674  65.893106 34.220
 37    12.623 53504.32556870 34.51  52.376504  65.890016 34.220
 37    12.643 53504.32556934 46.74  52.373334  65.886926 34.220
 38    11.038 53539.32556354 23.91  52.395731  65.906278 22.539
 38    11.162 53539.32556418 20.71  52.392561  65.903188 22.539
 38    10.952 53539.32556483 19.78  52.389391  65.900095 22.559
 38    10.978 53539.32556547 21.50  52.386221  65.897005 22.559
 38    11.258 53539.32556612 21.83  52.383051  65.893915 22.559
 38    11.680 53539.32556676 22.16  52.379881  65.890825 22.559
 38    11.839 53539.32556741 25.26  52.376711  65.887735 22.559
 39     9.311 53574.32556204 28.50  52.383802  65.901424 27.119
 39     9.385 53574.32556269 32.92  52.380635  65.898329 25.119
 39     9.435 53574.32556333 30.67  52.377465  65.895239 25.119
 39     9.414 53574.32556398 29.47  52.374295  65.892149 25.119
 39     9.494 53574.32556462 36.97  52.371125  65.889059 25.119
 39     9.465 53574.32556527 46.08  52.367955  65.885969 25.119
 40     9.216 53609.32551383 21.62  52.370159  65.894260 17.567
 40     9.448 53609.32551447 23.57  52.366999  65.891170 17.567
 40     9.143 53609.32551512 24.02  52.363829  65.888080 17.567
 40     9.454 53609.32551576 26.33  52.360659  65.884990 17.567
 40     9.377 53609.32551641 32.49  52.357499  65.881900 17.567
 42    10.755 53679.32553220 21.85  52.386470  65.902387 23.107
 42    10.790 53679.32553284 20.51  52.383300  65.899297 23.107
 42    10.893 53679.32553348 23.27  52.380133  65.896203 23.541
 42    11.044 53679.32553413 24.90  52.376963  65.893113 23.541
 42    11.580 53679.32553477 22.14  52.373793  65.890023 23.541
 42    12.429 53679.32553542 25.89  52.370623  65.886933 23.541
 43     8.732 53714.32546071 46.49  52.385839  65.900931 18.199
 43     8.648 53714.32546135 51.01  52.382667  65.897835 20.590
 43     8.825 53714.32546200 48.53  52.379497  65.894745 20.590
 43     8.839 53714.32546264 48.27  52.376327  65.891655 20.590
 43     8.765 53714.32546329 44.42  52.373157  65.888565 20.590
 43     8.651 53714.32546393 36.25  52.369997  65.885475 20.590
 45     9.321 53784.32540431 14.19  52.403133  65.909991  5.771
 45     8.913 53784.32540495 14.14  52.399953  65.906901  5.771
 45     8.915 53784.32540560 14.33  52.396783  65.903811  5.771
 45     9.050 53784.32540624 14.10  52.393613  65.900721  5.771
 45    12.834 53784.32540689 13.77  52.390442  65.897628  3.075
 45     9.564 53784.32540753 14.59  52.387272  65.894538  3.075
 45    11.862 53784.32540882 13.26  52.380932  65.888358  3.075
 46    11.382 53819.32536823 15.09  52.374469  65.897565  3.939
 46    11.081 53819.32536887 15.19  52.371294  65.894472  3.279
 46    11.646 53819.32536952 15.20  52.368124  65.891382  3.279
 46    12.321 53819.32537016 15.01  52.364964  65.888292  3.279
 46    12.817 53819.32537081 14.72  52.361794  65.885202  3.279
 46    13.901 53819.32537145 14.14  52.358634  65.882112  3.279
 47     8.150 53854.32544640 19.50  52.402459  65.906459 12.294
 47     7.678 53854.32544705 18.79  52.399289  65.903369 12.294
 47     8.374 53854.32544769 14.96  52.396109  65.900279 12.294
 47     8.645 53854.32544834 14.25  52.392939  65.897189 12.294
 49     9.873 53924.32552308 23.81  52.387180  65.902192 31.616
 49     9.977 53924.32552373 23.35  52.384000  65.899102 31.616
 49     9.999 53924.32552437 24.64  52.380836  65.896008 21.890
 49     9.941 53924.32552502 27.39  52.377656  65.892918 21.890
 49    10.013 53924.32552566 26.46  52.374486  65.889828 21.890
 49    10.334 53924.32552631 29.84  52.371316  65.886738 21.890
 50    11.939 53959.32551470 18.82  52.376575  65.897892 26.530
 50    11.615 53959.32551534 21.71  52.373403  65.894795 22.753
 50    11.968 53959.32551599 20.78  52.370233  65.891705 22.753
 50    12.234 53959.32551663 19.94  52.367063  65.888615 22.753
 50    12.372 53959.32551728 20.37  52.363903  65.885525 22.753
 53    11.077 54064.32549666 27.13  52.400788  65.907992 12.077
 53    11.182 54064.32549731 27.23  52.397618  65.904902 12.077
 53    11.100 54064.32549795 28.62  52.394438  65.901812 12.077
 53    11.135 54064.32549860 27.11  52.391268  65.898722 12.077
 53    11.175 54064.32549924 26.91  52.388098  65.895632 12.077
 53    11.099 54064.32549989 27.06  52.384930  65.892537  8.233
 53    11.197 54064.32550118 26.82  52.378590  65.886357  8.233
 54     9.941 54099.32546475 17.19  52.381317  65.900467  4.550
 54     9.864 54099.32546540 18.66  52.378147  65.897377  4.550
 54     9.965 54099.32546604 18.98  52.374972  65.894288  5.419
 54    10.013 54099.32546669 18.92  52.371802  65.891198  5.419
 54    10.086 54099.32546733 18.25  52.368642  65.888108  5.419
 54    10.069 54099.32546798 18.21  52.365472  65.885018  5.419
 58    14.670 54239.32545984 53.35  52.400811  65.906302 41.589
 58    14.686 54239.32546049 52.65  52.397631  65.903212 41.589
 58    14.708 54239.32546113 52.07  52.394461  65.900122 41.589
 58    14.724 54239.32546178 50.46  52.391291  65.897032 41.589
 58    14.754 54239.32546242 51.13  52.388121  65.893942 41.589
 59    14.772 54274.32547653 20.37  52.401114  65.908624 30.528
 59    14.645 54274.32547717 20.64  52.397938  65.905533 24.098
 59    14.397 54274.32547782 20.83  52.394768  65.902443 24.098
 59    14.183 54274.32547846 22.41  52.391598  65.899353 24.098
 59    13.981 54274.32547911 22.95  52.388428  65.896263 24.098
 59    14.251 54274.32547975 23.66  52.385258  65.893173 24.098
 59    14.585 54274.32548040 24.88  52.382078  65.890083 24.098
 59    14.657 54274.32548104 29.23  52.378918  65.886993 24.098
 60    10.431 54309.32547850 39.05  52.402073  65.907163 18.892
 60    10.491 54309.32547914 32.91  52.398893  65.904073 18.892
 60    10.264 54309.32547979 32.74  52.395723  65.900983 18.892
 60    10.465 54309.32548043 35.72  52.392553  65.897893 18.892
 60    10.735 54309.32548108 38.40  52.389383  65.894803 18.892
 61    10.700 54344.32545701 49.70  52.383402  65.901189 21.830
 61    10.742 54344.32545765 49.34  52.380232  65.898099 21.830
 61    10.870 54344.32545830 45.37  52.377062  65.895009 21.830
 61    10.843 54344.32545894 41.19  52.373892  65.891919 21.830
 61    10.843 54344.32545959 36.59  52.370722  65.888829 21.830
 61    10.776 54344.32546023 34.61  52.367552  65.885739 21.830
 62    10.829 54379.32541537 28.04  52.401795  65.901759 20.993
 62    10.969 54379.32541602 26.57  52.398625  65.898669 20.993
 63    10.608 54414.32540406 35.22  52.394406  65.905885 21.411
 63    10.656 54414.32540471 38.33  52.391236  65.902795 21.411
 63    10.641 54414.32540535 40.90  52.388066  65.899705 21.411
 63    10.602 54414.32540600 40.29  52.384896  65.896615 21.411
 63    10.725 54414.32540664 37.74  52.381726  65.893525 21.411
 63    10.786 54414.32540729 36.69  52.378556  65.890435 21.411
 63    10.755 54414.32540793 37.11  52.375386  65.887345 21.411
 65     9.300 54484.32539837 31.01  52.400467  65.905184  7.673
 65     9.110 54484.32539901 29.39  52.397297  65.902094  7.673
 65     9.281 54484.32539966 16.71  52.394127  65.899004  7.673
 65    10.235 54484.32540030 15.11  52.390951  65.895911  3.236
 67     8.498 54554.32541130 20.81  52.383769  65.900359 12.105
 67     8.616 54554.32541194 21.81  52.380599  65.897269 12.105
 67     8.503 54554.32541259 23.28  52.377429  65.894179 12.105
 67     8.542 54554.32541323 21.47  52.374259  65.891089 12.105
 67     8.422 54554.32541387 21.96  52.371089  65.887999 12.105
 67     8.385 54554.32541452 20.05  52.367919  65.884909 12.105
 68     9.335 54589.32539101 29.38  52.402348  65.905667  7.363
 68     9.017 54589.32539166 24.06  52.399170  65.902577  6.391
 68     9.259 54589.32539230 20.62  52.396000  65.899487  6.391
 68     9.239 54589.32539295 20.29  52.392830  65.896397  6.391
 69    16.846 54624.32540846 25.68  52.395936  65.906003 37.830
 69    16.848 54624.32540911 28.72  52.392757  65.902911 32.939
 69    16.794 54624.32540975 26.37  52.389587  65.899821 32.939
 69    16.393 54624.32541040 27.14  52.386417  65.896731 32.939
 69    16.058 54624.32541104 29.91  52.383247  65.893641 32.939
 69    16.461 54624.32541168 30.79  52.380077  65.890551 32.939
 69    16.746 54624.32541233 31.02  52.376907  65.887461 32.939
 70    10.610 54659.32541711 44.41  52.396939  65.905765 34.681
 70    10.617 54659.32541776 41.90  52.393769  65.902675 34.681
 70    10.557 54659.32541840 49.45  52.390599  65.899585 34.681
 70    10.749 54659.32541905 51.61  52.387429  65.896495 34.681
 70    10.719 54659.32541969 51.59  52.384249  65.893405 34.681
 70    10.711 54659.32542034 52.24  52.381079  65.890315 34.681
 70    10.764 54659.32542098 53.74  52.377919  65.887225 34.681
 71     9.004 54694.32539760 49.70  52.391068  65.903909 36.741
 71     8.977 54694.32539824 49.24  52.387898  65.900819 36.741
 71     8.969 54694.32539889 51.69  52.384728  65.897719 36.741
 71     9.020 54694.32539953 52.25  52.381556  65.894631 25.134
 71     9.127 54694.32540018 52.69  52.378386  65.891541 25.134
 71     9.172 54694.32540082 50.38  52.375216  65.888451 25.134
 71     9.118 54694.32540147 37.62  52.372056  65.885361 25.134
 73    10.823 54764.32537455 21.71  52.401646  65.909365 22.170
 73    10.778 54764.32537519 19.30  52.398466  65.906275 22.170
 73    10.819 54764.32537583 18.97  52.395296  65.903185 22.170
 73    10.518 54764.32537648 19.07  52.392125  65.900095 23.376
 73    10.159 54764.32537712 21.38  52.388955  65.897005 23.376
 73    10.234 54764.32537777 23.41  52.385785  65.893915 23.376
 73    11.215 54764.32537841 24.04  52.382615  65.890825 23.376
 73    11.612 54764.32537906 25.30  52.379445  65.887735 23.376
 75    10.444 54834.32536595 20.37  52.396550  65.905951  4.171
 75    10.550 54834.32536660 15.16  52.393370  65.902861  4.171
 75    10.375 54834.32536724 14.94  52.390203  65.899768  3.582
 75    10.598 54834.32536789 14.47  52.387033  65.896678  3.582
 75    10.525 54834.32536853 14.98  52.383863  65.893588  3.582
 75    10.536 54834.32536918 14.63  52.380693  65.890498  3.582
 75    10.678 54834.32536982 14.88  52.377523  65.887408  3.582
 77    10.983 54904.32537698 12.64  52.379771  65.899452  3.255
 77    10.827 54904.32537763 13.61  52.376601  65.896362  3.255
 77     9.911 54904.32537827 14.49  52.373431  65.893272  3.255
 77    10.421 54904.32537892 14.47  52.370261  65.890182  3.255
 77    11.311 54904.32537956 13.77  52.367101  65.887092  3.255
 77    12.583 54904.32538021 12.64  52.363931  65.884002  3.255
 78    11.812 54939.32535358  8.79  52.400737  65.901655  3.525
 78    12.743 54939.32535423  9.20  52.397567  65.898565  3.525
 79    13.481 54974.32538334 32.52  52.401394  65.906673 20.247
 79    13.503 54974.32538398 35.28  52.398217  65.903582 32.078
 79    13.489 54974.32538463 47.58  52.395047  65.900492 32.078
 79    13.549 54974.32538527 44.91  52.391877  65.897402 32.078
 79    13.511 54974.32538592 38.96  52.388707  65.894312 32.078
 80    15.071 55009.32539777 25.42  52.391425  65.903466 28.268
 80    14.959 55009.32539842 21.43  52.388252  65.900374 24.567
 80    14.179 55009.32539906 20.73  52.385082  65.897284 24.567
 80    13.995 55009.32539971 21.57  52.381912  65.894194 24.567
 80    14.387 55009.32540035 22.64  52.378742  65.891104 24.567
 80    14.728 55009.32540100 25.25  52.375582  65.888014 24.567
 80    14.625 55009.32540164 31.93  52.372412  65.884924 24.567
 81     9.284 55044.32538691 41.56  52.400898  65.906641 29.052
 81     9.218 55044.32538756 35.47  52.397728  65.903551 29.052
 81     9.183 55044.32538820 33.32  52.394549  65.900458 25.088
 81     9.404 55044.32538885 37.03  52.391379  65.897368 25.088
 81     9.499 55044.32538949 41.85  52.388209  65.894278 25.088
 82     8.940 55079.32536511 18.85  52.382992  65.899678 30.133
 82     8.908 55079.32536575 20.00  52.379821  65.896590 22.127
 82     9.057 55079.32536640 23.16  52.376651  65.893500 22.127
 82     9.101 55079.32536704 24.66  52.373481  65.890410 22.127
 82     9.953 55079.32536769 26.79  52.370311  65.887320 22.127
 82     9.238 55079.32536833 29.31  52.367151  65.884230 22.127
 83    10.564 55114.32532046 18.14  52.399357  65.900659 23.859
 83    10.770 55114.32532111 18.29  52.396181  65.897570 21.069
 84     9.847 55149.32531946 40.87  52.397510  65.907103 16.990
 84     9.854 55149.32532010 50.54  52.394340  65.904013 16.990
 84     9.910 55149.32532075 47.29  52.391167  65.900922 20.319
 84     9.982 55149.32532139 46.09  52.387997  65.897832 20.319
 84     9.837 55149.32532204 49.70  52.384827  65.894742 20.319
 84     9.948 55149.32532268 42.63  52.381657  65.891652 20.319
 84     9.928 55149.32532333 39.88  52.378487  65.888562 20.319
 84     9.820 55149.32532397 39.07  52.375317  65.885472 20.319
 86    10.799 55219.32531809 13.50  52.391092  65.903541  4.291
 86    11.080 55219.32531874 13.45  52.387920  65.900449  3.365
 86    11.753 55219.32531938 13.76  52.384750  65.897359  3.365
 86    12.239 55219.32532003 14.09  52.381580  65.894269  3.365
 86     9.921 55219.32532067 14.64  52.378410  65.891179  3.365
 86    12.490 55219.32532132 13.94  52.375250  65.888089  3.365
 86    11.694 55219.32532196 13.90  52.372080  65.884999  3.365
 88    12.647 55289.32530880  7.59  52.379805  65.899045  3.482
 88    14.268 55289.32530944  7.01  52.376635  65.895955  3.482
 88    11.730 55289.32531009  8.26  52.373475  65.892865  3.482
 88    13.812 55289.32531073  7.17  52.370305  65.889775  3.482
 88    15.385 55289.32531138  7.49  52.367135  65.886685  3.482
 88    15.498 55289.32531202  6.48  52.363965  65.883595  3.482
 89    15.745 55324.32528518 52.30  52.397729  65.906845 37.048
 89    15.616 55324.32528582 52.92  52.394559  65.903755 37.048
 89    15.637 55324.32528647 53.00  52.391382  65.900662 41.616
 89    15.670 55324.32528711 52.73  52.388212  65.897572 41.616
 89    15.701 55324.32528776 52.25  52.385042  65.894482 41.616
 89    15.745 55324.32528840 51.60  52.381872  65.891392 41.616
 89    15.792 55324.32528904 51.34  52.378702  65.888302 41.616
 90    13.224 55359.32528404 22.33  52.392971  65.904100 22.913
 90    13.378 55359.32528468 22.43  52.389802  65.901008 20.918
 90    13.417 55359.32528533 25.02  52.386632  65.897918 20.918
 90    13.465 55359.32528597 27.73  52.383462  65.894828 20.918
 90    13.535 55359.32528661 27.99  52.380292  65.891738 20.918
 90    13.403 55359.32528726 27.58  52.377122  65.888648 20.918
 90    13.423 55359.32528790 28.88  52.373952  65.885558 20.918
 91    10.647 55394.32528817 21.57  52.401384  65.903137 23.647
 91     9.826 55394.32528881 22.16  52.398204  65.900047 23.647
 91    10.005 55394.32528946 29.90  52.395034  65.896957 23.647
 92    10.714 55429.32529882 24.42  52.401883  65.907120 26.899
 92    10.450 55429.32529947 21.43  52.398713  65.904030 26.899
 92    10.047 55429.32530011 21.76  52.395533  65.900940 26.899
 92     8.876 55429.32530076 22.73  52.392367  65.897847 19.699
 92     9.044 55429.32530140 28.95  52.389197  65.894757 19.699
 93    10.597 55464.32526343 24.27  52.382164  65.900130 28.005
 93    10.779 55464.32526408 27.59  52.379000  65.897042 21.820
 93    10.680 55464.32526472 20.80  52.375830  65.893952 21.820
 93    10.762 55464.32526537 19.45  52.372660  65.890862 21.820
 93    10.578 55464.32526601 19.89  52.369490  65.887772 21.820
 93    10.953 55464.32526666 19.52  52.366320  65.884682 21.820
