# NaN NaN NaN ;Mean Elev.(m), Avg Gradient(m/km), RMS Gradient(m/km) - SRTM1     
#   10.947   3.452  13.206 ;Mean Elev.(m), Avg Gradient(m/km), RMS Gradient(m/km) - ASTER GDEM
#   36.000   2.918  12.748 ;Mean Elev.(m), Avg Gradient(m/km), RMS Gradient(m/km) - GMTED2010 
  8    85.376 52509.71568695  8.24  53.387295  65.330067  6.458
  8    84.591 52509.71568759  6.73  53.384245  65.333167  6.458
  8    83.407 52509.71568824  5.35  53.381205  65.336267  6.458
 11    16.427 52614.71569347 18.87  53.384095  65.329810  3.812
 11    17.305 52614.71569412 18.41  53.381055  65.332910  3.812
 12    16.458 52649.71567303 13.20  53.377369  65.328525  2.826
 12    17.273 52649.71567368 13.72  53.374329  65.331625  2.826
 13    86.508 52684.71565593  1.80  53.390493  65.329639  3.212
 13    85.421 52684.71565657  2.02  53.387453  65.332739  3.212
 13    84.393 52684.71565722  1.71  53.384403  65.335839  3.212
 19    16.817 52894.71582847 25.24  53.376629  65.329778 29.114
 19    16.778 52894.71582911 19.42  53.373589  65.332878 29.114
 20    85.188 52929.71577776 11.81  53.388462  65.330770  9.199
 20    84.252 52929.71577840 10.50  53.385422  65.333870  9.199
 20    83.190 52929.71577904  8.36  53.382382  65.336970  9.199
 22    15.674 52999.71580151 25.76  53.373517  65.328747  6.910
 22    15.638 52999.71580215 25.97  53.370477  65.331847  6.910
 23    86.329 53034.71575155  2.80  53.387562  65.330035  3.315
 23    85.042 53034.71575220  2.89  53.384522  65.333135  3.315
 23    83.823 53034.71575284  2.75  53.381472  65.336235  3.315
 24    15.079 53069.71576947 20.90  53.375766  65.330310  4.328
 24    15.165 53069.71577011 20.62  53.372726  65.333410  4.328
 25    86.270 53104.71575319  8.10  53.390432  65.330505  3.033
 25    85.020 53104.71575383  8.67  53.387392  65.333605  3.033
 25    83.738 53104.71575448  7.91  53.384352  65.336705  3.033
 26    16.352 53139.71577517 28.46  53.372924  65.329331 11.139
 26    16.240 53139.71577581 25.38  53.369874  65.332431 11.139
 28    17.726 53209.71582854 17.55  53.378867  65.328679  7.016
 28    20.744 53209.71582919 17.98  53.375817  65.331779  7.016
 29    16.332 53244.71579641 46.56  53.385250  65.330060 12.690
 29    15.690 53244.71579705 38.47  53.382200  65.333160 12.690
 31    15.227 53314.71579780 28.89  53.375051  65.328651 12.161
 31    15.298 53314.71579844 41.26  53.372011  65.331751 12.161
 32    16.396 53349.71576348 20.59  53.385208  65.330092  4.751
 32    17.583 53349.71576412 17.47  53.382158  65.333192  4.751
 34    16.939 53419.71574603 12.16  53.385897  65.330567  3.226
 34    17.810 53419.71574668 12.70  53.382847  65.333667  3.226
 37    21.556 53524.71582292 21.13  53.380472  65.329963  8.304
 37    21.879 53524.71582356 22.22  53.377432  65.333063  8.304
 39    16.293 53594.71578761 27.74  53.393533  65.330545 14.579
 39    15.563 53594.71578825 30.79  53.390493  65.333645 14.579
 39    15.499 53594.71578890 42.80  53.387443  65.336745 14.579
 39    15.496 53594.71578954 42.98  53.384403  65.339845 14.579
 42    17.888 53699.71576083 46.80  53.385232  65.330398 17.362
 42    17.433 53699.71576148 43.34  53.382182  65.333498 17.362
 43    16.388 53734.71568251 15.83  53.399036  65.329572  4.068
 43    17.135 53734.71568316 16.79  53.395986  65.332672  4.068
 43    17.872 53734.71568380 15.24  53.392946  65.335772  4.068
 43    18.450 53734.71568445 15.81  53.389896  65.338872  4.068
 44    16.573 53769.71566924 12.18  53.378535  65.330470  3.077
 44    17.448 53769.71566989 13.10  53.375485  65.333570  3.077
 45    16.113 53804.71566327 12.71  53.393063  65.329076  3.480
 45    17.031 53804.71566391 13.00  53.390023  65.332176  3.480
 45    17.858 53804.71566456 13.87  53.386973  65.335276  3.480
 45    18.391 53804.71566520 13.72  53.383933  65.338376  3.480
 49    16.527 53944.71579761 30.64  53.370689  65.329922 11.104
 49    16.692 53944.71579825 34.16  53.367639  65.333022 11.104
 50    15.783 53979.71574534 49.65  53.386543  65.330057 15.829
 50    15.480 53979.71574599 37.06  53.383503  65.333157 15.829
 50    15.352 53979.71574663 28.84  53.380453  65.336257 15.829
 52    18.198 54049.71576519 40.03  53.384123  65.329497 13.780
 52    18.806 54049.71576584 46.75  53.381073  65.332597 13.780
 54    16.386 54119.71568560 20.40  53.395963  65.331784  4.693
 54    15.710 54119.71568624 21.43  53.392913  65.334884  4.693
 54    18.078 54119.71568688 20.51  53.389873  65.337984  4.693
 54    18.836 54119.71568753 20.85  53.386823  65.341084  4.693
 55    15.415 54154.71571446 15.81  53.377122  65.329966  3.740
 55    17.576 54154.71571510 11.70  53.374072  65.333066  3.740
 56    85.953 54189.71568141  2.12  53.392266  65.330324  5.412
 56    85.362 54189.71568206  0.35  53.389226  65.333424  5.412
 57    21.236 54224.71572539 36.05  53.372648  65.329915 13.185
 57    21.219 54224.71572604 31.89  53.369598  65.333015 13.185
 58    85.017 54259.71574624 14.89  53.376909  65.330768  6.077
 58    83.899 54259.71574688 14.22  53.373869  65.333868  6.077
 59    17.072 54294.71574969 43.81  53.377485  65.331182 12.234
 59    17.073 54294.71575033 40.08  53.374445  65.334282 12.234
 60    16.475 54329.71574254 42.17  53.386452  65.329328  9.274
 60    16.454 54329.71574318 26.74  53.383402  65.332428  9.274
 60    16.358 54329.71574383 24.77  53.380362  65.335528  9.274
 61    18.728 54364.71568844 43.17  53.391862  65.331455 15.618
 61    19.410 54364.71568908 41.49  53.388822  65.334555 15.618
 61    19.203 54364.71568973 43.61  53.385772  65.337655 15.618
 62    84.972 54399.71568413 15.07  53.377571  65.331270 10.098
 62    83.016 54399.71568478 14.76  53.374531  65.334370 10.098
 63    16.504 54434.71564099 22.32  53.390700  65.329358  6.006
 63    17.202 54434.71564164 22.10  53.387660  65.332458  6.006
 63    17.959 54434.71564228 22.33  53.384610  65.335558  6.006
 64    16.506 54469.71566739 16.72  53.372836  65.330204  3.929
 64    17.476 54469.71566804 15.52  53.369786  65.333304  3.929
 65    85.840 54504.71565563  2.08  53.388869  65.330501  2.957
 65    84.807 54504.71565627  1.26  53.385829  65.333601  2.957
 65    83.522 54504.71565692  1.70  53.382779  65.336701  2.957
 66    15.498 54539.71568248 25.31  53.379962  65.331078  7.059
 66    15.155 54539.71568313 24.26  53.376922  65.334178  7.059
 67    86.411 54574.71565655  4.97  53.390663  65.330853  6.921
 67    85.173 54574.71565720  4.60  53.387623  65.333953  6.921
 67    83.856 54574.71565784  2.47  53.384573  65.337063  6.921
 68    20.116 54609.71567467 37.92  53.379857  65.328860 10.496
 68    20.301 54609.71567531 39.17  53.376817  65.331960 10.496
 69    22.994 54644.71568285 35.91  53.378180  65.331257  5.935
 69    22.226 54644.71568349 37.03  53.375140  65.334357  5.935
 70    15.635 54679.71568385 43.05  53.380272  65.328596 14.483
 70    15.530 54679.71568449 46.50  53.377232  65.331696 14.483
 71    18.072 54714.71563518 29.77  53.392877  65.331295  8.544
 71    18.257 54714.71563582 27.68  53.389837  65.334395  8.544
 71    17.940 54714.71563647 29.68  53.386787  65.337495  8.544
 72    18.160 54749.71565448 48.32  53.372452  65.330285 11.640
 72    17.977 54749.71565513 45.58  53.369402  65.333385 11.640
 73    17.308 54784.71562301 43.89  53.387502  65.328871 15.069
 73    16.616 54784.71562365 48.18  53.384462  65.331971 15.069
 73    16.759 54784.71562430 40.38  53.381412  65.335071 15.069
 74    16.784 54819.71564715 12.62  53.373593  65.330116  3.183
 74    17.520 54819.71564780 13.34  53.370543  65.333216  3.183
 77    86.178 54924.71561912  3.45  53.392708  65.329947  2.986
 77    85.228 54924.71561977  3.16  53.389658  65.333037  2.986
 77    83.716 54924.71562041  3.80  53.386618  65.336147  2.986
 77    82.378 54924.71562106  3.22  53.383578  65.339247  2.986
 79    23.527 54994.71567142 40.08  53.375804  65.330977 11.197
 79    23.416 54994.71567206 40.92  53.372754  65.334077 11.197
 80    17.606 55029.71566124 29.00  53.379478  65.331196  7.436
 80    17.282 55029.71566189 29.49  53.376438  65.334296  7.436
 81    15.528 55064.71565207 44.81  53.383257  65.329881 12.230
 81    15.428 55064.71565271 35.11  53.380217  65.332981 12.230
 82    85.156 55099.71559599  6.89  53.392327  65.331797  6.545
 82    83.925 55099.71559664  5.57  53.389287  65.334897  6.545
 82    83.063 55099.71559728  3.83  53.386247  65.337997  6.545
 83    15.995 55134.71559688 34.80  53.374249  65.329908 12.625
 83    15.963 55134.71559753 46.64  53.371199  65.333008 12.625
 84    16.322 55169.71556027 21.57  53.389753  65.329096  5.636
 84    16.739 55169.71556092 20.85  53.386713  65.332196  5.636
 84    17.941 55169.71556156 17.96  53.383663  65.335306  5.636
 86    16.403 55239.71556703 15.06  53.389024  65.330027  3.106
 86    17.579 55239.71556768 13.90  53.385984  65.333127  3.106
 86    19.744 55239.71556832 14.99  53.382934  65.336227  3.106
 87    15.599 55274.71558393 15.76  53.380711  65.331070  3.926
 87    17.390 55274.71558457 16.30  53.377671  65.334170  3.926
 88    17.678 55309.71555092 25.69  53.391182  65.330887 10.020
 88    18.678 55309.71555156 25.91  53.388142  65.333987 10.020
 88    17.632 55309.71555220 28.13  53.385092  65.337087 10.020
 89    19.043 55344.71555199 31.58  53.381840  65.328873  7.572
 89    19.248 55344.71555264 32.33  53.378800  65.331973  7.572
 90    17.675 55379.71554596 43.56  53.386282  65.328847 12.029
 90    18.242 55379.71554661 48.79  53.383232  65.331947 12.029
 90    18.056 55379.71554725 48.39  53.380192  65.335047 12.029
 92    15.891 55449.71555875 29.93  53.385921  65.330436  9.665
 92    15.821 55449.71555940 30.93  53.382871  65.333546  9.665
 93    18.617 55484.71548417 23.70  53.396022  65.331547 10.033
 93    19.012 55484.71548481 22.30  53.392972  65.334647 10.033
 93    19.216 55484.71548546 21.37  53.389932  65.337747 10.033
 93    20.248 55484.71548610 18.91  53.386882  65.340857 10.033
