# NaN NaN NaN ;Mean Elev.(m), Avg Gradient(m/km), RMS Gradient(m/km) - SRTM1     
#   10.861  -0.200   3.781 ;Mean Elev.(m), Avg Gradient(m/km), RMS Gradient(m/km) - ASTER GDEM
#    3.000  -0.000   1.087 ;Mean Elev.(m), Avg Gradient(m/km), RMS Gradient(m/km) - GMTED2010 
  7  53.389629  67.950184     2.547     2.547  2 52468.70828290 22.213
  8  53.391461  67.952172     0.636     0.636  2 52503.70827094 20.964
  9  53.377792  67.945223     1.786     1.258  3 52538.70825410 26.817
 10  53.383130  67.950960     0.033     0.033  2 52573.70829659 37.747
 11  53.394754  67.952025     1.676     1.676  2 52608.70825522 17.027
 12  53.380694  67.949859     0.880     0.880  2 52643.70824950 12.997
 13  53.397502  67.953951     1.806     1.806  2 52678.70823079 10.220
 15  53.388993  67.951192     1.297     1.297  2 52748.70829688 19.274
 16  53.375324  67.944788     3.105     3.105  2 52783.70823729 30.877
 17  53.376846  67.945172     2.595     2.611  3 52818.70831438 22.464
 18  53.383817  67.949186     0.123     0.123  2 52853.70836420 52.248
 20  53.400207  67.951400     2.611     2.611  2 52923.70835188 26.238
 21  53.384950  67.948541     0.945     0.945  2 52958.70831816 28.131
 22  53.386878  67.950013     1.660     1.660  2 52993.70834647 15.956
 23  53.402847  67.953365     1.782     1.782  2 53028.70831110 10.130
 24  53.388655  67.952096     1.807     1.807  2 53063.70831920 10.806
 25  53.396109  67.951127     2.256     2.256  2 53098.70833334  9.596
 26  53.390876  67.950124     2.313     2.313  2 53133.70831750 11.799
 28  53.387957  67.949323     0.299     0.299  2 53203.70839066 52.642
 29  53.402594  67.952162     1.169     1.169  2 53238.70835921 32.678
 30  53.375615  67.945162     0.770     0.770  2 53273.70832008 35.922
 31  53.381000  67.948660     0.522     0.522  2 53308.70837695 39.302
 33  53.377445  67.945553     2.207     2.207  2 53378.70828628 17.603
 34  53.393278  67.951498     2.040     2.040  2 53413.70831994 13.773
 35  53.374936  67.944420     0.964     1.050  3 53448.70830859 12.838
 36  53.379358  67.946566     1.400     1.400  2 53483.70839423 10.230
 37  53.392061  67.951454     2.643     2.643  2 53518.70839346 28.571
 38  53.385329  67.949539     1.756     1.756  2 53553.70841527 22.081
 39  53.401257  67.952140     2.482     2.482  2 53588.70836348 25.863
 41  53.381278  67.947942     0.683     0.683  2 53658.70836425 47.805
 42  53.394191  67.951547     2.634     2.634  2 53693.70834393 27.542
 43  53.405655  67.954058     1.888     1.888  2 53728.70826718 20.166
 44  53.383697  67.951147     1.382     1.382  2 53763.70822775 10.643
 45  53.403365  67.952159     1.335     1.335  2 53798.70823578  9.742
 46  53.377247  67.947105     0.818     0.678  3 53833.70823092  8.677
 47  53.383686  67.947836     0.559     0.559  2 53868.70829595 29.424
 49  53.380457  67.947842     2.139     2.139  2 53938.70836393 20.953
 50  53.395340  67.951666     2.364     2.364  2 53973.70832544 26.895
 51  53.378248  67.946590     0.813     0.813  2 54008.70831610 45.797
 52  53.388079  67.949770     1.014     1.014  2 54043.70833766 18.217
 53  53.396989  67.950861     1.594     1.594  2 54078.70833123 11.877
 54  53.405468  67.952911     2.148     2.148  2 54113.70826867 15.145
 56  53.402558  67.953707     1.875     1.875  2 54183.70825832 11.431
 57  53.383163  67.947776     2.302     2.302  2 54218.70828542 17.941
 58  53.387756  67.950049     2.414     2.414  2 54253.70831060 24.131
 59  53.392249  67.951518     2.512     2.512  2 54288.70831427 25.091
 61  53.404156  67.953771     1.863     1.863  2 54358.70826794 27.868
 62  53.389046  67.949800     1.291     1.291  2 54393.70825167 39.956
 63  53.398744  67.951217     1.696     1.696  2 54428.70821773 24.639
 65  53.397094  67.951206     1.647     1.647  2 54498.70822759 11.901
 67  53.403006  67.952604     1.159     1.159  2 54568.70823176  8.417
 68  53.387123  67.949693     2.459     2.459  2 54603.70823929 21.721
 69  53.391637  67.950156     2.358     2.358  2 54638.70824981 27.102
 71  53.399265  67.953323     2.012     2.012  2 54708.70821123 24.975
 72  53.387349  67.949131     0.398     0.398  2 54743.70821866 47.104
 73  53.392958  67.953395     1.625     1.625  2 54778.70819396 38.549
 74  53.384261  67.948041     0.521     0.521  2 54813.70821198 21.361
 75  53.396644  67.952036     1.383     1.383  2 54848.70819315 12.653
 76  53.386583  67.948721     1.151     1.151  2 54883.70821540 10.530
 77  53.403063  67.951783     1.457     1.457  2 54918.70819520  9.848
 79  53.385623  67.949609     2.645     2.645  2 54988.70823429 24.657
 80  53.395395  67.950830     2.441     2.441  2 55023.70822606 23.055
 81  53.392450  67.950773     2.103     2.103  2 55058.70822131 29.399
 82  53.401609  67.953179     2.324     2.324  2 55093.70817552 18.527
 83  53.385609  67.951913     0.555     0.555  2 55128.70816249 46.775
 84  53.394406  67.951755     2.127     2.127  2 55163.70813703 20.525
 85  53.385070  67.948690     2.011     2.011  2 55198.70815345 15.862
 87  53.386996  67.951705     1.321     1.321  2 55268.70814854 11.039
 88  53.404058  67.953128     2.143     2.143  2 55303.70812186 10.638
 89  53.390417  67.951069     2.497     2.497  2 55338.70812137 24.954
 90  53.394664  67.950565     2.546     2.546  2 55373.70811215 22.935
 91  53.387545  67.950014     0.126     0.126  2 55408.70813336 51.258
 92  53.392791  67.951341     2.303     2.303  2 55443.70813013 23.577
 93  53.406185  67.953646     2.403     2.403  2 55478.70806806 19.167
