-145709.633   953.542     0.00  123.96
-145336.588   890.107  -170.03   98.82
-144963.469   885.226   -13.08   82.26
-144590.275   925.528   107.98  118.69
-144217.007   969.827   118.67  116.99
-143843.664   984.531    39.38  101.55
-143470.247   946.178  -102.70  110.47
-143096.756   880.639  -175.46  106.22
-142723.190   832.591  -128.61   71.60
-142349.550   839.546    18.61   76.83
-141975.835   899.813   161.25  109.97
-141602.045   983.528   223.94   99.32
-141228.180  1057.758   198.53   56.51
-140854.241  1091.890    91.27   29.02
-140480.227  1101.047    24.48   28.86
-140106.138  1085.423   -41.76   46.32
-139731.975  1042.913  -113.60   72.25
-139357.736   988.355  -145.77   83.31
-138983.422   921.769  -177.87   82.96
-138609.034   869.769  -138.88   69.97
-138234.570   827.057  -114.05   50.31
-137860.031   806.302   -55.41   43.88
-137485.417   792.211   -37.61   35.76
-137110.728   792.891     1.82   34.38
-136735.964   788.571   -11.53   36.29
-136361.124   792.058     9.30   53.46
-135986.209   785.616   -17.18   74.06
-135611.219   780.180   -14.50   85.56
-135236.153   776.830    -8.93   77.80
-134861.012   800.815    63.93   73.97
-134485.795   839.832   103.98   88.96
-134110.503   872.123    86.03   92.15
-133735.135   893.423    56.74   79.86
-133359.691   900.672    19.31   73.10
-132984.172   898.474    -5.85   57.29
-132608.577   893.145   -14.19   37.14
-132232.906   881.037   -32.23   29.51
-131857.160   846.280   -92.49   61.91
-131481.337   792.391  -143.38   79.66
-131105.439   737.496  -146.02   69.28
-130729.465   689.180  -128.50   37.24
-130353.414   663.880   -67.27   20.59
-129977.288   656.112   -20.65   17.47
-129601.085   659.591     9.25   24.70
-129224.807   673.569    37.14   37.83
-128848.452   699.258    68.25   50.57
-128472.021   734.646    94.00   60.24
-128095.513   775.738   109.13   67.29
-127718.930   825.738   132.76   74.25
-127342.270   887.178   163.10   89.41
-126965.533   955.026   180.08   94.44
-126588.720  1012.408   152.27   90.51
-126211.831  1063.366   135.19   77.28
-125834.865  1086.848    62.29   77.30
-125457.822  1080.207   -17.61   83.14
-125080.703  1044.540   -94.57  107.15
-124703.507   963.798  -214.04  129.36
-124326.234   871.124  -245.62  112.83
-123948.885   768.474  -272.00   80.11
-123571.458   696.287  -191.24   78.27
-123193.955   629.968  -175.66   70.56
-122816.375   588.320  -110.29   58.78
-122438.718   547.980  -106.81   41.65
-122060.984   523.213   -65.56   31.89
-121683.172   499.123   -63.76   33.03
-121305.284   473.424   -68.00   38.01
-120927.318   439.317   -90.23   37.85
-120549.276   413.524   -68.22   32.30
-120171.156   391.167   -59.12   29.16
-119792.959   372.491   -49.38   32.30
-119414.684   353.291   -50.75   33.63
-119036.332   332.676   -54.48   28.33
-118657.902   315.058   -46.55   24.55
-118279.395   298.741   -43.10   22.96
-117900.811   285.156   -35.88   21.83
-117522.149   271.946   -34.88   18.69
-117143.409   261.235   -28.28   12.77
-116764.592   255.802   -14.34   15.25
-116385.697   250.661   -13.57   19.94
-116006.724   247.313    -8.83   25.72
-115627.673   238.881   -22.24   28.05
-115248.544   226.688   -32.16   29.51
-114869.338   210.795   -41.91   24.68
-114490.053   200.704   -26.60   14.94
-114110.691   199.741    -2.54   14.53
-113731.250   207.282    19.87   16.95
-113351.732   216.675    24.75   16.53
-112972.135   228.422    30.94   16.74
-112592.460   240.599    32.07   20.58
-112212.707   254.550    36.73   24.63
-111832.875   268.784    37.47   25.81
-111452.965   286.427    46.44   25.75
-111072.977   302.249    41.63   26.18
-110692.910   321.371    50.31   30.72
-110312.765   353.175    83.66   56.05
-109932.541   400.244   123.78   84.82
-109552.239   464.057   167.78  111.74
-109171.858   546.264   216.10  123.70
-108791.398   618.441   189.70  103.22
-108410.860   656.162    99.12   62.19
-108030.242   657.539     3.62   49.69
-107649.546   638.558   -49.86   50.97
-107275.429   653.730    40.55   85.01
-106909.676   724.230   192.74  127.15
-106543.850   804.112   218.34  128.16
-106177.953   886.194   224.31   91.34
-105811.984   931.024   122.49   54.22
-105445.943   914.756   -44.44   88.67
-105079.830   839.632  -205.18  140.51
-104713.645   744.446  -259.92  145.76
-104347.388   643.870  -274.58  104.64
-103981.058   577.755  -180.47   67.82
-103614.657   534.598  -117.78   61.66
-103248.183   501.408   -90.56   62.84
-102881.637   468.423   -89.98   68.75
-102515.019   440.317   -76.66   67.48
-102148.328   410.662   -80.86   59.14
-101781.565   380.156   -83.17   48.08
-101414.730   360.827   -52.69   38.33
-101047.822   344.936   -43.31   36.50
-100680.842   328.025   -46.08   34.11
-100313.789   305.480   -61.42   34.56
 -99946.663   284.769   -56.41   35.69
 -99579.465   259.894   -67.74   33.85
 -99212.194   236.835   -62.78   32.74
 -98844.850   215.760   -57.37   30.70
 -98477.434   195.436   -55.31   25.76
 -98109.945   176.026   -52.81   23.14
 -97742.383   160.795   -41.44   20.94
 -97374.748   147.956   -34.92   22.20
 -97007.040   137.415   -28.67   20.77
 -96639.259   127.669   -26.50   18.78
 -96271.405   115.265   -33.72   15.42
 -95903.478   105.410   -26.78   14.24
 -95535.478    95.535   -26.83   11.71
 -95167.405    89.782   -15.63   10.28
 -94799.258    83.821   -16.19    7.38
 -94431.039    84.186     0.99    8.03
 -94062.746    90.267    16.51   14.19
 -93694.379   104.313    38.13   18.95
 -93325.940   122.956    50.60   23.22
 -92957.426   141.110    49.26   22.59
 -92588.840   147.262    16.69   19.16
 -92220.180   138.338   -24.20   24.89
 -91851.446   122.294   -43.51   26.12
 -91482.639   103.230   -51.69   15.35
 -91113.758    95.291   -21.52    7.99
 -90744.803    96.295     2.72    9.19
 -90375.775   102.349    16.41   13.24
 -90006.673   112.298    26.95   12.69
 -89637.497   115.425     8.47    9.73
 -89268.247   114.287    -3.08    9.75
 -88898.924   106.621   -20.75   12.95
 -88529.526    96.109   -28.46   10.37
 -88160.055    88.661   -20.16    7.88
 -87790.509    82.956   -15.44    5.82
 -87420.889    78.442   -12.21    5.03
 -87051.196    74.830    -9.77    6.32
 -86681.428    68.806   -16.29    9.32
 -86311.586    64.821   -10.77    9.58
 -85941.669    62.617    -5.96    9.13
 -85571.678    62.474    -0.39    8.98
 -85201.613    63.393     2.48    6.69
 -84831.474    64.002     1.65    2.82
 -84461.260    63.206    -2.15    3.05
 -84090.972    62.826    -1.03    3.80
 -83720.609    62.746    -0.21    4.53
 -83350.171    61.560    -3.20    4.36
 -82979.659    59.139    -6.54    4.09
 -82609.072    56.273    -7.73    5.19
 -82238.411    52.991    -8.85    3.99
 -81867.675    49.751    -8.74    3.84
 -81496.864    46.387    -9.07    5.19
 -81125.978    43.335    -8.23    5.52
 -80755.017    40.380    -7.96    4.08
 -80383.982    38.067    -6.23    3.22
 -80012.871    37.697    -1.00    3.45
 -79641.686    37.112    -1.58    3.29
 -79270.425    36.550    -1.51    3.38
 -78899.089    37.246     1.88    3.67
 -78527.678    38.165     2.47    3.41
 -78156.192    38.395     0.62    3.49
 -77784.631    38.593     0.53    3.57
 -77412.994    38.502    -0.24    2.73
 -77041.282    38.262    -0.65    2.81
 -76669.495    37.182    -2.91    3.31
 -76297.632    35.230    -5.25    4.60
 -75925.694    32.933    -6.18    4.64
 -75553.680    29.442    -9.38    4.84
 -75181.591    24.840   -12.37    6.04
 -74809.426    20.838   -10.75    6.63
 -74437.185    17.759    -8.27    5.34
 -74064.869    16.324    -3.85    3.89
 -73692.477    16.359     0.09    3.14
 -73320.009    15.915    -1.19    3.24
 -72947.466    14.946    -2.60    3.99
 -72574.846    14.947     0.00    5.00
 -72202.151    15.903     2.56    6.31
 -71829.380    15.762    -0.38    6.33
 -71456.532    13.672    -5.61    5.13
 -71083.609    12.306    -3.66    4.71
 -70710.609    11.013    -3.47    4.38
 -70337.533    11.458     1.19    5.34
 -69964.381    11.980     1.40    6.51
 -69591.153    12.154     0.47    5.79
 -69217.849    12.925     2.07    4.56
 -68844.468    12.903    -0.06    3.74
 -68471.011    13.371     1.25    3.75
 -68097.477    14.760     3.72    4.24
 -67723.867    16.034     3.41    5.52
 -67350.180    16.901     2.32    7.93
 -66976.417    19.730     7.57   11.21
 -66602.577    19.946     0.58   13.00
 -66228.661    20.539     1.59   13.02
 -65854.667    19.270    -3.39   11.10
 -65480.598    12.141   -19.06    5.19
 -65106.451    11.480    -1.77    5.06
 -64732.227    11.773     0.78    4.40
 -64357.927    11.654    -0.32    4.26
 -63983.549    12.773     2.99    4.83
 -63609.095    15.727     7.89    6.22
 -63234.563    18.915     8.51    7.25
 -62859.954    22.198     8.77    6.35
 -62485.269    22.523     0.87    5.21
 -62110.506    20.548    -5.27    6.38
 -61735.666    17.143    -9.08    6.61
 -61360.748    14.463    -7.15    5.11
 -60985.753    13.464    -2.66    4.34
 -60610.681    14.620     3.08    4.42
 -60235.532    15.130     1.36    4.25
 -59860.305    15.699     1.52    5.20
 -59485.000    16.571     2.32    6.83
 -59109.618    17.791     3.25    8.20
 -58734.158    21.313     9.38    9.26
 -58358.621    24.335     8.05    7.52
 -57983.006    25.610     3.39    5.73
 -57607.313    25.881     0.72    5.67
 -57231.543    26.099     0.58    5.83
 -56855.694    28.302     5.86    7.90
 -56479.768    32.643    11.55    7.56
 -56103.763    35.636     7.96    6.35
 -55727.681    37.425     4.76    5.83
 -55351.521    39.165     4.62    5.49
 -54975.282    43.904    12.60    6.44
 -54598.966    48.415    11.99    5.87
 -54222.571    52.013     9.56    4.81
 -53846.098    54.098     5.54    3.11
 -53469.547    53.658    -1.17    4.13
 -53092.917    51.367    -6.08    5.30
 -52716.209    47.535   -10.17    7.31
 -52339.423    45.915    -4.30    6.32
 -51962.558    45.980     0.17    6.37
 -51585.615    47.132     3.06    6.73
 -51208.593    49.364     5.92    6.67
 -50831.492    52.022     7.05    7.07
 -50454.313    54.716     7.14    7.56
 -50077.055    57.852     8.31    7.87
 -49699.718    63.828    15.84    8.24
 -49322.303    69.654    15.44    9.45
 -48944.809    75.238    14.79    9.83
 -48567.235    80.425    13.74    9.38
 -48189.583    84.120     9.78    8.58
 -47811.852    82.730    -3.68    9.50
 -47434.041    78.378   -11.52   11.32
 -47056.152    75.665    -7.18   11.21
 -46678.183    71.722   -10.43    7.08
 -46300.136    70.969    -1.99    4.77
 -45922.009    72.324     3.58    3.38
 -45543.802    74.313     5.26    4.82
 -45165.517    78.947    12.25    8.22
 -44787.151    83.762    12.73    9.65
 -44408.707    87.399     9.61    8.19
 -44030.183    87.034    -0.96    8.38
 -43651.579    82.554   -11.83    7.59
 -43272.896    79.926    -6.94    4.90
 -42894.133    79.567    -0.95    4.50
 -42515.291    80.437     2.30    5.62
 -42136.368    82.088     4.36    7.22
 -41757.366    84.378     6.04    7.48
 -41378.284    88.034     9.65    7.76
 -40999.122    92.732    12.39    9.64
 -40619.881    99.654    18.25   10.43
 -40240.559   105.786    16.17    7.83
 -39861.157   110.152    11.51    4.55
 -39481.675   111.784     4.30    4.24
 -39102.113   113.810     5.34    5.81
 -38722.471   115.258     3.81    5.32
 -38342.748   117.186     5.08    5.07
 -37962.945   118.134     2.49    4.85
 -37583.062   116.567    -4.12    5.48
 -37203.099   114.558    -5.29    6.92
 -36823.055   113.173    -3.64    8.32
 -36442.930   114.669     3.93   10.07
 -36062.725   119.086    11.62    9.71
 -35682.439   121.946     7.52    7.27
 -35302.073   117.788   -10.93   12.54
 -34921.626   110.025   -20.40   15.45
 -34541.098    99.103   -28.70   15.01
 -34160.490    91.912   -18.89   11.87
 -33779.800    93.139     3.22   10.71
 -33399.030    97.639    11.82   11.73
 -33018.179   104.990    19.30   12.42
 -32638.808   110.072    13.39   12.72
 -32273.282   110.077     0.01   11.97
 -31907.684   107.600    -6.77   10.73
 -31542.011   107.117    -1.32    8.64
 -31176.265   109.238     5.80   10.09
 -30810.445   117.686    23.09   12.68
 -30444.552   124.767    19.35   10.80
 -30078.585   129.189    12.08    8.54
 -29712.544   129.990     2.19    6.76
 -29346.429   129.150    -2.30    4.80
 -28980.240   129.947     2.18    5.64
 -28613.977   131.589     4.48    5.96
 -28247.640   134.863     8.94    5.96
 -27881.229   136.817     5.33    5.96
 -27514.744   139.610     7.62    6.74
 -27148.185   141.969     6.43    5.97
 -26781.552   145.306     9.10    5.59
 -26414.845   149.522    11.50    6.44
 -26048.063   152.480     8.06    6.43
 -25681.207   153.937     3.97    5.50
 -25314.277   151.127    -7.66    8.69
 -24947.272   142.320   -24.00   14.35
 -24580.193   132.474   -26.82   15.19
 -24213.039   124.109   -22.78   10.29
 -23845.811   122.603    -4.10    6.36
 -23478.508   125.672     8.35    6.63
 -23111.131   127.873     5.99    5.66
 -22743.678   128.815     2.56    4.08
 -22376.152   126.507    -6.28    4.47
 -22008.550   123.429    -8.37    4.77
 -21640.874   120.593    -7.71    5.17
 -21273.123   118.037    -6.95    4.83
 -20905.296   114.958    -8.37    3.92
 -20537.395   113.991    -2.63    3.69
 -20169.419   115.629     4.45    5.18
 -19801.368   119.184     9.66    5.90
 -19433.242   124.046    13.21    5.63
 -19065.041   127.490     9.36    5.08
 -18696.765   130.189     7.33    3.98
 -18328.413   133.033     7.72    5.71
 -17959.986   134.026     2.69    6.53
 -17591.484   130.077   -10.72    9.22
 -17222.906   125.508   -12.39    9.98
 -16854.253   119.907   -15.19    9.12
 -16485.525   114.112   -15.72    5.60
 -16116.721   111.686    -6.58    5.57
 -15747.842   108.193    -9.47    7.77
 -15378.887   100.947   -19.64   14.70
 -15009.856    91.775   -24.85   18.59
 -14640.750    81.313   -28.34   15.90
 -14271.568    74.401   -18.72   10.56
 -13902.310    70.317   -11.06    5.82
 -13532.977    70.650     0.90    4.90
 -13163.567    71.451     2.17    4.16
 -12794.082    70.820    -1.71    4.58
 -12424.521    68.793    -5.49    6.15
 -12054.883    63.517   -14.27    8.25
 -11685.170    57.501   -16.27    7.45
 -11315.381    51.235   -16.95    7.25
 -10945.515    45.861   -14.53    6.52
 -10575.574    41.388   -12.09    5.66
 -10205.556    38.646    -7.41    5.02
  -9835.461    35.882    -7.47    5.07
  -9465.291    35.206    -1.83    6.49
  -9095.044    34.013    -3.22    9.47
  -8724.721    32.553    -3.94    9.62
  -8354.321    31.858    -1.88    8.94
  -7983.845    28.032   -10.33    7.99
  -7613.292    25.708    -6.27    7.72
  -7242.662    20.554   -13.91    9.09
  -6871.956    15.241   -14.33    9.63
  -6501.174    12.569    -7.20    9.29
  -6130.314     9.980    -6.98    6.50
  -5759.378     8.947    -2.78    4.47
  -5388.364     8.240    -1.91    3.78
  -5017.274     9.046     2.17    3.95
  -4646.107     9.788     2.00    4.11
  -4274.864    11.496     4.60    5.96
  -3903.543    14.032     6.83    7.48
  -3532.144    15.715     4.53    7.89
  -3160.669    14.238    -3.98    8.11
  -2789.117    11.398    -7.64    8.70
  -2417.487     7.682   -10.00    7.08
  -2045.781     5.264    -6.51    5.43
  -1673.996     3.969    -3.48    3.87
  -1302.135     3.112    -2.31    2.83
   -930.196     2.085    -2.76    2.44
   -558.180     0.650    -3.86    2.46
   -186.086    -0.598    -3.35    6.56
    186.086    -3.708    -8.36    9.28
    558.335    -4.978    -3.41   10.04
    930.661    -3.190     4.80   11.57
   1303.066     1.378    12.27   13.93
   1675.548    11.650    27.58   10.89
   2048.108    17.773    16.44    6.93
   2420.746    18.622     2.28    7.05
   2793.461    19.817     3.21    7.70
   3166.255    21.084     3.40    7.81
   3539.126    24.569     9.35    9.74
   3912.076    30.550    16.04   13.27
   4285.104    38.072    20.16   14.23
   4658.210    45.506    19.93   13.67
   5031.394    52.452    18.61   10.50
   5404.656    57.664    13.96    8.63
   5777.996    60.969     8.85    7.76
   6151.415    66.653    15.22    9.21
   6524.912    74.034    19.76    9.92
   6898.488    83.063    24.17   11.58
   7272.142    90.382    19.59    9.94
   7645.875    94.253    10.36    7.20
   8019.686    94.214    -0.11    7.47
   8393.576    89.969   -11.35    7.75
   8767.544    85.411   -12.19    7.12
   9141.591    82.578    -7.58    6.13
   9515.717    82.643     0.17    6.33
   9889.922    84.088     3.86    5.20
  10264.206    84.384     0.79    4.36
  10638.568    83.485    -2.40    4.65
  11013.010    81.352    -5.70    4.94
  11387.531    78.193    -8.43    6.68
  11762.130    74.927    -8.72    8.15
  12136.809    71.991    -7.83    7.40
  12511.567    69.915    -5.54    5.63
  12886.404    68.546    -3.65    4.78
  13261.320    68.167    -1.01    6.08
  13636.316    67.613    -1.48    7.38
  14011.391    67.667     0.14    7.89
  14386.545    67.904     0.63    7.90
  14761.779    70.043     5.70    7.98
  15137.093    73.430     9.03    7.07
  15512.486    77.480    10.79    5.08
  15887.958    80.870     9.03    4.92
  16263.510    84.264     9.04    6.32
  16639.142    89.163    13.04    6.98
  17014.854    96.485    19.49    8.16
  17390.646   103.378    18.34    9.38
  17766.517   110.344    18.54    9.47
  18142.468   114.903    12.13    6.94
  18518.499   117.639     7.28    6.06
  18894.611   118.829     3.16    7.84
  19270.802   117.884    -2.51    8.16
  19647.073   116.054    -4.86    8.10
  20023.425   110.969   -13.51    9.69
  20399.857   104.646   -16.80    9.81
  20776.369    97.023   -20.25    8.30
  21152.961    91.586   -14.44    6.38
  21529.634    87.629   -10.51    6.38
  21906.387    85.458    -5.76    6.77
  22283.221    83.139    -6.15    6.63
  22660.135    80.738    -6.37    5.12
  23037.130    78.259    -6.57    3.67
  23414.205    75.938    -6.16    3.88
  23791.361    73.171    -7.34    3.71
  24168.598    71.190    -5.25    3.95
  24545.915    69.219    -5.22    2.65
  24923.314    67.407    -4.80    4.10
  25300.793    65.425    -5.25    5.30
  25678.353    64.073    -3.58    4.79
  26055.994    62.222    -4.90    3.51
  26433.716    61.052    -3.10    3.20
  26811.519    60.545    -1.34    3.56
  27189.404    61.001     1.21    3.87
  27567.369    60.607    -1.04    4.07
  27945.416    60.032    -1.52    3.43
  28323.544    58.539    -3.95    3.58
  28701.754    57.622    -2.42    3.19
  29080.044    57.023    -1.58    3.16
  29458.417    56.865    -0.42    3.17
  29836.870    56.826    -0.10    2.89
  30215.406    54.825    -5.29    5.63
  30594.023    54.331    -1.30    7.12
  30972.721    56.990     7.02    9.25
  31351.501    62.256    13.90   11.36
  31730.363    71.222    23.66    9.81
  32109.307    77.491    16.54    5.62
  32488.333    81.401    10.32    5.70
  32867.440    85.773    11.53    7.61
  33246.630    89.334     9.39    8.04
  33625.901    93.882    11.99    6.87
  34005.255    94.751     2.29    5.86
  34384.691    93.430    -3.48    6.62
  34764.209    91.053    -6.26    6.68
  35143.809    88.605    -6.45    6.46
  35523.491    90.706     5.53    6.45
  35903.256    93.556     7.50    8.30
  36283.103    96.959     8.96    9.86
  36663.033   102.882    15.59    8.52
  37043.045   105.569     7.07    6.93
  37423.140   105.947     1.00    6.41
  37803.317   101.834   -10.82    9.85
  38183.577    97.139   -12.35    9.36
  38563.919    97.969     2.18   11.35
  38944.344   102.852    12.84   14.25
  39324.853   111.548    22.85   11.51
  39705.444   119.107    19.86    4.19
  40086.118   121.685     6.77    2.84
  40466.874   122.980     3.40    2.86
  40847.714   123.896     2.40    2.60
  41228.637   124.107     0.56    3.03
  41609.643   122.334    -4.65    4.68
  41990.733   119.084    -8.53    4.91
  42359.945   116.709    -6.43    5.06
  42725.313   116.216    -1.35    5.61
  43090.756   117.053     2.29    5.42
  43456.274   117.696     1.76    4.69
  43821.868   117.190    -1.38    5.02
  44187.537   115.241    -5.33    6.59
  44553.282   112.584    -7.26    7.22
  44919.103   110.178    -6.58    7.41
  45284.999   106.107   -11.12    7.20
  45650.970   101.103   -13.67    7.56
  46017.018    95.915   -14.18    7.21
  46383.141    91.697   -11.52    5.12
  46749.340    89.458    -6.11    2.72
  47115.614    92.355     7.91    6.26
  47481.965    96.947    12.54    8.48
  47848.392   102.761    15.87    8.94
  48214.894   106.567    10.39    7.84
  48581.473   109.682     8.50    5.57
  48948.128   111.000     3.60    4.86
  49314.858   112.809     4.93    4.42
  49681.665   113.650     2.29    4.16
  50048.549   114.480     2.26    3.66
  50415.508   115.031     1.50    3.16
  50782.544   115.843     2.21    3.16
  51149.656   116.696     2.32    4.03
  51516.845   117.251     1.51    4.09
  51884.110   115.474    -4.84    4.51
  52251.451   112.251    -8.78    5.20
  52618.869   107.849   -11.98    5.98
  52986.364   103.299   -12.38    5.88
  53353.936   100.446    -7.76    4.98
  53721.584    98.887    -4.24    4.76
  54089.308    97.569    -3.58    4.16
  54457.110    96.653    -2.49    4.15
  54824.988    95.643    -2.75    4.39
  55192.944    93.554    -5.68    4.44
  55560.976    90.207    -9.10    4.82
  55929.085    86.435   -10.25    4.48
  56297.271    83.526    -7.90    4.88
  56665.535    80.686    -7.71    3.38
  57033.875    78.240    -6.64    3.15
  57402.293    76.544    -4.61    2.79
  57770.788    75.594    -2.58    2.61
  58139.360    75.401    -0.53    2.25
  58508.009    74.438    -2.61    2.84
  58876.736    73.021    -3.84    3.27
  59245.540    70.849    -5.89    3.21
  59614.422    69.355    -4.05    3.36
  59983.381    67.702    -4.48    3.30
  60352.418    66.382    -3.58    2.95
  60721.532    64.171    -5.99    3.20
  61090.724    62.706    -3.97    3.25
  61459.994    61.799    -2.46    2.88
  61829.341    61.243    -1.51    2.44
  62198.766    61.428     0.50    2.53
  62568.270    62.053     1.69    2.47
  62937.851    61.897    -0.42    2.73
  63307.510    60.915    -2.66    2.56
  63677.246    60.464    -1.22    2.90
  64047.061    60.469     0.01    2.64
  64416.955    60.248    -0.60    2.17
  64786.926    60.395     0.40    1.79
  65156.975    60.022    -1.01    1.69
  65527.103    59.327    -1.88    1.93
  65897.309    58.709    -1.67    2.11
  66267.593    58.222    -1.32    2.04
  66637.956    58.114    -0.29    2.09
  67008.397    57.531    -1.57    1.94
  67378.917    57.828     0.80    1.87
  67749.515    58.209     1.03    1.78
  68120.192    58.846     1.72    2.10
  68490.947    59.165     0.86    2.07
  68861.781    59.534     0.99    2.19
  69232.694    59.719     0.50    1.97
  69603.685    59.054    -1.79    2.21
  69974.756    57.897    -3.12    2.56
  70345.905    56.864    -2.78    2.43
  70717.133    55.146    -4.63    2.45
  71088.441    53.771    -3.70    3.15
  71459.827    52.643    -3.04    3.14
  71831.292    52.588    -0.15    3.16
  72202.837    52.528    -0.16    2.91
  72574.460    52.341    -0.50    3.07
  72946.163    52.121    -0.59    2.96
  73317.945    51.598    -1.41    2.64
  73689.807    51.669     0.19    2.31
  74061.748    52.052     1.03    1.58
  74433.768    52.382     0.89    1.22
  74805.868    52.449     0.18    1.40
  75178.047    52.646     0.53    1.85
  75550.306    52.155    -1.32    2.55
  75922.645    51.730    -1.14    2.71
  76295.063    51.834     0.28    2.65
  76667.561    51.629    -0.55    2.51
  77040.139    50.664    -2.59    2.08
  77412.796    50.475    -0.51    2.71
  77785.534    49.808    -1.79    2.97
  78158.351    50.588     2.09    3.52
  78531.249    52.002     3.79    3.33
  78904.226    51.424    -1.55    3.98
  79277.284    49.512    -5.13    4.60
  79650.421    46.827    -7.20    4.07
  80023.639    44.382    -6.55    1.38
  80396.938    44.454     0.19    1.59
  80770.316    47.012     6.85    5.17
  81143.775    51.146    11.07    6.48
  81517.314    53.490     6.27    5.42
  81890.934    55.001     4.04    3.19
  82264.634    54.771    -0.61    2.42
  82638.415    55.051     0.75    2.71
  83012.276    55.417     0.98    2.97
  83386.218    55.818     1.07    3.13
  83760.241    55.804    -0.04    3.10
  84134.344    55.110    -1.86    3.64
  84508.528    53.847    -3.38    3.51
  84882.793    52.523    -3.54    2.77
  85257.139    52.505    -0.05    2.43
  85631.566    53.870     3.65    2.76
  86006.074    55.062     3.18    3.14
  86380.663    56.135     2.86    3.28
  86755.334    54.531    -4.28    4.65
  87130.085    51.395    -8.37    6.13
  87504.918    47.157   -11.31    5.88
  87879.832    43.064   -10.92    3.84
  88254.827    40.444    -6.99    4.10
  88629.903    38.822    -4.32    4.94
  89005.061    37.490    -3.55    5.06
  89380.301    36.465    -2.73    4.83
  89755.622    36.517     0.14    4.52
  90131.025    37.303     2.09    3.22
  90506.509    37.701     1.06    3.48
  90882.075    39.660     5.22    4.59
  91257.723    41.548     5.03    5.04
  91633.452    42.402     2.27    4.37
  92009.264    41.281    -2.98    4.59
  92385.157    39.596    -4.48    4.05
  92761.132    38.811    -2.09    3.83
  93137.190    39.547     1.96    5.54
  93513.329    42.335     7.41    7.17
  93889.550    45.588     8.65    6.47
  94265.854    48.624     8.07    6.42
  94642.240    49.371     1.99    6.10
  95018.708    49.991     1.64    5.43
  95395.259    49.475    -1.37    5.83
  95771.892    47.838    -4.34    4.91
  96148.607    46.670    -3.10    4.56
  96525.405    45.595    -2.85    5.57
  96902.285    45.408    -0.50    7.58
  97279.248    46.044     1.69    8.51
  97656.294    45.907    -0.36    9.47
  98033.422    46.769     2.29    8.07
  98410.633    48.010     3.29    7.71
  98787.927    52.904    12.97    8.37
  99165.304    57.653    12.58    8.96
  99542.764    61.279     9.61    8.08
  99920.306    64.542     8.64    7.76
 100297.932    66.327     4.73    7.64
 100675.641    67.194     2.30    6.68
 101053.433    65.043    -5.69    7.55
 101431.308    59.949   -13.48    9.38
 101809.266    57.398    -6.75    9.08
 102187.308    58.969     4.16    8.23
 102565.433    61.887     7.72    9.05
 102943.641    65.184     8.72    6.46
 103321.933    66.310     2.98    5.51
 103700.309    67.022     1.88    5.08
 104078.768    66.847    -0.46    4.29
 104457.310    67.230     1.01    4.13
 104835.936    64.866    -6.24    5.70
 105214.647    62.704    -5.71    7.65
 105593.440    62.743     0.10    7.42
 105972.318    63.548     2.13    7.76
 106351.280    65.804     5.95    7.68
 106730.325    67.042     3.26    5.71
 107109.455    64.887    -5.68    4.50
 107488.668    64.743    -0.38    4.44
 107867.966    66.816     5.47    6.35
 108247.348    74.064    19.10    9.90
 108626.814    79.398    14.06    8.64
 109006.365    79.856     1.21    8.18
 109385.999    73.704   -16.21   12.47
 109765.718    63.886   -25.86   11.92
 110145.522    57.010   -18.11    7.90
 110525.410    53.043   -10.44    4.84
 110905.383    53.745     1.85    5.80
 111285.440    56.660     7.67    6.84
 111665.582    58.337     4.41    5.70
 112045.809    58.822     1.28    4.69
 112426.120    58.283    -1.42    4.10
 112806.517    56.126    -5.67    2.95
 113186.998    55.475    -1.71    2.39
 113567.564    56.438     2.53    4.09
 113948.215    57.798     3.57    4.85
 114328.952    58.727     2.44    5.12
 114709.773    58.959     0.61    4.93
 115090.680    56.959    -5.25    4.62
 115471.672    54.327    -6.91    4.71
 115852.749    50.667    -9.60    4.10
 116233.911    47.847    -7.40    3.90
 116615.159    44.646    -8.40    3.68
 116990.059    41.939    -7.22    4.15
 117355.190    39.118    -7.73    4.11
 117720.397    36.286    -7.76    3.54
 118085.682    34.606    -4.60    1.57
 118451.044    34.212    -1.08    1.66
 118816.483    34.959     2.04    2.28
 119181.999    36.285     3.63    2.82
 119547.593    37.163     2.40    2.67
 119913.264    37.735     1.56    2.83
 120279.012    36.330    -3.84    3.47
 120644.838    35.045    -3.51    3.49
 121010.742    34.030    -2.77    3.27
 121376.723    33.378    -1.78    2.78
 121742.782    33.115    -0.72    2.54
 122108.918    32.123    -2.71    2.38
 122475.132    32.062    -0.16    2.33
 122841.424    32.424     0.99    2.50
 123207.794    33.001     1.58    2.66
 123574.242    34.192     3.25    2.85
 123940.767    35.605     3.86    2.52
 124307.371    37.081     4.03    3.04
 124674.052    37.541     1.26    2.86
 125040.812    37.480    -0.17    3.11
 125407.649    37.245    -0.64    3.35
 125774.565    35.936    -3.57    3.01
 126141.559    35.207    -1.99    2.84
 126508.632    35.077    -0.35    2.31
 126875.782    34.888    -0.51    2.21
 127243.011    35.410     1.42    2.55
 127610.319    35.782     1.01    2.99
 127977.705    35.276    -1.38    3.03
 128345.169    34.344    -2.53    2.81
 128712.712    33.755    -1.60    2.39
 129080.334    35.171     3.85    3.21
 129448.034    36.242     2.91    3.65
 129815.813    36.609     1.00    3.35
 130183.671    36.768     0.43    2.54
 130551.607    36.969     0.55    2.35
 130919.623    37.500     1.44    2.26
 131287.717    38.194     1.89    2.60
 131655.890    39.485     3.51    3.37
 132024.143    41.732     6.10    3.49
 132392.474    43.882     5.84    3.17
 132760.885    45.653     4.81    2.49
 133129.374    46.794     3.10    2.19
 133497.943    48.123     3.60    3.02
 133866.591    49.714     4.32    3.44
 134235.319    51.626     5.18    3.91
 134604.126    52.340     1.94    3.73
 134973.012    51.947    -1.06    4.01
 135341.978    50.290    -4.49    4.25
 135711.023    48.216    -5.62    3.62
 136080.148    46.802    -3.83    2.46
 136449.352    45.969    -2.25    2.53
 136818.636    44.694    -3.45    3.67
 137188.000    43.280    -3.83    3.57
 137557.444    41.531    -4.73    3.41
 137926.968    40.123    -3.81    2.42
 138296.571    39.096    -2.78    2.28
 138666.254    39.540     1.20    2.90
 139036.017    41.302     4.77    4.60
 139405.861    43.830     6.83    5.93
 139775.784    47.000     8.57    5.89
 140145.788    50.820    10.32    5.43
 140515.871    53.105     6.17    4.75
 140886.035    54.053     2.56    4.59
 141256.280    54.316     0.71    4.88
 141626.604    54.786     1.27    4.62
 141997.009    55.182     1.07    3.60
 142367.495    55.415     0.63    3.44
 142738.061    55.454     0.11    3.06
 143108.707    56.243     2.13    2.73
 143479.434    58.212     5.31    3.73
 143850.242    60.827     7.05    3.37
 144221.131    63.212     6.43    2.79
 144592.100    65.698     6.70    3.48
 144963.150    68.857     8.51    4.25
 145334.281    71.901     8.20    4.50
 145705.493    75.856    10.66    4.61
 146076.785    79.020     8.52    3.88
 146448.159    81.371     6.33    3.61
 146819.614    81.410     0.10    2.92
 147191.150    80.285    -3.03    4.17
 147562.767    77.040    -8.73    7.01
 147934.466    72.368   -12.57    7.09
 148306.245    70.242    -5.72    5.40
 148678.106    71.605     3.66    5.66
 149050.049    75.450    10.34    6.66
 149422.073    79.525    10.96    6.03
 149794.178    83.330    10.23    5.83
 150166.365    85.919     6.95    5.88
 150538.634    87.980     5.54    5.75
 150910.984    88.190     0.56    4.90
 151283.416    88.274     0.23    3.94
 151655.929    89.182     2.44    4.98
 152028.525    89.632     1.21    5.38
 152401.202    87.430    -5.91    5.93
 152773.961    83.636   -10.18    7.31
 153146.802    77.480   -16.51    8.10
 153519.726    72.051   -14.56    7.31
 153892.731    67.606   -11.92    6.82
 154265.818    65.210    -6.42    5.76
 154638.988    64.102    -2.97    4.61
 155012.240    64.784     1.83    4.58
 155385.574    67.780     8.03    6.59
 155758.991    71.580    10.18    7.15
 156132.490    74.730     8.43    5.66
 156506.071    75.287     1.49    4.60
 156879.735    73.759    -4.09    5.52
 157253.481    69.230   -12.12    7.08
 157627.310    64.186   -13.49    7.99
 158001.222    58.290   -15.77    8.93
 158375.217    53.448   -12.95    7.29
 158749.294    49.242   -11.25    5.92
 159123.454    46.515    -7.29    5.14
 159497.697    44.869    -4.40    4.64
 159872.023    43.108    -4.70    4.20
 160246.432    40.847    -6.04    5.59
 160620.924    38.401    -6.53    6.52
 160995.499    35.799    -6.95    6.12
 161370.157    33.297    -6.68    3.75
 161744.899    31.980    -3.51    0.00
 162119.723    32.000     0.05    0.20
 162494.631    31.990    -0.02    0.10
 162869.623    31.980    -0.03    0.00
 163244.698    31.980     0.00    0.00
 163619.856    31.980     0.00    0.00
 163995.098    32.092     0.30    0.62
 164370.423    32.490     1.06    2.20
 164745.833    32.680     0.51    2.68
 165121.326    32.818     0.37    2.32
 165496.902    37.646    12.86    9.61
 165872.563    42.969    14.17   10.18
 166248.307    46.240     8.70    8.38
 166624.135    48.337     5.58    6.22
 167000.048    47.857    -1.28    6.25
 167376.044    49.165     3.48    7.37
 167752.124    53.120    10.52    8.28
 168128.289    56.360     8.62    9.06
 168504.538    59.570     8.53    8.66
 168880.871    63.136     9.48    8.46
 169257.288    69.108    15.87    9.28
 169633.790    74.523    14.38    9.41
 170010.376    81.384    18.22   10.81
 170387.047    86.794    14.37    9.51
 170763.802    92.600    15.41    9.94
 171140.642    98.521    15.71   10.80
 171517.566   105.818    19.36   10.82
 171894.575   112.143    16.78   10.06
 172271.669   119.310    19.01    7.28
 172648.848   123.510    11.14    5.86
 173026.112   125.950     6.47    5.23
 173403.460   127.042     2.89    5.42
 173780.894   125.100    -5.15    5.95
 174158.413   121.630    -9.19    4.94
 174536.016   119.485    -5.68    3.74
 174913.705   118.504    -2.60    3.06
 175291.479   117.755    -1.98    2.70
 175669.339   117.862     0.28    2.80
 176047.284   117.143    -1.90    3.64
 176425.314   116.700    -1.17    4.81
 176803.429   116.598    -0.27    5.10
 177181.631   116.176    -1.12    4.42
 177559.917   115.853    -0.85    3.03
 177938.290   115.891     0.10    2.00
 178316.748   116.559     1.77    2.05
 178695.291   116.732     0.46    2.89
 179073.921   114.958    -4.69    5.02
 179452.636   110.230   -12.49    8.38
 179831.438   105.032   -13.72    8.87
 180210.325    99.254   -15.25    7.27
 180589.298    95.654    -9.50    5.37
 180968.357    93.370    -6.03    4.69
 181347.503    91.619    -4.62    3.60
 181726.735    90.920    -1.84    3.27
 182106.053    91.150     0.61    2.93
 182485.457    90.742    -1.08    2.68
 182864.948    90.747     0.01    2.72
 183244.525    90.871     0.33    2.92
 183624.188    90.371    -1.32    3.05
 184003.938    90.750     1.00    3.14
 184383.775    89.939    -2.14    3.58
 184763.699    88.730    -3.18    3.91
 185143.709    87.485    -3.28    5.79
 185523.806    86.931    -1.46    7.06
 185903.989    86.949     0.05    8.66
 186284.260    85.950    -2.63   10.42
 186664.617    85.398    -1.45   11.09
 187045.062    82.892    -6.59   11.37
 187425.594    83.700     2.12   10.50
 187806.213    84.000     0.79    8.30
 188186.919    85.214     3.19    4.57
 188567.712    83.099    -5.56    4.32
 188948.592    80.450    -6.96    3.89
 189329.560    77.435    -7.91    4.41
 189710.616    74.414    -7.93    4.32
 190091.758    72.560    -4.87    4.20
 190472.989    72.495    -0.17    5.03
 190854.307    73.029     1.40    6.51
 191235.712    74.042     2.65    7.64
 191616.762    72.346    -4.45    8.56
 191981.651    69.000    -9.17    6.71
 192346.619    65.717    -9.00    3.53
 192711.666    64.693    -2.81    3.39
 193076.792    63.323    -3.75    3.38
 193441.997    63.099    -0.62    3.48
 193807.281    62.838    -0.71    3.43
 194172.645    63.870     2.82    3.40
 194538.087    65.247     3.77    3.63
 194903.609    66.382     3.10    3.80
 195269.210    67.333     2.60    4.69
 195634.890    67.055    -0.76    6.50
 196000.649    59.604   -20.38   13.13
 196366.488    53.059   -17.89   15.48
 196732.407    46.138   -18.92   14.57
