# NaN NaN NaN ;Mean Elev.(m), Avg Gradient(m/km), RMS Gradient(m/km) - SRTM1     
#   -7.748  -3.133   6.278 ;Mean Elev.(m), Avg Gradient(m/km), RMS Gradient(m/km) - ASTER GDEM
#   29.967  -2.143   4.501 ;Mean Elev.(m), Avg Gradient(m/km), RMS Gradient(m/km) - GMTED2010 
  8    10.631 52493.71777546 43.93  52.226788  65.771893 19.724
  8    10.458 52493.71777933 50.45  52.207929  65.790446 28.140
  8    10.538 52493.71777997 51.48  52.204779  65.793536 28.140
  8    10.643 52493.71778061 46.91  52.201629  65.796626 28.140
  9    12.909 52528.71775682 46.90  52.205500  65.768060 32.992
  9    12.754 52528.71775746 36.74  52.202360  65.771160 32.992
  9    12.829 52528.71775811 42.52  52.199210  65.774250 32.992
  9    12.808 52528.71775875 45.54  52.196070  65.777340 32.992
  9    12.724 52528.71775940 42.02  52.192920  65.780430 32.992
 10    10.395 52563.71778931 41.43  52.216949  65.769891 25.474
 10    14.708 52563.71779253 23.56  52.201229  65.785351 25.474
 10    15.158 52563.71779317 26.14  52.198079  65.788441 25.474
 11    11.735 52598.71781210 24.70  52.218436  65.768496 10.359
 11    11.831 52598.71781274 25.65  52.215296  65.771586 10.359
 11    11.874 52598.71781532 32.90  52.202726  65.783956 10.359
 11    11.806 52598.71781596 40.78  52.199586  65.787046 10.359
 12    11.505 52633.71776186 19.17  52.212280  65.765972  5.299
 12    10.875 52633.71776250 20.98  52.209140  65.769062  5.299
 12    13.945 52633.71776444 20.25  52.199710  65.778342  5.299
 12    13.958 52633.71776508 21.35  52.196570  65.781432  5.299
 13    12.943 52668.71777610 16.48  52.219773  65.768276  3.845
 13    11.862 52668.71777675 17.18  52.216633  65.771366  3.845
 13    13.701 52668.71777997 18.22  52.200913  65.786826  3.845
 13    13.693 52668.71778062 18.59  52.197773  65.789926  3.845
 14    12.800 52703.71775670 13.89  52.217687  65.766330  5.300
 14    13.623 52703.71775734 14.56  52.214547  65.769420  5.300
 14    13.217 52703.71775992 16.16  52.201967  65.781790  5.300
 14    13.384 52703.71776056 16.57  52.198817  65.784880  5.300
 15    15.659 52738.71779539  8.14  52.224458  65.770140  1.953
 15    15.605 52738.71779926  8.55  52.205603  65.788696  2.739
 15    15.723 52738.71779991  8.57  52.202453  65.791786  2.739
 16    15.149 52773.71774891 48.89  52.235135  65.771999 39.471
 16    15.156 52773.71774955 41.34  52.231995  65.775089 39.471
 16    15.148 52773.71775342 41.18  52.213135  65.793649 39.471
 16    15.006 52773.71775406 40.83  52.209995  65.796739 39.471
 16    15.149 52773.71775471 40.57  52.206845  65.799829 39.471
 17    15.076 52808.71781796 51.14  52.207346  65.767274 37.588
 17    15.056 52808.71781861 52.59  52.204196  65.770364 37.588
 17    15.075 52808.71781989 51.84  52.197906  65.776554 37.588
 17    15.123 52808.71782054 50.49  52.194766  65.779644 37.588
 18    10.529 52843.71787475 41.76  52.212535  65.765409 31.178
 18    11.762 52843.71787540 28.75  52.209395  65.768499 31.178
 18    11.791 52843.71787604 30.11  52.206255  65.771599 31.178
 18    10.510 52843.71787733 28.16  52.199965  65.777779 31.178
 18    15.366 52843.71787797 23.15  52.196815  65.780869 31.178
 18    15.477 52843.71787862 38.60  52.193675  65.783959 31.178
 19    10.507 52878.71791284 32.39  52.217139  65.766076 24.585
 19    10.671 52878.71791349 30.19  52.213999  65.769166 24.585
 19    15.002 52878.71791607 18.26  52.201429  65.781536 24.585
 19    14.809 52878.71791671 21.46  52.198279  65.784626 24.585
 20    12.212 52913.71787176 25.09  52.231859  65.773463 23.280
 20    12.002 52913.71787562 27.83  52.212999  65.792023 23.280
 20    15.501 52913.71787627 21.41  52.209859  65.795113 23.280
 20    15.986 52913.71787691 18.58  52.206709  65.798203 23.280
 20    14.080 52913.71787756 21.79  52.203569  65.801303 23.280
 21     9.653 52948.71782952 37.80  52.209653  65.767094 25.221
 21     9.705 52948.71783017 34.07  52.206513  65.770184 25.221
 21     9.601 52948.71783146 38.92  52.200223  65.776364 25.221
 21     9.760 52948.71783210 42.27  52.197073  65.779454 25.221
 21     9.685 52948.71783275 49.89  52.193923  65.782554 25.221
 23    13.872 53018.71785295 12.15  52.227432  65.770534  3.007
 23    13.136 53018.71785360 13.06  52.224292  65.773624  3.007
 23    15.271 53018.71785682 12.66  52.208582  65.789084  3.007
 23    15.519 53018.71785746 12.48  52.205432  65.792184  3.007
 23    15.733 53018.71785811 13.03  52.202292  65.795274  3.007
 24    13.936 53053.71783548 13.52  52.217620  65.765639  3.135
 24    13.343 53053.71783612 13.90  52.214480  65.768729  3.135
 24    13.635 53053.71783677 13.68  52.211330  65.771819  3.135
 24    15.050 53053.71783934 13.75  52.198750  65.784189  3.135
 25    14.607 53088.71787312 10.33  52.222347  65.769344  2.230
 25    14.546 53088.71787377 11.03  52.219207  65.772434  2.230
 25    15.275 53088.71787699 11.21  52.203497  65.787904  2.230
 25    15.666 53088.71787764 10.74  52.200347  65.790994  2.230
 26    10.089 53123.71784322 11.11  52.213662  65.767023  8.530
 26     9.924 53123.71784387 12.48  52.210522  65.770113  8.530
 26    14.133 53123.71784580 10.66  52.201092  65.779393  8.530
 26    14.545 53123.71784645 11.74  52.197942  65.782483  8.530
 27    17.395 53158.71790158 27.83  52.211719  65.766536 13.250
 27    17.468 53158.71790223 28.52  52.208579  65.769626 13.250
 27    18.202 53158.71790416 31.85  52.199149  65.778906 13.250
 27    18.504 53158.71790481 30.25  52.196009  65.781996 13.250
 28    13.360 53193.71789604 40.69  52.225214  65.768587 26.057
 28    13.189 53193.71789669 32.52  52.222074  65.771677 26.057
 28    12.408 53193.71789991 25.30  52.206354  65.787147 26.057
 28    15.471 53193.71790056 20.35  52.203214  65.790237 26.057
 28    16.673 53193.71790120 27.65  52.200064  65.793327 26.057
 29     9.406 53228.71789067 37.96  52.226199  65.770640 33.377
 29     9.141 53228.71789453 49.75  52.207339  65.789190 33.377
 29     9.134 53228.71789518 50.92  52.204199  65.792290 33.377
 29    10.045 53228.71789582 40.50  52.201049  65.795380 33.377
 30    10.278 53263.71786290 30.29  52.229956  65.771545 31.038
 30    10.211 53263.71786354 41.46  52.226816  65.774635 31.038
 30    10.194 53263.71786676 49.62  52.211106  65.790105 31.038
 30    10.226 53263.71786741 51.68  52.207956  65.793195 31.038
 30    10.043 53263.71786805 52.13  52.204816  65.796285 31.038
 31    10.910 53298.71790464 38.10  52.206286  65.766195 35.104
 31    11.076 53298.71790528 37.97  52.203146  65.769285 35.104
 31    11.045 53298.71790657 49.68  52.196866  65.775475 35.104
 31    10.886 53298.71790722 50.42  52.193716  65.778565 35.104
 32    10.858 53333.71787567 25.04  52.221043  65.768622 11.285
 32    10.894 53333.71787631 29.47  52.217903  65.771712 11.285
 32    10.888 53333.71787953 33.74  52.202183  65.787172 11.285
 32    13.443 53333.71788018 28.97  52.199033  65.790262 11.285
 33    14.067 53368.71781793 17.44  52.234370  65.771757  4.787
 33    13.154 53368.71781857 18.28  52.231230  65.774847  4.787
 33    14.858 53368.71782244 18.78  52.212370  65.793407  4.787
 33    15.159 53368.71782308 18.41  52.209230  65.796497  4.787
 33    14.925 53368.71782373 20.61  52.206080  65.799587  4.787
 34    13.056 53403.71784832 13.84  52.216616  65.767516  4.768
 34    13.529 53403.71784897 14.24  52.213476  65.770606  4.768
 34    14.284 53403.71785154 14.69  52.200896  65.782976  4.768
 34    14.247 53403.71785219 15.55  52.197756  65.786066  4.768
 35    13.740 53438.71783670 14.49  52.231005  65.770449  3.065
 35    12.952 53438.71783734 14.50  52.227865  65.773539  3.065
 35    15.380 53438.71784121 14.69  52.209005  65.792099  3.065
 35    15.641 53438.71784185 14.65  52.205865  65.795189  3.065
 35    15.434 53438.71784250 15.25  52.202715  65.798279  3.065
 36    13.815 53473.71789465  7.95  52.212391  65.766144  5.633
 36    14.287 53473.71789530  8.02  52.209251  65.769234  5.633
 36    14.547 53473.71789723  6.76  52.199821  65.778514  5.633
 36    14.636 53473.71789788  9.77  52.196681  65.781604  5.633
 37    17.236 53508.71791768 53.28  52.218975  65.768542 44.786
 37    17.250 53508.71791832 50.95  52.215835  65.771632 44.786
 37    17.352 53508.71792090 45.62  52.203265  65.784002 44.786
 37    17.258 53508.71792155 49.82  52.200115  65.787092 44.786
 38    13.541 53543.71792965 25.39  52.219345  65.768202 21.650
 38    14.066 53543.71793030 29.41  52.216205  65.771292 21.650
 38    14.074 53543.71793352 22.07  52.200485  65.786752 21.650
 39    10.175 53578.71791148 24.97  52.225624  65.770081 17.354
 39    10.149 53578.71791212 27.82  52.222484  65.773171 17.354
 39     9.871 53578.71791535 24.82  52.206774  65.788631 17.354
 39    10.044 53578.71791599 26.39  52.203624  65.791731 17.354
 39    10.188 53578.71791664 36.48  52.200474  65.794821 17.354
 40     9.900 53613.71786489 33.90  52.229338  65.770564 27.073
 40     9.839 53613.71786553 49.92  52.226198  65.773654 27.073
 40     9.803 53613.71786940 30.37  52.207338  65.792214 27.073
 40     9.968 53613.71787005 42.43  52.204198  65.795304 27.073
 41    11.511 53648.71787065 30.49  52.215476  65.767717 25.441
 41    11.453 53648.71787129 35.15  52.212326  65.770807 25.441
 41    11.356 53648.71787387 45.93  52.199756  65.783177 25.441
 41    11.327 53648.71787452 48.38  52.196606  65.786267 25.441
 42    12.681 53683.71788520 34.70  52.218597  65.768308 29.151
 42    12.513 53683.71788584 33.52  52.215457  65.771398 29.151
 42    12.807 53683.71788842 40.73  52.202887  65.783768 29.151
 42    13.426 53683.71788907 31.78  52.199737  65.786858 29.151
 43     9.590 53718.71781223 26.90  52.232889  65.771010 19.880
 43     9.547 53718.71781287 25.34  52.229749  65.774100 19.880
 43     9.724 53718.71781674 42.14  52.210889  65.792660 19.880
 43     9.731 53718.71781739 38.10  52.207749  65.795750 19.880
 43     9.572 53718.71781803 29.73  52.204599  65.798840 19.880
 44    10.557 53753.71773395 17.84  52.216500  65.768184  5.566
 44     9.951 53753.71773459 18.86  52.213360  65.771274  5.566
 44    14.070 53753.71773717 18.25  52.200780  65.783644  5.566
 44    10.623 53753.71773781 24.57  52.197640  65.786734  5.566
 45    11.881 53788.71776410 15.19  52.226612  65.770383  3.640
 45    11.722 53788.71776474 15.34  52.223472  65.773473  3.640
 45    14.893 53788.71776797 16.16  52.207752  65.788943  3.640
 45    15.488 53788.71776861 15.39  52.204612  65.792033  3.640
 45    15.489 53788.71776926 15.19  52.201462  65.795123  3.640
 46    12.090 53823.71771933 16.83  52.207836  65.766969  3.774
 46    12.197 53823.71771998 16.91  52.204696  65.770069  3.774
 46    13.704 53823.71772126 17.25  52.198406  65.776249  3.774
 46     9.436 53823.71772191 21.13  52.195256  65.779339  3.774
 46    14.173 53823.71772255 17.49  52.192106  65.782429  3.774
 47     9.596 53858.71781206 29.21  52.211951  65.767725 18.151
 47     9.506 53858.71781270 28.48  52.208801  65.770815 18.151
 47     9.549 53858.71781464 31.60  52.199371  65.780095 18.151
 47     9.684 53858.71781528 33.07  52.196231  65.783185 18.151
 48    16.426 53893.71782752 49.85  52.220738  65.767564 40.328
 48    16.408 53893.71782816 49.43  52.217598  65.770654 40.328
 48    16.265 53893.71783139 50.04  52.201878  65.786114 40.328
 48    16.232 53893.71783203 51.43  52.198728  65.789214 40.328
 49    10.556 53928.71788443 26.76  52.212458  65.766189 20.885
 49    11.588 53928.71788508 24.31  52.209318  65.769279 20.885
 49    14.793 53928.71788701 20.13  52.199888  65.778559 20.885
 49    15.298 53928.71788766 21.65  52.196748  65.781649 20.885
 50    12.004 53963.71786562 43.25  52.221108  65.768501 23.561
 50    12.268 53963.71786626 33.21  52.217968  65.771591 23.561
 50    11.962 53963.71786948 41.02  52.202258  65.787051 23.561
 50    11.821 53963.71787013 45.72  52.199108  65.790141 23.561
 51    10.872 53998.71781590 25.62  52.206278  65.764419 19.935
 51    10.959 53998.71781654 28.32  52.203138  65.767509 19.935
 51    10.977 53998.71781719 25.22  52.199988  65.770599 19.935
 51    14.456 53998.71781783 21.86  52.196848  65.773699 19.935
 51    15.067 53998.71781847 19.29  52.193698  65.776789 19.935
 51    15.226 53998.71781912 22.89  52.190548  65.779879 19.935
 52     9.688 54033.71786354 26.48  52.218020  65.767889 21.989
 52     9.629 54033.71786419 26.05  52.214870  65.770979 21.989
 52     9.486 54033.71786676 45.92  52.202300  65.783349 21.989
 52     9.301 54033.71786741 47.79  52.199150  65.786439 21.989
 54    13.356 54103.71781556 16.62  52.228994  65.773396  4.852
 54    15.477 54103.71781943 16.30  52.210144  65.791946  4.852
 54    15.780 54103.71782007 15.67  52.206994  65.795046  4.852
 54    15.945 54103.71782072 15.96  52.203854  65.798136  4.852
 55    12.939 54138.71778735 13.26  52.215343  65.766361  3.202
 55    13.671 54138.71778799 12.53  52.212203  65.769451  3.202
 55    14.310 54138.71779057 12.09  52.199623  65.781821  3.202
 55    15.222 54138.71779122 11.68  52.196473  65.784911  3.202
 56    15.178 54173.71779335 10.98  52.227220  65.769728  2.535
 56    14.613 54173.71779399 11.63  52.224080  65.772818  2.535
 56    15.371 54173.71779722 12.11  52.208370  65.788278  2.535
 56    15.514 54173.71779786 12.00  52.205220  65.791378  2.535
 56    15.672 54173.71779850 11.26  52.202080  65.794468  2.535
 57     9.885 54208.71779326 31.99  52.214398  65.765740 25.977
 57     9.828 54208.71779390 32.51  52.211258  65.768830 25.977
 57     9.718 54208.71779455 31.31  52.208118  65.771930 25.977
 57     9.836 54208.71779648 28.84  52.198688  65.781200 25.977
 57    14.677 54208.71779713 26.35  52.195538  65.784290 25.977
 58    16.661 54243.71782514 53.61  52.220401  65.768158 46.845
 58    16.618 54243.71782578 53.02  52.217261  65.771248 46.845
 58    16.533 54243.71782900 53.21  52.201541  65.786718 46.845
 58    16.556 54243.71782965 52.68  52.198401  65.789808 46.845
 59    16.635 54278.71783783 51.00  52.219812  65.768507 33.338
 59    16.475 54278.71783847 50.95  52.216672  65.771597 33.338
 59    16.537 54278.71784169 47.55  52.200952  65.787057 33.338
 59    16.512 54278.71784234 49.28  52.197812  65.790157 33.338
 60    11.927 54313.71783775 26.24  52.223955  65.768864 19.642
 60    11.971 54313.71783840 26.78  52.220815  65.771954 19.642
 60    11.525 54313.71784162 26.09  52.205095  65.787414 19.642
 60    11.465 54313.71784226 36.08  52.201955  65.790514 19.642
 61    14.528 54348.71780848 22.57  52.229921  65.770853 28.535
 61    13.043 54348.71780913 31.15  52.226781  65.773943 28.535
 61    12.865 54348.71781299 25.57  52.207921  65.792503 28.535
 61    13.074 54348.71781364 28.77  52.204781  65.795593 28.535
 62    11.650 54383.71777546 30.08  52.217023  65.767214 24.033
 62    11.860 54383.71777611 30.25  52.213873  65.770304 24.033
 62    11.663 54383.71777869 27.40  52.201303  65.782674 24.033
 62    11.754 54383.71777933 38.73  52.198153  65.785764 24.033
 63    10.462 54418.71775831 32.00  52.224590  65.772361 28.277
 63    10.822 54418.71776154 47.05  52.208880  65.787821 28.277
 63    10.815 54418.71776218 47.09  52.205730  65.790911 28.277
 63    10.719 54418.71776282 46.85  52.202590  65.794011 28.277
 64    10.698 54453.71774584 22.24  52.212092  65.765367  6.191
 64    10.696 54453.71774648 22.98  52.208942  65.768467  6.191
 64    10.700 54453.71774713 23.05  52.205802  65.771557  6.191
 64    10.793 54453.71774842 25.00  52.199512  65.777737  6.191
 64    13.919 54453.71774906 23.19  52.196372  65.780837  6.191
 65    13.762 54488.71775640 14.30  52.225252  65.768813  3.467
 65    12.787 54488.71775705 15.26  52.222112  65.771903  3.467
 65    13.727 54488.71776027 15.28  52.206402  65.787363  3.467
 65    15.202 54488.71776091 15.05  52.203252  65.790463  3.467
 65    15.433 54488.71776156 14.45  52.200102  65.793553  3.467
 66    13.425 54523.71775892 12.50  52.218895  65.766787  3.108
 66    13.081 54523.71775957 13.19  52.215755  65.769877  3.108
 66    14.575 54523.71776279 12.82  52.200035  65.785337  3.108
 66    15.259 54523.71776344 13.34  52.196885  65.788427  3.108
 67     9.833 54558.71776608 23.00  52.227865  65.769497 21.238
 67     9.746 54558.71776672 24.49  52.224725  65.772587 21.238
 67     9.286 54558.71776994 24.05  52.209015  65.788047 21.238
 67     9.386 54558.71777059 28.91  52.205865  65.791137 21.238
 67     9.138 54558.71777123 24.97  52.202725  65.794237 21.238
 68    13.107 54593.71775543 11.43  52.219341  65.768473  4.604
 68    12.905 54593.71775607 11.81  52.216201  65.771563  4.604
 68    14.031 54593.71775865 11.44  52.203621  65.783933  4.604
 68    15.112 54593.71775930 11.48  52.200481  65.787023  4.604
 69    17.603 54628.71776996 48.50  52.221864  65.768343 34.529
 69    17.510 54628.71777061 37.84  52.218724  65.771433 34.529
 69    17.567 54628.71777383 49.16  52.203004  65.786893 34.529
 69    17.631 54628.71777448 49.34  52.199854  65.789983 34.529
 70    11.357 54663.71777706 27.45  52.218533  65.767349 19.839
 70    11.254 54663.71777770 37.69  52.215393  65.770439 19.839
 70    11.127 54663.71778028 35.04  52.202823  65.782809 19.839
 70    11.096 54663.71778092 38.37  52.199673  65.785899 19.839
 71    10.814 54698.71775033 36.03  52.229960  65.771020 32.125
 71    11.175 54698.71775097 37.57  52.226820  65.774110 32.125
 71    10.871 54698.71775484 46.43  52.207960  65.792660 32.125
 71    10.742 54698.71775548 47.87  52.204810  65.795760 32.125
 72    11.001 54733.71773480 34.94  52.213174  65.766897 19.474
 72    10.973 54733.71773545 30.33  52.210034  65.769987 19.474
 72    11.251 54733.71773738 26.50  52.200604  65.779267 19.474
 72    10.975 54733.71773803 31.68  52.197454  65.782357 19.474
 73    12.022 54768.71772967 29.33  52.224108  65.768807 24.462
 73    11.934 54768.71773031 26.97  52.220968  65.771897 24.462
 73    11.748 54768.71773354 42.82  52.205248  65.787357 24.462
 73    11.854 54768.71773418 48.04  52.202108  65.790447 24.462
 73    11.965 54768.71773483 47.57  52.198958  65.793537 24.462
 74    11.421 54803.71772838 35.27  52.213900  65.765621 18.933
 74    11.391 54803.71772903 34.07  52.210760  65.768711 18.933
 74    11.544 54803.71772967 32.34  52.207610  65.771801 18.933
 74    11.645 54803.71773161 32.94  52.198180  65.781081 18.933
 74    14.304 54803.71773225 29.33  52.195040  65.784171 18.933
 75    13.624 54838.71772356 14.01  52.221631  65.768878  2.814
 75    12.873 54838.71772420 15.06  52.218491  65.771968  2.814
 75    14.629 54838.71772743 14.70  52.202771  65.787428  2.814
 75    15.428 54838.71772807 14.54  52.199621  65.790518  2.814
 76    12.887 54873.71772800 13.22  52.216873  65.766114  2.716
 76    12.575 54873.71772864 14.57  52.213733  65.769204  2.716
 76    14.207 54873.71773122 13.54  52.201153  65.781574  2.716
 76    14.871 54873.71773186 13.78  52.198013  65.784664  2.716
 77    12.037 54908.71773075 14.52  52.226275  65.772776  3.000
 77    15.113 54908.71773461 14.57  52.207415  65.791326  3.000
 77    15.438 54908.71773526 13.33  52.204275  65.794426  3.000
 78    13.750 54943.71772098  8.92  52.214815  65.765812  3.784
 78    13.033 54943.71772163  9.90  52.211675  65.768902  3.784
 78    14.138 54943.71772227 10.19  52.208525  65.771992  3.784
 78    14.136 54943.71772420 10.17  52.199095  65.781272  3.784
 78    14.652 54943.71772485  9.26  52.195955  65.784362  3.784
 79    16.354 54978.71774838 48.14  52.220528  65.768277 34.973
 79    16.167 54978.71774902 37.35  52.217388  65.771367 34.973
 79    16.217 54978.71775224 28.73  52.201668  65.786827 34.973
 79    16.270 54978.71775289 37.66  52.198518  65.789917 34.973
 80    13.028 55013.71775363 43.69  52.221838  65.768530 21.125
 80    13.147 55013.71775428 39.84  52.218698  65.771620 21.125
 80    14.003 55013.71775750 22.33  52.202978  65.787080 21.125
 80    15.742 55013.71775815 24.54  52.199828  65.790170 21.125
 81    10.866 55048.71774693 30.23  52.220771  65.768679 16.922
 81    10.676 55048.71774758 37.00  52.217631  65.771769 16.922
 81     9.620 55048.71775080 26.00  52.201911  65.787229 16.922
 81    13.818 55048.71775144 27.38  52.198761  65.790319 16.922
 82     9.592 55083.71771634 29.40  52.231434  65.771334 21.018
 82     9.541 55083.71771698 25.82  52.228294  65.774424 21.018
 82    15.085 55083.71772085 25.76  52.209434  65.792974 21.018
 82    10.182 55083.71772149 28.85  52.206294  65.796074 21.018
 82    10.152 55083.71772214 31.44  52.203144  65.799164 21.018
 83    12.551 55118.71767830 29.83  52.215851  65.766879 15.380
 83    12.670 55118.71767895 37.86  52.212711  65.769969 15.380
 83    14.413 55118.71768153 26.98  52.200131  65.782339 15.380
 83    12.515 55118.71768217 37.69  52.196991  65.785429 15.380
 84    10.368 55153.71767478 26.95  52.224505  65.768618 15.764
 84    10.203 55153.71767542 28.32  52.221365  65.771708 15.764
 84    10.656 55153.71767865 41.86  52.205645  65.787168 15.764
 84    10.719 55153.71767929 40.96  52.202505  65.790258 15.764
 84    10.485 55153.71767994 35.25  52.199355  65.793348 15.764
 85    10.534 55188.71766719 16.69  52.213627  65.766302  4.103
 85    13.588 55188.71766783 16.86  52.210487  65.769392  4.103
 85    13.959 55188.71766977 17.29  52.201057  65.778662  4.103
 85    13.701 55188.71767041 18.96  52.197907  65.781762  4.103
 85    13.845 55188.71767106 19.44  52.194767  65.784852  4.103
 86    13.373 55223.71767412 16.30  52.223641  65.768905  3.687
 86    12.368 55223.71767476 17.43  52.220501  65.771995  3.687
 86    14.726 55223.71767799 17.73  52.204781  65.787455  3.687
 86    15.079 55223.71767863 18.55  52.201641  65.790545  3.687
 87    10.450 55258.71766347 16.19  52.217959  65.769710  3.589
 87    13.459 55258.71766669 16.45  52.202239  65.785170  3.589
 87    13.589 55258.71766734 17.35  52.199089  65.788260  3.589
 88    13.292 55293.71766151  7.32  52.228851  65.770787 12.134
 88    12.393 55293.71766216  8.96  52.225711  65.773877 12.134
 88    12.197 55293.71766538 13.98  52.209991  65.789337 12.134
 88    15.441 55293.71766603 10.93  52.206851  65.792427 12.134
 88    15.388 55293.71766667 10.01  52.203701  65.795517 12.134
 89    16.107 55328.71764622 50.03  52.218529  65.768262 42.847
 89    16.107 55328.71764687 50.71  52.215389  65.771352 42.847
 89    16.171 55328.71764945 53.46  52.202809  65.783722 42.847
 89    16.042 55328.71765009 52.86  52.199669  65.786812 42.847
 90    14.774 55363.71764097 42.88  52.226319  65.769215 26.704
 90    14.637 55363.71764162 48.04  52.223179  65.772305 26.704
 90    14.482 55363.71764484 42.84  52.207459  65.787765 26.704
 90    14.399 55363.71764549 33.66  52.204319  65.790855 26.704
 90    16.041 55363.71764613 29.64  52.201169  65.793955 26.704
 91    10.933 55398.71765040 49.33  52.214069  65.766531 36.740
 91    10.719 55398.71765105 44.87  52.210929  65.769621 36.740
 91    10.321 55398.71765363 51.96  52.198349  65.781991 36.740
 91    10.309 55398.71765427 51.12  52.195209  65.785081 36.740
 92    10.895 55433.71765724 43.85  52.222896  65.769601 29.995
 92    10.948 55433.71765788 44.25  52.219756  65.772691 29.995
 92     9.873 55433.71766111 51.15  52.204036  65.788151 29.995
 92     9.867 55433.71766175 50.86  52.200886  65.791241 29.995
 93    11.622 55468.71761356 42.12  52.234157  65.771476 30.230
 93    11.394 55468.71761421 34.37  52.231017  65.774566 30.230
 93    11.540 55468.71761807 51.63  52.212167  65.793116 30.230
 93    11.538 55468.71761872 51.34  52.209017  65.796216 30.230
 93    11.536 55468.71761936 51.27  52.205867  65.799306 30.230
