-143648.932    16.111     0.00    2.51
-143273.955    15.273    -2.23    2.61
-142899.060    14.481    -2.11    2.68
-142524.245    15.353     2.33    4.02
-142149.512    18.306     7.88    5.82
-141774.859    23.157    12.95    7.11
-141400.286    27.131    10.61    6.17
-141025.795    28.777     4.40    4.84
-140651.384    27.470    -3.49    5.80
-140277.054    24.692    -7.42    5.93
-139902.804    21.656    -8.11    5.54
-139528.635    20.545    -2.97    5.35
-139154.546    19.177    -3.66    4.05
-138780.538    18.544    -1.69    3.31
-138406.610    19.605     2.84    4.52
-138032.762    21.120     4.05    5.81
-137658.995    21.300     0.48    6.40
-137285.308    20.718    -1.56    6.40
-136911.701    18.364    -6.30    6.62
-136538.173    16.440    -5.15    5.58
-136164.727    15.994    -1.19    5.24
-135791.360    16.814     2.19    4.94
-135418.072    19.329     6.74    4.60
-135044.865    22.698     9.03    4.22
-134671.738    24.653     5.24    3.37
-134298.690    25.244     1.58    3.17
-133925.723    25.494     0.67    3.23
-133552.835    25.784     0.78    3.85
-133180.026    27.315     4.11    4.06
-132807.297    28.671     3.64    3.29
-132434.648    30.292     4.35    2.87
-132062.078    31.460     3.13    3.30
-131689.587    32.721     3.39    4.19
-131317.176    35.182     6.61    5.42
-130944.845    36.553     3.68    5.09
-130572.592    37.110     1.50    5.02
-130200.419    34.367    -7.37    6.67
-129828.325    31.284    -8.29    6.44
-129456.310    27.925    -9.03    6.31
-129084.374    23.668   -11.45    5.28
-128712.517    22.017    -4.44    4.77
-128340.740    20.875    -3.07    4.26
-127969.041    18.867    -5.40    4.43
-127597.421    17.019    -4.97    6.88
-127225.880    13.050   -10.68    8.73
-126854.417     8.019   -13.55    8.73
-126483.034     4.503    -9.47    8.35
-126111.729     2.914    -4.28    8.17
-125740.502     2.625    -0.78    7.27
-125369.355     1.700    -2.49    7.07
-124998.285     0.494    -3.25    6.44
-124627.295    -0.081    -1.55    5.55
-124256.382    -1.171    -2.94    5.57
-123885.548    -0.341     2.24    6.01
-123514.793     0.660     2.70    6.05
-123144.116     1.481     2.22    5.94
-122773.517     0.610    -2.35    7.21
-122402.996    -2.102    -7.32    7.99
-122032.553     0.419     6.81   10.21
-121662.189     5.525    13.79   10.91
-121291.902     7.836     6.24    9.17
-120921.694     8.748     2.47    7.43
-120551.563     5.313    -9.28    7.25
-120181.510     2.901    -6.52    6.26
-119811.536     3.325     1.15    6.02
-119441.639     4.440     3.01    6.36
-119071.819     7.440     8.11    5.49
-118702.078     9.773     6.31    4.24
-118332.414    11.745     5.33    2.82
-117962.827    12.356     1.65    2.12
-117593.319    13.219     2.34    2.22
-117223.888    13.596     1.02    2.42
-116854.534    14.623     2.78    2.52
-116485.257    16.110     4.03    3.26
-116116.058    17.712     4.34    3.45
-115746.937    19.440     4.68    2.75
-115377.892    21.118     4.55    3.55
-115008.925    22.636     4.11    4.26
-114640.035    24.386     4.75    3.88
-114271.222    26.263     5.09    2.60
-113902.487    26.440     0.48    2.39
-113533.828    25.631    -2.19    2.69
-113165.246    23.284    -6.37    4.52
-112796.741    18.592   -12.73    6.47
-112428.313    14.117   -12.15    6.45
-112059.962     9.818   -11.67    4.59
-111691.688     7.244    -6.99    3.72
-111323.490     6.259    -2.68    3.94
-110955.369     7.482     3.32    4.42
-110587.325     8.844     3.70    3.58
-110219.358     9.545     1.91    2.24
-109851.467     8.852    -1.88    2.36
-109483.652     7.663    -3.23    2.34
-109115.914     7.523    -0.38    2.33
-108748.252     7.698     0.48    2.68
-108380.667     8.376     1.84    3.04
-108013.158     9.530     3.14    3.33
-107645.725     9.409    -0.33    3.63
-107278.369     8.235    -3.19    3.64
-106911.088     6.502    -4.72    4.11
-106543.884     4.706    -4.89    3.89
-106176.756     3.567    -3.10    3.75
-105809.704     2.179    -3.78    3.65
-105442.728     1.695    -1.32    3.20
-105075.828     1.824     0.35    2.70
-104709.004     1.951     0.35    3.37
-104342.255     3.513     4.26    3.52
-103975.583     4.494     2.68    3.24
-103608.986     4.850     0.97    2.73
-103242.465     4.533    -0.87    2.13
-102876.019     3.716    -2.23    2.50
-102509.650     2.825    -2.43    2.62
-102143.355     1.204    -4.43    2.04
-101777.137     0.929    -0.75    1.64
-101410.993     0.777    -0.42    1.60
-101044.926     0.856     0.22    2.40
-100678.933     0.961     0.29    2.69
-100313.016     2.131     3.20    3.18
 -99947.174     3.008     2.40    3.32
 -99581.408     4.176     3.19    3.41
 -99215.716     5.019     2.30    2.77
 -98850.100     6.473     3.98    3.58
 -98484.559     8.563     5.72    4.36
 -98119.093     9.535     2.66    4.03
 -97741.905     9.671     0.36    3.15
 -97360.783     8.712    -2.52    3.11
 -96979.744     7.365    -3.53    2.32
 -96598.788     6.472    -2.34    2.27
 -96217.914     6.044    -1.12    2.35
 -95837.123     5.151    -2.35    2.38
 -95456.415     4.450    -1.84    3.78
 -95075.789     3.884    -1.49    4.83
 -94695.246     4.151     0.70    5.81
 -94314.785     3.853    -0.78    6.40
 -93934.407     4.317     1.22    6.20
 -93554.111     4.373     0.15    6.54
 -93173.898     3.815    -1.47    7.82
 -92793.766     1.519    -6.04   10.11
 -92413.717    -1.879    -8.94   11.17
 -92033.750    -4.386    -6.60   10.43
 -91653.865    -7.358    -7.82    8.07
 -91274.063    -9.460    -5.54    6.05
 -90894.342   -10.168    -1.87    6.72
 -90514.703    -9.082     2.86    8.72
 -90135.146    -8.040     2.75   10.38
 -89755.671    -7.894     0.39   10.35
 -89376.277    -8.904    -2.66    9.21
 -88996.966    -9.650    -1.97    7.86
 -88617.736    -7.750     5.01    7.58
 -88238.587    -5.049     7.12    6.77
 -87859.520    -3.007     5.39    5.30
 -87480.535    -2.481     1.39    3.67
 -87101.631    -3.329    -2.24    3.54
 -86722.809    -4.116    -2.08    4.18
 -86344.068    -4.477    -0.95    4.28
 -85965.408    -2.011     6.51    5.63
 -85586.830     0.940     7.79    5.86
 -85208.333     4.507     9.43    5.69
 -84829.917     7.376     7.58    5.76
 -84451.582     8.279     2.39    5.71
 -84073.328     9.270     2.62    4.90
 -83695.155     9.911     1.70    5.16
 -83317.063    11.621     4.52    6.37
 -82939.052    11.406    -0.57    6.90
 -82561.122     9.617    -4.73    7.85
 -82183.273     6.695    -7.73    8.35
 -81805.504     2.605   -10.83    5.53
 -81427.817     0.573    -5.38    3.17
 -81050.209    -0.154    -1.93    2.83
 -80672.683     0.080     0.62    2.64
 -80295.237     1.558     3.92    3.31
 -79917.871     2.313     2.00    3.22
 -79540.586     2.397     0.22    3.05
 -79163.381     2.917     1.38    3.38
 -78786.257     3.322     1.07    2.85
 -78409.213     4.606     3.41    2.13
 -78032.249     5.909     3.45    2.50
 -77655.365     7.729     4.83    5.07
 -77278.562     9.966     5.94    6.28
 -76901.838    11.462     3.97    6.49
 -76525.195    10.440    -2.71    6.80
 -76148.632     7.917    -6.70    5.85
 -75772.148     6.546    -3.64    3.89
 -75395.745     6.732     0.49    3.28
 -75019.421     6.825     0.25    3.46
 -74643.177     6.758    -0.18    3.53
 -74267.013     6.940     0.48    4.00
 -73890.928     6.407    -1.42    4.44
 -73514.923     8.365     5.21    5.61
 -73138.998     9.559     3.18    5.49
 -72763.153     9.535    -0.07    5.43
 -72387.386     8.853    -1.81    5.65
 -72011.700     6.977    -4.99    4.54
 -71636.092     6.110    -2.31    4.65
 -71260.564     6.993     2.35    6.31
 -70885.115     7.546     1.47    6.76
 -70509.746     6.967    -1.54    7.28
 -70134.456     6.376    -1.57    6.52
 -69759.244     6.135    -0.64    6.44
 -69384.112     5.280    -2.28    6.75
 -69009.059     2.748    -6.75    8.36
 -68634.085    -0.911    -9.76    8.31
 -68259.190    -3.964    -8.14    4.97
 -67884.374    -3.337     1.67    5.18
 -67509.637    -0.571     7.38    6.40
 -67134.978     1.333     5.08    7.26
 -66760.398     1.853     1.39    7.50
 -66385.897     0.812    -2.78    6.38
 -66011.475     0.784    -0.07    5.27
 -65637.131     0.482    -0.81    4.51
 -65262.866     1.040     1.49    4.27
 -64888.679     0.388    -1.74    4.20
 -64514.571    -0.827    -3.25    4.43
 -64140.541    -1.654    -2.21    4.10
 -63766.589    -2.583    -2.48    3.52
 -63392.716    -2.954    -0.99    3.35
 -63018.921    -3.424    -1.26    3.21
 -62645.204    -2.373     2.81    4.15
 -62271.565    -1.099     3.41    5.11
 -61898.005    -0.773     0.87    5.29
 -61524.522    -0.732     0.11    4.96
 -61151.118    -1.858    -3.02    4.88
 -60777.792    -1.954    -0.26    4.78
 -60404.543    -2.050    -0.26    4.51
 -60031.372    -3.517    -3.93    4.24
 -59658.280    -3.969    -1.21    3.53
 -59285.265    -4.066    -0.26    3.51
 -58912.327    -3.422     1.73    3.88
 -58539.468    -2.313     2.97    3.50
 -58166.686    -2.234     0.21    3.07
 -57793.981    -1.808     1.14    3.84
 -57421.354    -0.198     4.32    5.20
 -57048.805     1.745     5.21    6.02
 -56676.333     4.906     8.49    4.05
 -56303.939     6.275     3.68    3.00
 -55931.621     6.140    -0.36    3.33
 -55559.381     5.461    -1.82    3.37
 -55187.219     5.106    -0.95    3.64
 -54815.133     4.950    -0.42    3.90
 -54443.125     5.077     0.34    3.72
 -54071.194     4.300    -2.09    3.61
 -53699.340     3.698    -1.62    3.55
 -53327.563     5.179     3.98    4.17
 -52955.862     7.099     5.17    3.77
 -52584.239     7.730     1.70    3.16
 -52212.693     7.493    -0.64    2.76
 -51841.223     4.547    -7.93    4.66
 -51469.831     1.950    -6.99    5.04
 -51098.515    -0.714    -7.18    4.07
 -50727.275    -1.869    -3.11    3.20
 -50356.113    -1.107     2.05    3.28
 -49985.026    -0.356     2.02    3.49
 -49614.017     0.313     1.80    3.01
 -49243.084     0.387     0.20    2.49
 -48872.227     0.606     0.59    2.21
 -48501.447     0.418    -0.51    2.13
 -48130.743    -0.028    -1.20    2.05
 -47760.116    -0.255    -0.61    1.72
 -47389.564    -0.538    -0.76    2.13
 -47019.089    -1.786    -3.37    3.79
 -46648.690    -3.223    -3.88    4.16
 -46278.367    -3.818    -1.61    4.09
 -45908.121    -3.454     0.98    3.70
 -45537.950    -2.705     2.02    3.13
 -45167.855    -1.879     2.23    2.77
 -44797.837    -1.661     0.59    2.74
 -44427.894    -0.883     2.10    2.67
 -44058.027     0.294     3.18    2.86
 -43688.235     0.440     0.40    3.61
 -43318.520     0.595     0.42    4.47
 -42948.880    -0.401    -2.69    4.76
 -42579.316    -1.351    -2.57    4.59
 -42209.828    -2.858    -4.08    4.44
 -41840.415    -4.050    -3.23    3.99
 -41471.077    -5.337    -3.49    2.96
 -41101.815    -6.485    -3.11    1.43
 -40732.629    -6.738    -0.69    0.88
 -40363.518    -6.625     0.31    0.29
 -39994.482    -6.572     0.14    0.11
 -39625.521    -6.560     0.03    0.00
 -39256.636    -6.560     0.00    0.00
 -38887.826    -6.560     0.00    0.00
 -38519.091    -6.560     0.00    0.00
 -38150.431    -6.560     0.00    0.00
 -37781.847    -6.560     0.00    0.00
 -37413.337    -6.560     0.00    0.00
 -37044.902    -6.560     0.00    0.00
 -36676.542    -6.560     0.00    0.00
 -36308.258    -6.560     0.00    0.00
 -35940.047    -6.560     0.00    0.00
 -35571.912    -6.560     0.00    0.00
 -35203.852    -6.424     0.37    0.35
 -34835.866    -6.033     1.06    0.79
 -34467.955    -5.549     1.32    0.92
 -34100.118    -5.023     1.43    0.77
 -33732.356    -4.680     0.93    0.42
 -33364.669    -4.560     0.33    0.00
 -32997.056    -4.560     0.00    0.00
 -32629.517    -4.560     0.00    0.00
 -32262.053    -4.560     0.00    0.00
 -31894.663    -4.560     0.00    0.00
 -31527.347    -4.560     0.00    0.00
 -31160.106    -4.560     0.00    0.00
 -30792.939    -4.560     0.00    0.00
 -30425.846    -4.560     0.00    0.00
 -30058.827    -4.560     0.00    0.00
 -29691.883    -4.560     0.00    0.00
 -29325.012    -4.560     0.00    0.00
 -28958.215    -4.560     0.00    0.00
 -28591.492    -4.560     0.00    0.00
 -28224.844    -4.560     0.00    0.00
 -27858.269    -4.560     0.00    0.00
 -27491.767    -4.560     0.00    0.00
 -27125.340    -4.560     0.00    0.00
 -26758.986    -4.560     0.00    0.00
 -26392.706    -4.448     0.31    0.38
 -26026.500    -4.345     0.28    0.49
 -25660.367    -4.321     0.07    0.52
 -25294.308    -4.351    -0.08    0.48
 -24928.322    -4.496    -0.40    0.29
 -24562.409    -4.560    -0.17    0.00
 -24196.571    -4.560     0.00    0.00
 -23830.805    -4.560     0.00    0.00
 -23465.113    -4.560     0.00    0.00
 -23092.506    -4.560     0.00    0.00
 -22711.547    -4.125     1.14    0.83
 -22330.668    -3.625     1.31    1.00
 -21949.871    -3.055     1.50    0.87
 -21569.154    -2.627     1.12    0.36
 -21188.517    -2.560     0.18    0.00
 -20807.961    -2.560     0.00    0.00
 -20427.485    -2.560     0.00    0.00
 -20047.090    -2.560     0.00    0.00
 -19666.775    -2.560     0.00    0.00
 -19286.540    -2.560     0.00    0.00
 -18906.385    -2.560     0.00    0.00
 -18526.311    -2.560     0.00    0.00
 -18146.316    -2.560     0.00    0.00
 -17766.402    -2.560     0.00    0.00
 -17386.568    -2.560     0.00    0.00
 -17006.814    -2.560     0.00    0.00
 -16627.139    -2.560     0.00    0.00
 -16247.545    -2.560     0.00    0.00
 -15868.030    -2.560     0.00    0.00
 -15488.595    -2.538     0.06    0.15
 -15109.240    -2.379     0.42    0.87
 -14729.964    -1.949     1.13    1.89
 -14350.768    -1.614     0.88    2.41
 -13971.652    -1.227     1.02    2.89
 -13592.615    -1.464    -0.63    2.31
 -13213.658    -1.560    -0.25    1.63
 -12834.780    -1.754    -0.51    1.29
 -12455.981    -1.659     0.25    1.63
 -12077.262    -1.419     0.63    2.36
 -11698.622    -1.937    -1.37    2.03
 -11320.061    -2.147    -0.56    1.67
 -10941.579    -1.732     1.10    1.74
 -10563.177    -1.472     0.69    1.41
 -10184.853    -1.216     0.68    0.88
  -9806.609    -0.832     1.02    0.58
  -9428.443    -0.560     0.72    0.00
  -9050.357    -0.560     0.00    0.00
  -8672.349    -0.560     0.00    0.00
  -8294.420    -0.560     0.00    0.00
  -7916.570    -0.560     0.00    0.00
  -7538.799    -0.560     0.00    0.00
  -7161.106    -0.560     0.00    0.00
  -6783.492    -0.560     0.00    0.00
  -6405.957    -0.484     0.20    0.34
  -6028.500    -0.386     0.26    0.87
  -5651.122    -0.560    -0.46    1.31
  -5273.822    -0.656    -0.25    1.66
  -4896.600    -1.305    -1.72    2.53
  -4519.457    -1.316    -0.03    3.15
  -4142.392    -0.727     1.56    3.61
  -3765.405    -0.571     0.41    4.00
  -3388.497     0.631     3.19    3.84
  -3011.667     1.709     2.86    4.31
  -2634.914     3.013     3.46    5.03
  -2258.240     3.214     0.53    4.78
  -1881.644     2.633    -1.54    5.14
  -1505.126     1.580    -2.80    4.37
  -1128.686     0.315    -3.36    2.29
   -752.323    -0.528    -2.24    1.49
   -376.039    -0.481     0.13    1.41
      0.168    -0.130     0.93    1.18
    376.297     0.383     1.36    0.70
    752.349     0.580     0.52    0.50
   1128.323     0.519    -0.16    0.31
   1504.219     0.698     0.47    0.44
   1880.038     0.985     0.76    0.50
   2255.779     1.225     0.64    0.41
   2631.443     1.440     0.57    0.00
   3007.029     1.440     0.00    0.00
   3382.538     1.440     0.00    0.00
   3757.970     1.440     0.00    0.00
   4133.325     1.428    -0.03    0.11
   4508.602     1.397    -0.08    0.33
   4883.802     1.440     0.11    0.00
   5258.925     1.440     0.00    0.00
   5633.971     1.440     0.00    0.00
   6008.940     1.440     0.00    0.00
   6383.832     1.440     0.00    0.00
   6758.648     1.440     0.00    0.00
   7133.386     1.440     0.00    0.00
   7508.047     1.440     0.00    0.00
   7882.632     1.440     0.00    0.00
   8257.140     1.440     0.00    0.00
   8631.571     1.440     0.00    0.00
   9005.926     1.440     0.00    0.00
   9380.204     1.440     0.00    0.00
   9754.405     1.440     0.00    0.00
  10128.530     1.440     0.00    0.00
  10502.579     1.440     0.00    0.00
  10876.551     1.440     0.00    0.00
  11250.447     1.440     0.00    0.00
  11624.266     1.440     0.00    0.00
  11998.009     1.440     0.00    0.00
  12371.676     1.440     0.00    0.00
  12745.267     1.440     0.00    0.00
  13118.782     1.474     0.09    0.18
  13492.220     1.562     0.24    0.33
  13865.583     1.642     0.21    0.40
  14238.870     1.762     0.32    0.47
  14612.080     1.862     0.27    0.50
  14985.215     2.179     0.85    0.64
  15358.274     2.572     1.05    0.70
  15731.257     2.988     1.12    0.62
  16104.164     3.330     0.92    0.31
  16476.996     3.440     0.29    0.00
  16849.752     3.440     0.00    0.00
  17222.432     3.440     0.00    0.00
  17595.037     3.440     0.00    0.00
  17967.566     3.440     0.00    0.00
  18340.020     3.440     0.00    0.00
  18712.398     3.440     0.00    0.00
  19084.701     3.440     0.00    0.00
  19456.928     3.440     0.00    0.00
  19829.081     3.440     0.00    0.00
  20201.158     3.440     0.00    0.00
  20573.159     3.440     0.00    0.00
  20945.086     3.440     0.00    0.00
  21316.937     3.440     0.00    0.00
  21688.714     3.440     0.00    0.00
  22060.415     3.440     0.00    0.00
  22432.041     3.440     0.00    0.00
  22803.593     3.440     0.00    0.00
  23175.069     3.440     0.00    0.00
  23546.471     3.606     0.45    0.37
  23917.798     3.809     0.55    0.49
  24289.050     4.099     0.78    0.48
  24660.227     4.342     0.65    0.30
  25031.330     4.440     0.26    0.00
  25402.358     4.539     0.27    0.30
  25773.312     4.773     0.63    0.47
  26144.191     5.044     0.73    0.49
  26514.995     5.300     0.69    0.35
  26885.725     5.440     0.38    0.00
  27256.381     5.440     0.00    0.00
  27626.962     5.440     0.00    0.00
  27997.469     5.440     0.00    0.00
  28367.901     5.440     0.00    0.00
  28738.260     5.440     0.00    0.00
  29108.544     5.440     0.00    0.00
  29478.754     5.440     0.00    0.00
  29848.890     5.440     0.00    0.00
  30218.952     5.440     0.00    0.00
  30588.940     5.440     0.00    0.00
  30958.854     5.440     0.00    0.00
  31328.694     5.440     0.00    0.00
  31698.460     5.472     0.09    0.23
  32068.152     5.497     0.07    0.35
  32437.771     5.396    -0.27    0.51
  32807.316     5.044    -0.95    1.10
  33176.787     4.733    -0.84    1.46
  33546.184     4.535    -0.54    1.53
  33915.508     4.718     0.49    2.09
  34284.758     5.349     1.71    2.54
  34653.935     7.483     5.78    3.24
  35023.038    11.269    10.26    6.39
  35392.068    15.989    12.79    9.50
  35761.024    18.106     5.74    8.88
  36129.907    17.483    -1.69    7.96
  36498.717    15.253    -6.05    7.78
  36867.454    12.240    -8.17    7.41
  37236.117     9.146    -8.39    5.33
  37604.707     6.624    -6.84    0.64
  37973.224     6.451    -0.47    0.10
  38341.668     6.440    -0.03    0.00
  38710.038     6.440     0.00    0.00
  39078.336     6.440     0.00    0.00
  39446.561     6.440     0.00    0.00
  39814.713     6.440     0.00    0.00
  40182.792     6.440     0.00    0.00
  40550.798     6.440     0.00    0.00
  40918.732     6.440     0.00    0.00
  41286.592     6.440     0.00    0.00
  41654.380     6.440     0.00    0.00
  42022.095     6.440     0.00    0.00
  42389.738     6.440     0.00    0.34
  42757.308     6.070    -1.01    0.99
  43124.806     5.789    -0.77    1.99
  43492.231     5.590    -0.54    2.97
  43859.583     4.984    -1.65    3.68
  44226.863     5.517     1.45    3.74
  44594.071     6.319     2.18    4.18
  44961.207     8.642     6.33    5.09
  45328.270    10.451     4.93    4.28
  45695.261    11.462     2.76    3.06
  46062.180    11.638     0.48    2.89
  46429.026    12.014     1.03    2.74
  46795.801    13.027     2.76    3.04
  47162.503    14.382     3.69    3.05
  47529.134    15.614     3.36    2.90
  47895.692    16.051     1.19    2.87
  48262.179    16.506     1.24    2.77
  48628.593    17.805     3.54    3.31
  48994.936    18.695     2.43    3.42
  49361.207    19.769     2.93    3.01
  49727.406    19.693    -0.21    2.72
  50093.534    19.660    -0.09    3.39
  50459.590    21.616     5.35    5.19
  50825.574    23.736     5.79    6.48
  51191.486    26.440     7.39    6.58
  51559.865    27.682     3.37    5.95
  51940.663    26.796    -2.33    7.63
  52321.383    24.539    -5.93    8.26
  52702.024    21.707    -7.44    7.77
  53082.587    19.755    -5.13    6.11
  53463.072    18.265    -3.91    2.93
  53843.478    17.451    -2.14    2.70
  54223.806    16.812    -1.68    2.52
  54604.056    16.646    -0.44    2.32
  54984.227    15.024    -4.27    3.26
  55364.320    13.945    -2.84    4.34
  55744.336    13.058    -2.34    4.99
  56124.273    12.286    -2.03    4.48
  56504.132    12.739     1.19    3.70
  56883.913    14.262     4.01    4.34
  57263.616    18.095    10.09    6.85
  57643.242    21.473     8.90    7.78
  58022.789    23.811     6.16    7.64
  58402.259    22.462    -3.55    8.25
  58781.651    18.806    -9.63    7.98
  59160.965    15.342    -9.13    4.92
  59540.202    13.818    -4.02    2.99
  59919.361    14.099     0.74    3.70
  60298.443    13.165    -2.46    3.88
  60677.447    12.727    -1.16    3.74
  61056.374    14.417     4.46    5.52
  61435.223    16.474     5.43    7.75
  61813.995    18.747     6.00    7.49
  62192.689    18.946     0.52    5.72
  62571.307    18.418    -1.39    3.53
  62949.847    18.742     0.86    2.99
  63328.310    19.867     2.97    3.62
  63706.696    21.181     3.47    3.86
  64085.004    21.206     0.07    3.80
  64463.236    21.300     0.25    3.53
  64841.391    23.528     5.89    5.35
  65219.469    27.146     9.57    7.91
  65597.470    30.187     8.05    8.86
  65975.394    33.749     9.43   10.25
  66353.241    36.212     6.52    9.76
  66731.012    38.044     4.85    7.69
  67108.706    38.516     1.25    6.07
  67486.323    38.219    -0.79    5.48
  67863.864    37.353    -2.29    5.71
  68241.328    37.730     1.00    7.11
  68618.715    40.352     6.95   10.38
  68996.026    43.987     9.63   11.92
  69373.261    45.806     4.82   11.03
  69750.419    46.546     1.96    8.64
  70127.501    47.649     2.92    5.48
  70504.507    48.999     3.58    4.34
  70881.436    52.103     8.23    7.07
  71258.290    54.285     5.79    8.36
  71635.067    56.586     6.11    9.20
  72011.768    58.356     4.70    9.46
  72388.392    60.879     6.70    9.17
  72764.941    64.557     9.77    7.46
  73141.414    67.429     7.63    6.34
  73517.811    69.261     4.87    6.19
  73894.133    71.319     5.47    6.03
  74270.378    74.014     7.16    4.97
  74646.547    77.527     9.34    5.68
  75022.641    81.727    11.17    6.85
  75398.659    85.715    10.60    6.35
  75774.602    89.899    11.13    4.03
  76150.469    92.143     5.97    3.27
  76526.260    93.593     3.86    3.03
  76901.976    94.395     2.14    2.66
  77277.616    94.083    -0.83    2.91
  77653.181    91.361    -7.25    4.10
  78028.670    87.898    -9.22    4.95
  78404.085    84.552    -8.91    5.49
  78779.423    82.416    -5.69    4.16
  79154.687    82.220    -0.52    3.42
  79529.876    83.404     3.16    3.58
  79904.989    86.022     6.98    4.51
  80280.027    88.678     7.08    4.79
  80654.990    92.407     9.95    4.71
  81029.878    96.010     9.61    3.32
  81404.691    97.559     4.13    2.55
  81779.430    97.922     0.97    3.07
  82154.093    97.198    -1.93    4.03
  82528.681    96.606    -1.58    4.15
  82903.195    98.273     4.45    5.96
  83277.634    99.928     4.42    6.11
  83651.998   100.878     2.54    5.72
  84026.288   100.404    -1.27    6.40
  84400.503    97.721    -7.17    6.56
  84774.643    96.440    -3.42    6.47
  85148.709    95.884    -1.49    7.07
  85522.700    94.161    -4.61    8.79
  85896.617    93.671    -1.31    8.55
  86270.460    92.568    -2.95    7.45
  86644.228    94.132     4.19    6.94
  87017.922    96.316     5.84    5.35
  87391.541    99.372     8.18    6.10
  87765.087   102.316     7.88    7.16
  88138.558   108.143    15.60   10.05
  88511.955   115.565    19.87   14.03
  88885.278   124.840    24.84   14.44
  89258.527   131.060    16.67   11.65
  89631.702   134.664     9.66    5.31
  90004.803   136.588     5.15    3.60
  90377.830   138.651     5.53    4.65
  90750.783   140.974     6.23    5.96
  91123.662   146.318    14.33    7.55
  91496.468   151.508    13.92    9.19
  91869.199   157.394    15.79    9.19
  92241.857   162.889    14.74    7.69
  92614.442   166.326     9.22    6.87
  92986.953   167.985     4.45    6.39
  93359.390   168.290     0.82    6.06
  93731.754   168.540     0.67    5.14
  94104.044   169.187     1.74    3.33
  94476.261   169.165    -0.06    2.96
  94848.404   170.656     4.01    2.98
  95220.474   172.473     4.88    3.36
  95592.471   174.808     6.28    4.23
  95964.394   175.429     1.67    5.40
  96336.245   173.630    -4.84    7.47
  96708.022   169.884   -10.08    7.30
  97079.726   165.404   -12.05    6.18
  97451.356   160.642   -12.81    6.92
  97822.914   156.225   -11.89    7.34
  98194.399   151.181   -13.58    6.72
  98565.811   146.099   -13.68    5.98
  98937.150   140.900   -14.00    6.03
  99308.416   138.198    -7.28    4.98
  99679.609   138.396     0.53    5.20
 100050.729   139.811     3.81    6.08
 100421.777   143.206     9.15    6.86
 100792.752   146.129     7.88    7.06
 101163.654   147.766     4.41    7.30
 101534.483   147.985     0.59    6.66
 101905.241   146.747    -3.34    5.34
 102275.925   145.226    -4.10    3.44
 102646.537   144.154    -2.89    1.54
 103017.076   144.429     0.74    1.72
 103387.544   144.394    -0.09    2.67
 103757.938   143.529    -2.34    4.23
 104128.261   141.812    -4.64    6.24
 104498.511   137.724   -11.04    7.95
 104868.689   133.464   -11.51    8.43
 105238.794   132.035    -3.86    8.28
 105608.828   132.367     0.90    8.12
 105978.789   134.951     6.98    6.09
 106348.678   137.187     6.04    5.22
 106718.496   139.051     5.04    6.64
 107088.241   141.601     6.90    8.74
 107457.914   145.618    10.87    8.81
 107827.516   148.484     7.76    6.61
 108197.045   147.294    -3.22    7.26
 108566.503   141.701   -15.14   10.49
 108935.889   133.315   -22.70   12.81
 109305.203   126.260   -19.10   11.93
 109674.445   120.440   -15.76   11.18
 110043.616   112.973   -20.22   14.81
 110412.715   102.083   -29.50   21.45
 110781.743    88.929   -35.64   21.93
 111150.699    76.917   -32.55   13.62
 111519.584    79.136     6.02   16.42
 111888.397    93.154    38.00   26.25
 112257.138   109.474    44.25   27.24
 112625.809   125.642    43.85   21.94
 112994.408   138.518    34.93   22.65
 113362.935   149.440    29.63   22.08
 113731.392   156.799    19.97   19.89
 114099.777   163.204    17.38   19.45
 114468.091   167.867    12.66   19.88
 114836.334   172.803    13.40   17.58
 115204.506   177.360    12.38   11.02
 115572.607   174.856    -6.80   12.06
 115940.636   163.497   -30.86   20.71
 116308.595   145.849   -47.96   24.83
 116676.483   128.021   -48.46   21.18
 117044.300   116.651   -30.91   13.39
 117412.046   109.184   -20.30    8.04
 117779.722   103.049   -16.68   11.41
 118147.326   101.550    -4.08   12.29
 118514.860   109.047    20.40   20.37
 118882.324   119.198    27.62   23.94
 119249.716   135.732    45.00   18.59
 119617.038   148.372    34.41   12.67
 119984.290   158.429    27.38   14.23
 120351.471   164.854    17.50   16.24
 120718.581   175.819    29.87   15.59
 121085.621   182.984    19.52   13.34
 121452.591   186.719    10.18   12.85
 121819.490   188.055     3.64   13.76
 122186.319   187.725    -0.90   14.29
 122553.078   188.209     1.32   12.81
 122919.766   188.769     1.53   10.86
 123286.384   186.294    -6.75    8.97
 123652.933   182.463   -10.45    9.56
 124019.411   174.563   -21.55   11.96
 124385.819   166.406   -22.26   11.82
 124752.156   160.531   -16.04   11.06
 125118.424   157.622    -7.94   12.76
 125484.622   153.854   -10.29   14.96
 125850.750   150.698    -8.62   14.43
 126216.808   146.354   -11.87   12.43
 126595.869   144.542    -4.78   10.42
 126976.431   145.207     1.75    9.24
 127356.917   145.451     0.64   11.45
 127737.327   145.137    -0.82   14.46
 128117.660   144.829    -0.81   13.14
 128497.917   146.997     5.70   12.78
 128878.098   149.249     5.92   11.40
 129258.202   151.815     6.75   10.70
 129638.231   156.184    11.50   10.44
 130018.183   159.162     7.84   10.51
 130398.060   160.326     3.06    9.80
 130777.860   159.144    -3.11   11.21
 131157.584   157.428    -4.52   13.36
 131537.233   155.440    -5.24   13.48
 131916.805   156.630     3.14   13.70
 132296.302   158.019     3.66   12.73
 132675.723   160.856     7.48   10.96
 133055.069   165.013    10.96   11.98
 133434.338   168.440     9.03   12.46
 133813.532   171.820     8.91   12.13
 134192.650   174.749     7.73   10.50
 134571.693   178.395     9.62   11.96
 134950.660   183.269    12.86   11.79
 135329.552   188.599    14.07   12.03
 135708.368   195.583    18.43    9.16
 136087.109   198.781     8.44    6.11
 136465.775   200.707     5.09    3.86
 136844.365   201.035     0.87    4.64
 137222.881   201.672     1.68    4.73
 137601.320   202.024     0.93    3.98
 137979.685   204.704     7.08    5.41
 138357.975   207.383     7.08    6.21
 138736.189   211.382    10.57    6.08
 139114.329   216.141    12.58    4.53
 139492.394   219.565     9.06    4.44
 139870.383   221.224     4.39    4.13
 140248.298   219.303    -5.08    7.61
 140626.138   216.360    -7.79    9.01
 141003.903   212.359   -10.59    8.67
 141381.593   208.348   -10.62    7.33
 141759.209   205.099    -8.60    5.94
 142136.750   203.065    -5.39    4.41
 142514.216   202.495    -1.51    4.18
 142891.608   203.196     1.86    4.01
 143268.925   203.553     0.95    3.25
 143646.168   205.095     4.09    5.66
 144023.336   210.315    13.84    8.91
 144400.430   214.847    12.02    8.03
 144777.450   218.372     9.35    4.73
 145154.395   218.370    -0.00    4.34
 145531.266   216.384    -5.27    3.63
 145908.063   214.777    -4.26    3.47
 146284.785   214.495    -0.75    4.86
 146661.434   213.035    -3.88    6.83
 147038.008   210.359    -7.10    8.09
 147414.508   206.306   -10.77    8.60
 147790.934   200.361   -15.79    8.07
 148167.286   196.825    -9.39    6.98
 148543.565   195.394    -3.80    5.59
 148919.769   193.845    -4.12    5.02
 149295.900   192.099    -4.64    5.80
 149671.956   189.856    -5.96    6.76
 150047.939   185.928   -10.45    7.44
 150423.849   182.671    -8.66    6.08
 150799.684   180.106    -6.82    4.56
 151175.446   178.647    -3.88    4.91
 151551.135   179.372     1.93    5.48
 151926.750   182.452     8.20    7.94
 152302.291   186.262    10.14    8.48
 152677.759   191.281    13.37    8.19
 153053.154   194.829     9.45    6.30
 153428.475   195.708     2.34    5.80
 153803.722   196.008     0.80    5.39
 154178.897   194.428    -4.21    5.70
 154553.998   193.750    -1.81    6.04
 154929.026   194.464     1.90    6.64
 155303.981   198.451    10.63    7.83
 155678.863   203.098    12.40    8.29
 156053.672   205.629     6.75    8.90
 156428.408   205.874     0.65   12.21
 156803.070   203.167    -7.22   15.36
 157177.660   200.476    -7.18   15.24
 157552.177   199.106    -3.66   13.29
 157926.621   200.489     3.69   11.26
 158300.992   205.951    14.59    9.70
 158675.291   211.489    14.79   10.04
 159049.516   218.206    17.95    9.98
 159423.669   224.249    16.15    6.82
 159797.750   227.247     8.01    4.27
 160171.757   227.635     1.04    3.88
 160545.693   227.060    -1.54    5.16
 160919.555   227.342     0.75    7.12
 161293.345   228.303     2.57    8.63
 161667.063   230.922     7.01   10.10
 162040.709   234.429     9.38    9.87
 162414.282   238.127     9.90   10.45
 162787.782   245.049    18.53   12.00
 163161.211   252.281    19.36   13.63
 163534.567   259.894    20.39   11.63
 163907.851   264.659    12.76    8.93
 164281.063   264.808     0.40    8.20
 164654.202   263.059    -4.69    8.65
 165027.270   261.249    -4.85    7.82
 165400.266   260.079    -3.13    6.71
 165773.189   257.338    -7.35    8.06
 166146.041   249.169   -21.90   14.36
 166518.821   237.542   -31.19   15.43
 166891.529   230.579   -18.68   10.52
 167264.165   230.713     0.36   10.48
 167636.729   239.934    24.75   15.37
 168009.222   250.963    29.60   14.76
 168381.643   259.060    21.74    9.99
 168753.992   261.951     7.76    6.20
 169126.270   261.626    -0.87    6.61
 169498.476   260.451    -3.15    7.15
 169870.611   262.190     4.67    8.22
 170242.674   264.226     5.47    7.79
 170614.665   267.523     8.86    8.78
 170986.586   273.803    16.88   14.53
 171358.434   284.497    28.75   22.06
 171730.212   304.796    54.59   29.00
 172101.918   324.292    52.44   31.94
 172473.553   343.727    52.29   30.42
 172845.117   360.998    46.48   25.73
 173216.610   370.417    25.35   22.17
 173588.031   372.865     6.59   20.13
 173959.382   366.040   -18.38   23.24
 174330.661   353.060   -34.95   27.23
 174701.870   338.130   -40.22   25.43
 175073.007   329.735   -22.62   19.00
 175444.074   324.166   -15.01    9.79
 175815.070   326.233     5.57    8.49
 176185.994   330.847    12.44   10.30
 176556.848   335.865    13.53   12.54
 176927.632   338.489     7.07   12.43
 177298.344   337.428    -2.86   13.02
 177668.986   334.306    -8.42   12.72
 178039.558   329.406   -13.22   11.34
 178410.058   323.488   -15.97   11.13
 178780.488   313.906   -25.86   13.93
 179150.848   305.852   -21.74   14.29
 179521.137   304.292    -4.21   17.48
 179891.356   306.663     6.40   22.64
 180261.504   317.031    28.00   28.24
 180631.582   327.152    27.35   28.29
 181001.590   332.302    13.92   26.15
 181371.527   333.463     3.14   23.88
 181741.394   336.428     8.02   20.07
 182111.191   336.701     0.74   18.87
 182480.918   337.854     3.12   16.98
 182850.575   331.670   -16.73   17.73
 183220.161   321.533   -27.42   19.35
 183589.678   316.803   -12.80   15.29
 183959.124   316.875     0.19   12.95
 184328.501   322.795    16.03   13.21
 184697.808   329.586    18.39    8.53
 185067.045   330.003     1.13    9.63
 185436.212   326.037   -10.74   12.55
 185805.309   316.221   -26.59   17.42
 186174.336   302.830   -36.28   19.13
 186543.294   293.917   -24.16   15.98
 186912.182   289.628   -11.62   12.01
 187281.000   291.849     6.02   12.26
 187649.749   299.451    20.61   11.97
 188018.428   307.789    22.61   11.00
 188387.038   310.951     8.58   10.39
 188755.578   314.463     9.53   10.35
 189124.049   314.204    -0.70   10.77
 189492.450   311.219    -8.10   11.67
 189860.783   305.824   -14.65   14.06
 190229.045   296.522   -25.25   15.77
 190597.239   288.394   -22.07   14.96
 190965.363   281.761   -18.01   12.21
 191333.418   279.624    -5.81   11.71
 191701.403   280.489     2.35   11.76
 192069.320   282.899     6.55   11.89
 192437.168   285.842     8.00   13.79
 192804.946   288.750     7.91   15.81
 193172.656   292.006     8.85   17.30
 193540.296   295.777    10.26   19.59
 193907.868   295.382    -1.07   23.31
 194275.370   293.940    -3.92   26.73
 194642.804   289.893   -11.01   29.23
 195010.169   287.963    -5.25   27.49
 195377.465   287.993     0.08   23.61
 195744.693   292.219    11.51   18.41
 196111.851   295.451     8.80   11.63
 196478.941   294.523    -2.53    9.70
 196845.963   286.985   -20.53   12.92
 197212.916   277.427   -26.04   13.41
 197579.800   265.758   -31.80   14.71
 197946.616   256.156   -26.17   14.28
 198313.363   243.486   -34.54   19.67
 198680.042   228.187   -41.72   21.72
 199046.652   210.742   -47.58   21.87
 199413.194   196.842   -37.92   16.54
 199779.668   186.969   -26.94   11.40
 200146.074   180.735   -17.01   10.05
 200512.411   174.066   -18.20   10.91
 200878.680   168.178   -16.07   11.48
 201253.778   161.244   -18.48    9.31
 201634.187   155.595   -14.85    7.87
 202014.521   150.360   -13.76    5.00
 202394.781   148.141    -5.84    4.01
 202774.966   146.289    -4.87    3.39
 203155.078   145.405    -2.32    3.53
 203535.115   144.854    -1.45    3.28
 203915.078   145.678     2.17    3.44
 204294.966   147.394     4.52    4.83
 204674.781   149.934     6.68    6.05
 205054.522   152.624     7.08    6.63
 205434.188   154.065     3.80    8.04
 205813.781   153.946    -0.31    8.64
 206193.300   153.065    -2.32    8.19
 206572.745   152.201    -2.28    6.13
 206952.116   152.247     0.12    4.58
 207331.413   154.781     6.68    6.19
 207710.636   160.149    14.15    8.66
 208089.786   166.371    16.41    8.60
 208468.862   173.033    17.57    4.92
 208847.865   176.292     8.60    4.01
 209226.794   177.892     4.22    3.49
 209605.649   179.428     4.05    3.51
 209984.431   183.019     9.48    5.11
 210363.140   186.199     8.39    6.53
 210741.775   188.405     5.83    5.38
 211120.337   190.568     5.71    5.02
 211498.825   193.405     7.50    6.61
 211877.240   196.178     7.33    8.29
 212255.582   198.675     6.60    8.14
 212633.851   199.630     2.52    7.62
 213012.047   199.591    -0.10    5.59
 213390.169   198.897    -1.84    4.13
 213768.218   193.370   -14.62    8.68
 214146.195   187.342   -15.94    9.34
 214524.098   183.224   -10.90    7.86
 214901.929   181.220    -5.30    6.78
 215279.686   181.349     0.34    7.99
 215657.371   181.662     0.83    8.53
 216034.983   181.486    -0.47    7.64
 216412.522   180.114    -3.63    5.88
 216789.988   179.614    -1.33    4.04
 217167.382   178.621    -2.63    3.23
 217544.703   176.219    -6.36    3.78
 217921.951   175.044    -3.11    3.88
 218299.127   175.601     1.47    4.74
 218676.231   176.103     1.33    4.80
 219053.261   175.808    -0.78    5.56
 219430.220   173.645    -5.74    6.54
 219807.106   170.773    -7.62    5.32
 220183.920   169.796    -2.59    3.51
 220560.661   172.789     7.94    5.37
 220937.330   176.672    10.31    5.77
 221313.927   180.279     9.57    4.96
 221690.452   183.621     8.87    4.26
 222066.904   185.358     4.62    4.02
 222443.285   187.219     4.94    4.15
 222819.593   189.380     5.74    3.66
 223195.829   190.579     3.19    3.90
 223571.994   191.835     3.34    4.10
 223948.086   194.474     7.02    6.16
 224324.106   198.981    11.98    8.80
 224700.055   207.486    22.62    9.87
 225075.932   216.732    24.59   12.41
 225451.737   228.951    32.51   14.95
 225827.470   240.652    31.13   13.88
 226203.132   251.670    29.32    9.81
 226578.722   258.380    17.86    8.11
 226954.240   261.893     9.36    5.89
 227329.687   262.178     0.76    5.76
 227705.062   258.033   -11.04    9.61
 228080.366   252.994   -13.42   11.06
 228455.598   247.083   -15.75   13.50
 228830.759   238.940   -21.70   15.54
 229205.848   229.579   -24.95   15.07
 229580.866   221.677   -21.07    9.66
 229955.813   215.831   -15.59    7.57
 230330.689   212.218    -9.64    7.53
 230705.493   208.858    -8.96    7.08
 231080.226   204.702   -11.09    7.85
 231454.888   203.126    -4.21    8.33
 231829.479   201.152    -5.27    8.21
 232203.999   202.068     2.44    7.81
 232578.448   203.465     3.73    5.77
 232952.826   200.992    -6.61    7.16
 233327.133   196.977   -10.72    7.64
 233701.370   191.789   -13.86    6.51
 234075.535   187.777   -10.72    5.08
 234449.629   183.616   -11.12    4.90
 234823.653   179.464   -11.10    5.47
 235197.606   175.315   -11.09    4.98
 235571.488   171.489   -10.23    3.84
 235945.300   169.072    -6.47    3.29
 236319.041   166.452    -7.01    3.24
 236692.712   163.757    -7.21    3.40
 237066.312   160.810    -7.89    3.82
 237439.841   158.049    -7.39    3.54
 237813.300   155.946    -5.63    3.05
 238186.689   153.997    -5.22    2.89
 238560.007   151.613    -6.38    4.17
 238933.255   148.172    -9.22    4.82
 239306.432   145.115    -8.19    3.58
 239679.540   142.451    -7.14    3.83
 240052.577   141.002    -3.88    4.22
 240425.544   139.905    -2.94    3.93
 240798.441   139.027    -2.35    3.52
 241171.267   138.719    -0.83    3.23
 241544.024   137.190    -4.10    3.62
 241916.711   135.146    -5.48    3.68
 242289.328   133.327    -4.88    2.94
 242661.874   133.049    -0.75    2.98
 243034.351   134.283     3.31    3.69
 243406.758   134.637     0.95    3.38
 243779.095   133.837    -2.15    4.20
 244151.363   132.161    -4.50    3.97
 244523.561   130.952    -3.25    2.72
 244895.689   131.601     1.74    3.39
 245267.747   132.139     1.45    3.66
 245639.736   131.892    -0.66    4.61
 246011.655   130.171    -4.63    5.77
 246383.504   127.079    -8.31    5.26
 246755.284   125.789    -3.47    4.22
 247126.995   125.957     0.45    4.16
 247498.636   128.171     5.96    4.19
 247870.208   130.161     5.35    3.04
 248241.710   129.861    -0.81    2.68
 248613.143   129.606    -0.69    2.13
 248984.507   129.707     0.27    2.34
 249355.802   129.734     0.07    2.54
 249727.027   130.223     1.32    2.73
 250098.183   130.242     0.05    2.75
 250469.271   129.710    -1.43    3.01
 250840.289   127.837    -5.05    5.23
 251211.238   124.134    -9.98    8.37
 251582.118   120.254   -10.46    9.00
 251952.929   119.110    -3.08    7.97
 252323.671   121.030     5.18    8.72
 252694.344   126.754    15.44    9.37
 253064.948   131.106    11.74    5.94
 253435.484   132.207     2.97    5.28
 253805.951   133.463     3.39    6.00
 254176.349   135.263     4.86    7.44
 254546.678   139.708    12.00    7.78
 254916.939   145.028    14.37    7.01
 255287.131   148.940    10.56    6.43
 255657.254   152.216     8.85    6.43
 256027.309   154.351     5.77    4.88
 256397.296   154.707     0.96    3.93
 256767.214   155.252     1.47    3.37
 257137.063   153.463    -4.84    3.60
 257506.844   151.302    -5.84    3.63
 257876.557   150.417    -2.40    3.54
 258246.202   151.135     1.94    4.09
 258615.778   152.797     4.50    4.43
 258985.286   154.842     5.53    3.87
 259354.725   158.244     9.21    4.67
 259724.097   159.534     3.49    4.51
 260093.400   162.440     7.87    4.52
 260462.636   164.319     5.09    3.75
 260831.803   164.122    -0.53    3.72
 261200.902   163.716    -1.10    3.91
 261569.934   161.946    -4.79    4.60
 261938.897   160.154    -4.86    4.96
 262307.792   159.719    -1.18    4.99
 262676.620   160.557     2.27    4.85
 263045.380   162.806     6.10    5.24
 263414.072   166.904    11.11    5.27
 263782.696   168.946     5.54    5.03
 264151.253   169.785     2.28    4.59
 264519.741   169.890     0.29    4.17
 264888.162   169.181    -1.92    3.34
 265256.516   169.465     0.77    3.85
 265624.802   170.652     3.22    3.85
 265993.021   173.027     6.45    3.43
 266361.172   174.858     4.97    3.60
 266729.255   175.790     2.53    4.12
 267097.271   177.880     5.68    4.54
 267465.220   178.717     2.27    4.59
 267833.101   179.474     2.06    4.34
 268200.915   179.090    -1.04    3.85
 268568.662   177.998    -2.97    4.37
 268936.342   177.271    -1.98    3.97
 269303.954   176.880    -1.06    3.30
 269671.499   177.106     0.62    3.49
 270038.977   175.318    -4.87    4.50
 270406.388   172.382    -7.99    4.96
 270773.732   167.970   -12.01    5.69
 271141.009   164.887    -8.39    4.96
 271508.219   163.715    -3.19    4.53
 271875.362   164.652     2.55    4.44
 272242.438   167.327     7.29    6.92
 272609.447   172.184    13.23    8.84
 272976.390   176.927    12.92    7.46
 273343.265   178.142     3.31    6.64
 273710.074   179.341     3.27    5.83
 274076.816   179.842     1.37    5.82
 274443.492   179.331    -1.39    5.07
 274810.101   176.993    -6.38    6.84
 275176.643   173.018   -10.84    8.78
 275543.118   167.307   -15.58    9.75
 275914.570   161.678   -15.15   10.39
 276294.827   156.994   -12.32    8.32
 276675.011   154.958    -5.35    7.24
 277055.123   153.016    -5.11    7.80
 277435.163   153.499     1.27    8.05
 277815.130   155.877     6.26    7.68
 278195.025   158.143     5.97    7.86
 278574.848   162.095    10.40    5.66
 278954.599   164.315     5.85    3.91
 279334.278   161.875    -6.42    5.64
 279713.884   156.677   -13.69    7.23
 280093.418   149.951   -17.72    7.90
 280472.881   141.789   -21.51    9.31
 280852.271   132.868   -23.51   12.77
 281231.590   125.998   -18.11   11.16
 281610.837   121.887   -10.84    9.49
 281990.011   120.343    -4.07    9.23
 282369.114   118.730    -4.25   10.28
 282748.146   111.392   -19.36   12.88
 283127.105   103.669   -20.37   12.57
 283505.993    97.023   -17.54    8.52
 283884.809    93.299    -9.83    2.90
 284263.554    92.533    -2.02    2.03
 284642.227    92.588     0.15    1.96
 285020.828    92.111    -1.26    1.56
 285399.358    91.515    -1.57    1.42
 285777.817    93.675     5.71    4.87
 286156.204    97.136     9.14    7.44
 286534.520   102.011    12.88    9.32
 286912.765   108.952    18.35   11.99
 287290.938   115.707    17.86   13.20
 287669.040   123.006    19.30   12.14
 288047.071   128.404    14.28    8.29
 288425.030   130.292     4.99    5.17
 288802.919   130.319     0.07    4.53
 289180.736   127.969    -6.22    4.82
 289558.483   125.557    -6.38    4.69
 289936.158   124.440    -2.96    4.25
 290313.763   123.699    -1.96    4.53
 290691.296   126.548     7.55    6.29
 291068.759   129.946     9.00    6.59
 291446.151   131.681     4.60    5.37
 291823.472   132.534     2.26    4.85
 292200.722   131.263    -3.37    4.27
 292577.902   130.965    -0.79    3.79
 292955.011   131.630     1.76    3.78
 293332.049   132.501     2.31    4.12
 293709.017   133.321     2.17    4.46
 294085.914   134.303     2.61    4.10
 294462.740   135.954     4.38    2.95
 294839.496   136.654     1.86    2.42
 295216.182   134.232    -6.43    4.24
