# NaN NaN NaN ;Mean Elev.(m), Avg Gradient(m/km), RMS Gradient(m/km) - SRTM1     
#   12.604  -0.879  16.954 ;Mean Elev.(m), Avg Gradient(m/km), RMS Gradient(m/km) - ASTER GDEM
#   36.595  -1.070  15.412 ;Mean Elev.(m), Avg Gradient(m/km), RMS Gradient(m/km) - GMTED2010 
  7  52.604787  65.403640    16.558    16.548  3 52470.32355737 17.558
  8  52.603462  65.403833    90.740    90.757  3 52505.32354025  2.788
  9  52.624634  65.399687   104.589   105.712  3 52540.32352309  3.040
 10  52.607012  65.403162    48.503    48.503  2 52575.32356880  6.245
 16  52.620882  65.399569    98.027    96.041  3 52785.32351289  4.796
 17  52.619195  65.401207    88.515    88.515  2 52820.32358763  6.592
 21  52.623338  65.398740    17.201    17.442  3 52960.32358976 38.005
 25  52.588368  65.399335   114.483   113.436  5 53100.32360157  0.793
 28  52.607170  65.402851    16.056    16.056  2 53205.32366382 21.008
 32  52.603042  65.401222    17.768    17.974  3 53345.32361215 21.910
 37  52.608426  65.401905    96.565    96.565  2 53520.32366389  4.205
 39  52.607119  65.403305    17.745    17.280  3 53590.32362983 41.878
 47  52.612597  65.402203   116.008   115.767  3 53870.32356782  2.066
 49  52.602434  65.405083   117.779   117.779  2 53940.32363511  0.375
 50  52.591927  65.398570    17.265    16.914  7 53975.32359452 19.525
 53  52.602242  65.402908    16.273    16.273  2 54080.32360140 17.992
 58  52.608956  65.402811    99.775   101.307  3 54255.32358235  6.559
 59  52.609663  65.402174    19.002    19.002  2 54290.32358489 18.063
 62  52.612818  65.402127   103.144   108.572  3 54395.32352247  2.504
 63  52.597939  65.398730    17.659    17.573  4 54430.32348686 31.976
 71  52.602352  65.404922   110.238   110.238  2 54710.32347961  1.994
 72  52.611777  65.402343   101.320    99.775  3 54745.32349074  4.847
 74  52.614887  65.402243    17.356    17.304  3 54815.32348383 17.581
 79  52.608311  65.403314   103.520   103.157  3 54990.32350650  4.020
 81  52.607889  65.402673    17.203    17.447  3 55060.32349181 17.004
 84  52.604990  65.402363    19.021    19.021  2 55165.32340548 26.182
