-117923.281    50.580     0.00   13.13
-117555.991    55.431    13.21   16.85
-117188.625    63.588    22.20   15.46
-116821.182    72.524    24.32   10.94
-116453.662    77.394    13.25    6.14
-116086.066    77.525     0.36    5.54
-115718.392    76.549    -2.66    6.86
-115350.643    74.068    -6.74    7.69
-114982.816    70.805    -8.87    7.73
-114614.912    68.384    -6.58    6.05
-114246.932    66.971    -3.84    4.96
-113878.874    67.009     0.10    3.69
-113510.740    67.440     1.17    3.45
-113142.528    67.217    -0.61    4.21
-112774.239    66.873    -0.93    4.52
-112405.873    66.215    -1.79    4.59
-112037.430    65.815    -1.09    4.10
-111668.910    65.121    -1.89    4.53
-111300.312    63.920    -3.26    4.59
-110931.637    61.925    -5.41    5.53
-110562.884    59.217    -7.34    3.87
-110194.054    57.978    -3.36    3.07
-109825.147    56.692    -3.48    2.95
-109456.162    55.451    -3.36    3.50
-109087.099    54.659    -2.15    4.13
-108717.959    53.721    -2.54    5.00
-108348.741    52.113    -4.35    5.52
-107979.445    50.946    -3.16    5.96
-107610.072    49.946    -2.71    5.25
-107240.620    48.144    -4.88    3.91
-106871.091    47.436    -1.92    3.49
-106501.484    47.219    -0.59    3.83
-106131.798    47.573     0.96    4.07
-105762.035    48.278     1.90    3.42
-105392.194    48.873     1.61    2.74
-105022.274    48.649    -0.61    3.72
-104652.276    48.540    -0.29    4.11
-104282.200    48.811     0.73    4.20
-103912.046    47.436    -3.71    4.60
-103541.814    46.184    -3.38    4.62
-103171.503    46.353     0.46    4.56
-102801.113    46.207    -0.39    4.49
-102430.645    47.230     2.76    3.80
-102060.099    48.296     2.88    2.82
-101689.474    47.841    -1.23    2.86
-101318.770    47.829    -0.03    2.71
-100947.988    47.590    -0.64    3.14
-100577.126    47.490    -0.27    3.82
-100206.187    47.904     1.12    4.33
 -99835.168    43.980   -10.58    9.69
 -99464.070    37.123   -18.47   13.16
 -99092.894    33.026   -11.04   11.87
 -98721.638    28.363   -12.56    9.61
 -98350.304    26.837    -4.11    8.30
 -97978.890    30.086     8.75    8.65
 -97607.397    30.136     0.13   10.19
 -97235.825    30.513     1.01   11.60
 -96864.174    32.312     4.84   12.75
 -96492.443    36.547    11.39   13.73
 -96120.634    42.404    15.75   13.34
 -95748.744    50.286    21.19    9.47
 -95376.776    56.579    16.92    8.59
 -95004.728    60.674    11.01    8.76
 -94632.600    64.873    11.28    7.17
 -94260.393    67.425     6.85    5.89
 -93888.106    68.623     3.22    6.40
 -93515.739    68.226    -1.07    6.72
 -93143.293    66.291    -5.20    6.46
 -92770.767    63.321    -7.97    6.13
 -92398.161    60.998    -6.23    5.64
 -92025.475    58.050    -7.91    4.06
 -91652.709    57.066    -2.64    4.01
 -91279.864    57.590     1.41    5.59
 -90906.938    59.025     3.85    7.29
 -90533.932    62.525     9.38    8.86
 -90160.846    65.808     8.80    8.01
 -89787.680    67.047     3.32    6.05
 -89414.433    67.960     2.45    4.82
 -89041.106    66.985    -2.61    5.31
 -88667.699    65.594    -3.73    4.80
 -88294.212    65.033    -1.50    4.70
 -87920.644    65.332     0.80    5.01
 -87546.995    65.894     1.50    4.30
 -87173.266    65.652    -0.65    3.83
 -86799.457    66.873     3.27    5.83
 -86425.566    66.693    -0.48    6.32
 -86051.595    65.308    -3.70    6.73
 -85677.543    62.363    -7.87    6.07
 -85303.411    59.560    -7.49    4.31
 -84929.197    57.996    -4.18    4.48
 -84554.903    57.765    -0.62    5.94
 -84180.528    59.939     5.81    7.60
 -83806.071    61.873     5.17    8.19
 -83431.534    63.800     5.14    7.23
 -83056.915    65.118     3.52    6.01
 -82682.216    64.088    -2.75    4.94
 -82307.435    63.363    -1.93    3.75
 -81932.573    62.977    -1.03    4.38
 -81557.629    62.152    -2.20    5.41
 -81182.604    61.549    -1.61    5.67
 -80807.498    59.605    -5.18    6.06
 -80432.310    56.394    -8.56    5.57
 -80057.040    53.077    -8.84    5.00
 -79681.689    49.573    -9.33    5.50
 -79306.257    48.095    -3.94    4.36
 -78930.742    47.043    -2.80    3.58
 -78555.146    46.165    -2.34    3.22
 -78179.468    47.047     2.35    2.55
 -77803.709    47.975     2.47    3.40
 -77427.867    51.341     8.95    5.85
 -77051.943    56.777    14.46    8.26
 -76675.938    62.820    16.07    7.26
 -76299.850    66.434     9.61    4.66
 -75923.680    66.862     1.14    4.39
 -75547.428    65.012    -4.92    4.88
 -75171.094    63.142    -4.97    4.30
 -74794.677    61.373    -4.70    5.03
 -74418.179    60.025    -3.58    4.61
 -74041.597    58.797    -3.26    4.00
 -73664.934    57.714    -2.88    3.22
 -73288.187    58.567     2.26    4.27
 -72911.359    58.973     1.08    4.41
 -72534.447    58.006    -2.57    4.93
 -72157.453    56.533    -3.91    5.52
 -71780.377    54.217    -6.14    4.97
 -71403.217    53.022    -3.17    4.95
 -71025.975    51.888    -3.01    4.81
 -70648.650    49.639    -5.96    3.89
 -70271.242    49.557    -0.22    4.07
 -69893.751    51.690     5.65    5.48
 -69516.177    54.475     7.38    5.08
 -69138.520    56.957     6.57    3.50
 -68760.779    57.894     2.48    4.32
 -68382.956    56.727    -3.09    5.81
 -68005.049    54.227    -6.62    9.57
 -67627.059    49.751   -11.84   12.29
 -67248.986    45.146   -12.18   11.10
 -66870.829    42.123    -7.99    9.63
 -66492.589    41.802    -0.85    8.70
 -66114.265    41.741    -0.16    7.49
 -65735.857    41.805     0.17    4.26
 -65357.366    41.322    -1.28    2.88
 -64978.792    39.703    -4.28    2.62
 -64600.133    38.085    -4.27    2.47
 -64221.391    37.146    -2.48    2.01
 -63842.565    36.518    -1.66    3.10
 -63463.655    34.931    -4.19    4.71
 -63084.661    33.434    -3.95    4.41
 -62705.583    34.085     1.71    5.60
 -62326.421    35.592     3.98    5.46
 -61947.175    37.800     5.82    4.82
 -61567.845    38.853     2.77    4.72
 -61188.430    38.009    -2.22    4.52
 -60808.932    37.465    -1.43    3.89
 -60429.348    36.353    -2.93    3.12
 -60049.681    36.098    -0.67    2.91
 -59669.929    35.299    -2.10    2.92
 -59290.092    34.030    -3.34    3.45
 -58910.171    32.123    -5.02    3.89
 -58530.166    31.322    -2.11    3.40
 -58150.075    31.064    -0.68    3.12
 -57769.900    30.455    -1.60    2.71
 -57389.640    30.173    -0.74    2.62
 -57009.295    30.496     0.85    2.51
 -56628.866    31.373     2.31    3.27
 -56248.351    31.981     1.60    3.06
 -55867.752    31.763    -0.57    3.49
 -55487.067    29.252    -6.59    5.55
 -55106.297    25.186   -10.68    6.82
 -54725.442    22.404    -7.30    6.57
 -54344.502    20.179    -5.84    5.21
 -53963.476    20.383     0.54    4.49
 -53582.365    25.689    13.92    6.89
 -53201.169    31.636    15.60    8.24
 -52824.728    37.550    15.71    6.99
 -52459.649    40.930     9.26    4.52
 -52094.493    41.971     2.85    3.26
 -51729.259    42.445     1.30    2.81
 -51363.949    42.147    -0.82    2.89
 -50998.561    41.618    -1.45    3.22
 -50633.096    40.526    -2.99    3.69
 -50267.553    38.811    -4.69    3.99
 -49901.933    37.588    -3.35    3.89
 -49536.236    35.993    -4.36    3.39
 -49170.461    36.047     0.15    4.07
 -48804.609    36.545     1.36    4.30
 -48438.679    36.565     0.05    3.86
 -48072.671    36.656     0.25    3.33
 -47706.586    38.447     4.89    4.23
 -47340.423    39.567     3.06    5.04
 -46974.183    40.471     2.47    5.55
 -46607.864    40.853     1.04    5.16
 -46241.468    39.724    -3.08    4.77
 -45874.993    38.383    -3.66    3.64
 -45508.441    37.730    -1.78    2.75
 -45141.811    39.110     3.76    4.12
 -44775.102    42.222     8.49    5.78
 -44408.316    44.821     7.09    5.36
 -44041.451    47.003     5.95    4.02
 -43674.508    47.580     1.57    3.04
 -43307.487    47.535    -0.12    2.92
 -42940.388    46.998    -1.46    2.83
 -42573.210    47.332     0.91    3.02
 -42205.954    47.251    -0.22    3.10
 -41838.619    47.665     1.13    3.52
 -41471.206    48.610     2.57    4.08
 -41103.714    49.221     1.66    4.29
 -40736.143    49.781     1.52    4.08
 -40368.494    50.384     1.64    3.90
 -40000.767    50.302    -0.22    3.41
 -39632.960    50.808     1.38    3.72
 -39265.075    54.383     9.72    7.76
 -38897.110    59.588    14.14   10.23
 -38529.067    65.528    16.14    9.09
 -38160.945    69.513    10.83    4.92
 -37792.744    70.653     3.09    3.19
 -37424.464    69.929    -1.97    3.29
 -37056.105    69.767    -0.44    3.82
 -36687.666    69.965     0.54    5.54
 -36319.148    67.154    -7.63    7.91
 -35950.551    62.505   -12.61    9.62
 -35581.875    56.313   -16.79    9.64
 -35213.119    49.696   -17.94    8.75
 -34844.284    47.934    -4.78    7.73
 -34475.370    47.145    -2.14    7.65
 -34106.376    46.161    -2.67    6.68
 -33737.302    46.636     1.29    4.57
 -33368.149    48.252     4.38    4.83
 -32998.916    50.077     4.94    6.12
 -32629.603    51.571     4.04    6.71
 -32260.211    53.179     4.35    6.58
 -31890.738    53.547     0.99    5.54
 -31521.186    54.383     2.26    5.01
 -31151.554    53.341    -2.82    4.70
 -30781.842    52.639    -1.90    4.18
 -30412.050    50.142    -6.75    5.98
 -30042.178    44.686   -14.75    9.02
 -29672.225    39.241   -14.72   10.96
 -29302.193    32.832   -17.32    9.71
 -28932.080    29.727    -8.39    7.61
 -28561.887    27.748    -5.34    5.65
 -28191.613    28.483     1.98    4.77
 -27821.260    28.121    -0.98    3.37
 -27450.825    27.833    -0.78    3.48
 -27080.311    26.449    -3.74    4.84
 -26709.715    21.423   -13.56    8.19
 -26339.039    15.488   -16.01    8.37
 -25968.283     9.823   -15.28    5.62
 -25597.446     6.526    -8.89    1.62
 -25226.528     5.659    -2.34    0.66
 -24855.529     5.505    -0.42    0.51
 -24484.449     5.373    -0.35    0.00
 -24113.288     5.373     0.00    0.00
 -23742.047     5.373     0.00    0.00
 -23370.724     5.373     0.00    0.00
 -22999.320     5.373     0.00    0.00
 -22627.836     5.819     1.20    1.02
 -22256.270     6.394     1.55    1.38
 -21884.622     7.096     1.89    1.46
 -21512.894     7.690     1.60    1.26
 -21141.084     7.710     0.05    1.40
 -20769.193     7.070    -1.72    1.80
 -20397.220     6.082    -2.66    1.88
 -20025.166     5.353    -1.96    1.59
 -19653.030     4.542    -2.18    0.61
 -19280.813     4.373    -0.45    0.00
 -18908.514     4.373     0.00    0.00
 -18536.133     4.373     0.00    0.00
 -18163.671     4.671     0.80    1.12
 -17791.127     5.060     1.04    1.58
 -17418.500     5.210     0.40    1.73
 -17045.792     5.797     1.58    3.49
 -16673.002     5.812     0.04    3.70
 -16300.130     4.644    -3.13    3.31
 -15927.176     2.555    -5.60    3.06
 -15554.140     0.741    -4.86    3.52
 -15181.022    -0.994    -4.65    2.99
 -14807.821    -2.235    -3.32    1.62
 -14434.538    -2.627    -1.05    0.00
 -14061.173    -2.627     0.00    0.00
 -13687.725    -2.067     1.50    2.83
 -13314.195    -0.308     4.71    5.67
 -12940.582     1.987     6.14    7.62
 -12566.887     4.550     6.86    8.67
 -12193.109     6.893     6.27    8.99
 -11819.248     9.343     6.55    8.76
 -11445.305    11.919     6.89    8.03
 -11071.279    14.123     5.89    6.51
 -10697.170    15.796     4.47    4.19
 -10322.978    16.454     1.76    1.52
  -9948.703    16.312    -0.38    0.99
  -9574.346    16.083    -0.61    0.94
  -9199.905    15.852    -0.62    0.96
  -8825.381    15.803    -0.13    0.98
  -8450.774    15.699    -0.28    1.21
  -8076.084    15.363    -0.90    1.11
  -7701.310    15.279    -0.22    1.10
  -7326.453    15.073    -0.55    1.17
  -6951.513    14.794    -0.74    1.12
  -6576.489    14.202    -1.58    1.30
  -6201.382    13.790    -1.10    1.28
  -5826.191    13.413    -1.00    1.00
  -5450.917    13.161    -0.67    0.93
  -5075.559    12.858    -0.81    0.96
  -4700.117    12.291    -1.51    1.34
  -4324.592    11.433    -2.28    1.92
  -3948.983    10.757    -1.80    2.08
  -3573.290    10.241    -1.37    2.03
  -3197.512    10.010    -0.61    1.80
  -2821.651    10.806     2.12    1.68
  -2445.706    11.264     1.22    1.43
  -2069.677    11.552     0.77    1.20
  -1693.564    11.643     0.24    0.89
  -1317.366    11.221    -1.12    1.80
   -941.084     8.283    -7.81    5.45
   -564.718     4.498   -10.06    6.62
   -188.267     3.720    -2.07    6.25
    188.268     4.235     1.37    5.98
    564.887     6.641     6.39    4.79
    941.591     8.683     5.42    1.49
   1318.380     8.213    -1.25    1.30
   1695.253     7.853    -0.96    0.98
   2072.211     7.973     0.32    1.38
   2449.254     9.883     5.07    3.99
   2826.381    14.933    13.39    7.74
   3203.594    20.643    15.14    8.89
   3580.891    26.463    15.43    6.93
   3958.274    30.363    10.33    3.57
   4335.741    30.817     1.20    3.50
   4713.294    29.185    -4.32    4.13
   5090.932    27.557    -4.31    3.55
   5468.655    26.151    -3.72    3.22
   5846.463    23.808    -6.20    3.87
   6224.356    21.633    -5.75    4.42
   6602.335    17.210   -11.70    7.51
   6980.400    10.793   -16.97    9.99
   7358.550     4.020   -17.91    8.72
   7736.785    -0.516   -11.99    5.54
   8115.107    -2.627    -5.58    0.00
   8493.513    -2.627     0.00    0.00
   8872.006    -2.627     0.00    0.00
   9250.584    -2.627     0.00    0.00
   9629.249    -2.627     0.00    0.00
  10007.999    -2.627     0.00    0.00
  10386.835    -2.627     0.00    0.00
  10765.757    -2.627     0.00    0.00
  11144.765    -2.627     0.00    0.00
  11523.859    -2.627     0.00    0.00
  11903.040    -2.627     0.00    0.00
  12282.307    -2.627     0.00    0.00
  12661.660    -2.627     0.00    0.00
  13041.099    -2.627     0.00    0.00
  13420.625    -2.627     0.00    0.00
  13800.238    -2.547     0.21    0.63
  14179.937    -1.843     1.85    2.38
  14559.722    -0.489     3.56    4.07
  14939.595     1.777     5.97    5.69
  15319.553     3.126     3.55    6.07
  15699.599     3.414     0.76    6.07
  16079.732     4.103     1.81    6.18
  16459.951     7.565     9.11   10.08
  16840.258    16.563    23.66   16.56
  17220.651    27.393    28.47   17.57
  17601.132    38.700    29.72   12.63
  17981.699    44.777    15.97    4.52
  18362.354    45.284     1.33    3.15
  18743.096    45.373     0.23    3.34
  19123.926    46.713     3.52    3.35
  19504.842    48.353     4.31    3.30
  19885.847    49.909     4.08    4.60
  20266.938    52.989     8.08    6.79
  20648.118    56.253     8.56    8.86
  21029.384    60.193    10.33   10.65
  21410.739    63.463     8.57   10.35
  21792.181    65.433     5.16    8.44
  22158.221    66.262     2.26    5.90
  22523.140    64.243    -5.53    5.85
  22888.137    60.846    -9.31    6.90
  23253.214    58.756    -5.73    6.78
  23618.369    55.920    -7.77    4.82
  23983.604    54.225    -4.64    4.48
  24348.917    52.973    -3.43    4.11
  24714.310    52.537    -1.20    3.31
  25079.782    50.314    -6.08    4.78
  25445.333    48.537    -4.86    5.40
  25810.964    46.591    -5.32    5.56
  26176.674    43.797    -7.64    6.09
  26542.463    41.253    -6.96    7.18
  26908.332    37.898    -9.17    8.24
  27274.281    35.161    -7.48    7.95
  27640.308    33.053    -5.76    6.83
  28006.416    32.591    -1.26    4.99
  28372.603    31.957    -1.73    4.07
  28738.870    31.010    -2.59    4.19
  29105.217    30.423    -1.60    5.18
  29471.644    30.819     1.08    5.45
  29838.150    30.945     0.34    5.50
  30204.736    31.432     1.33    4.70
  30571.403    33.261     4.99    4.47
  30938.149    33.089    -0.47    4.76
  31304.976    32.535    -1.51    4.58
  31671.882    30.977    -4.25    5.06
  32038.869    30.254    -1.97    4.96
  32405.936    28.414    -5.01    4.52
  32773.084    26.285    -5.80    4.62
  33140.311    24.025    -6.15    4.88
  33507.620    20.569    -9.41    4.85
  33875.008    16.945    -9.87    4.82
  34242.477    14.571    -6.46    4.01
  34610.027    13.690    -2.40    3.76
  34977.657    12.030    -4.52    3.52
  35345.368    11.432    -1.63    3.96
  35713.160     9.957    -4.01    4.19
  36081.032     9.126    -2.26    3.26
  36448.986     9.567     1.20    3.14
  36817.020     9.613     0.13    3.34
  37185.135     9.073    -1.47    3.71
  37553.331     7.424    -4.48    4.08
  37921.608     6.599    -2.24    3.91
  38289.966     5.714    -2.40    3.34
  38658.405     4.236    -4.01    2.75
  39026.926     3.800    -1.18    2.58
  39395.528     4.305     1.37    2.36
  39764.211     4.444     0.38    2.15
  40132.975     3.873    -1.55    3.25
  40501.821     1.736    -5.79    4.35
  40870.748    -0.781    -6.82    4.25
  41239.757    -2.429    -4.46    3.62
  41608.847    -3.851    -3.85    1.70
  41978.019    -3.754     0.26    1.63
  42347.273    -3.066     1.87    2.27
  42716.608    -2.874     0.52    2.23
  43086.025    -2.775     0.27    2.08
  43455.524    -2.788    -0.04    1.93
  43825.105    -3.235    -1.21    1.28
  44194.768    -3.668    -1.17    1.08
  44564.513    -3.980    -0.84    1.16
  44934.340    -4.423    -1.20    0.77
  45304.249    -4.607    -0.50    0.14
  45674.240    -4.597     0.03    0.17
  46044.313    -4.597     0.00    0.17
  46414.469    -4.507     0.24    0.59
  46784.707    -4.277     0.62    0.97
  47155.027    -4.181     0.26    1.04
  47525.430    -4.237    -0.15    0.91
  47895.915    -4.274    -0.10    0.91
  48266.483    -4.478    -0.55    0.69
  48637.133    -4.401     0.21    0.77
  49007.867    -4.132     0.73    1.21
  49378.682    -4.156    -0.07    1.12
  49749.581    -4.033     0.33    1.34
  50120.562    -3.930     0.28    1.35
  50491.626    -3.406     1.41    2.01
  50862.773    -2.910     1.34    2.50
  51234.003    -1.999     2.45    2.66
  51605.316    -1.201     2.15    2.43
  51976.713    -0.793     1.10    2.04
  52348.192    -0.819    -0.07    1.94
  52719.755    -1.413    -1.60    2.00
  53091.400    -1.340     0.20    1.96
  53463.129    -0.970     0.99    1.92
  53834.942    -0.705     0.71    2.01
  54206.838    -0.566     0.37    1.88
  54578.817    -0.723    -0.42    2.06
  54950.880    -1.270    -1.47    2.29
  55323.027    -1.889    -1.66    2.47
  55695.257    -2.637    -2.01    2.19
  56067.570    -2.940    -0.81    1.73
  56439.968    -3.047    -0.29    1.72
  56812.449    -3.088    -0.11    1.65
  57185.015    -3.068     0.05    1.61
  57557.664    -3.077    -0.02    1.47
  57930.397    -3.382    -0.82    1.24
  58303.214    -3.647    -0.71    1.32
  58676.115    -3.838    -0.51    1.24
  59049.101    -3.555     0.76    1.45
  59422.171    -3.433     0.33    1.43
  59795.324    -3.127     0.82    1.81
  60168.563    -1.754     3.68    2.44
  60541.885    -0.596     3.10    2.63
  60915.292    -0.078     1.39    2.25
  61288.784    -0.088    -0.03    2.16
  61662.360    -0.567    -1.28    2.30
  62036.020    -1.146    -1.55    2.07
  62409.766    -2.283    -3.04    1.42
  62783.596    -2.646    -0.97    1.08
  63157.510    -2.729    -0.22    1.11
  63531.510    -2.567     0.43    1.06
  63905.594    -2.231     0.90    1.23
  64279.764    -2.054     0.47    1.26
  64654.018    -1.667     1.03    1.23
  65028.358    -1.675    -0.02    1.25
  65402.782    -2.023    -0.93    1.18
  65777.292    -2.303    -0.75    1.14
  66151.887    -2.548    -0.65    1.21
  66526.567    -2.862    -0.84    1.47
  66901.333    -2.872    -0.03    1.65
  67276.184    -2.688     0.49    1.88
  67651.120    -2.539     0.40    1.97
  68026.142    -2.147     1.05    2.06
  68401.250    -1.821     0.87    2.20
  68776.443    -2.089    -0.71    2.30
  69151.722    -2.666    -1.54    2.46
  69527.086    -3.354    -1.83    2.49
  69902.537    -3.960    -1.61    2.37
  70278.073    -4.558    -1.59    2.06
  70653.695    -5.093    -1.42    1.56
  71029.403    -5.107    -0.04    1.51
  71405.198    -4.950     0.42    1.55
  71781.078    -4.627     0.86    1.73
  72157.044    -4.191     1.16    1.75
  72533.097    -4.313    -0.32    1.23
  72909.236    -4.334    -0.06    0.88
  73285.461    -4.180     0.41    0.89
  73661.773    -4.079     0.27    1.16
  74038.171    -3.724     0.94    1.27
  74414.655    -3.188     1.42    1.26
  74791.226    -2.235     2.53    1.80
  75167.884    -1.351     2.35    2.04
  75544.629    -0.627     1.92    2.06
  75921.460     0.083     1.88    1.73
  76298.378     0.218     0.36    1.44
  76675.383     0.670     1.20    1.21
  77052.474     0.888     0.58    1.21
  77429.653     1.155     0.71    1.49
  77806.919     1.040    -0.31    2.28
  78184.272     0.700    -0.90    2.63
  78561.712     0.834     0.36    3.01
  78939.239     0.931     0.26    2.93
  79316.854     1.569     1.69    2.63
  79694.555     2.207     1.69    1.94
  80072.345     2.203    -0.01    1.76
  80450.221     1.868    -0.89    1.76
  80828.186     0.152    -4.54    2.75
  81206.237    -1.189    -3.55    2.61
  81584.377    -1.974    -2.08    2.12
  81962.604    -2.323    -0.92    2.01
  82340.919    -2.168     0.41    1.77
  82719.321    -2.617    -1.19    1.55
  83097.812    -2.823    -0.54    1.29
  83476.390    -2.597     0.60    1.35
  83855.057    -1.889     1.87    1.61
  84233.811    -0.934     2.52    1.92
  84612.654    -0.122     2.15    1.78
  84991.585     0.383     1.33    1.63
  85370.604     0.136    -0.65    2.02
  85749.711    -0.310    -1.18    2.58
  86128.907    -0.725    -1.09    2.62
  86508.191    -1.666    -2.48    2.42
  86887.564    -2.473    -2.13    2.06
  87267.025    -3.384    -2.40    1.16
  87646.574    -3.850    -1.23    0.78
  88026.213    -4.062    -0.56    0.73
  88405.940    -4.215    -0.40    0.68
  88785.756    -4.287    -0.19    0.67
  89165.661    -4.290    -0.01    0.75
  89545.654    -4.112     0.47    0.93
  89925.737    -3.819     0.77    1.09
  90305.909    -3.538     0.74    1.36
  90686.169    -3.877    -0.89    1.56
  91066.519    -4.462    -1.54    1.69
  91446.958    -5.200    -1.94    1.21
  91827.487    -5.627    -1.12    0.00
  92208.104    -5.627     0.00    0.00
  92588.812    -5.627     0.00    0.00
  92969.608    -5.627     0.00    0.00
  93350.494    -5.627     0.00    0.00
  93731.470    -5.627     0.00    0.00
  94112.535    -5.627     0.00    0.00
  94493.690    -5.627     0.00    0.00
  94874.935    -5.627     0.00    0.00
  95256.270    -5.627     0.00    0.00
  95637.695    -5.627     0.00    0.00
  96019.209    -5.627     0.00    0.00
  96400.814    -5.627     0.00    0.00
  96773.084    -5.627     0.00    0.00
  97137.759    -5.627     0.00    0.00
  97502.514    -5.627     0.00    0.00
  97867.350    -5.627     0.00    0.00
  98232.266    -5.627     0.00    0.00
  98597.264    -5.627     0.00    0.00
  98962.343    -5.627     0.00    0.00
  99327.502    -5.627     0.00    0.00
  99692.742    -5.627     0.00    0.00
 100058.064    -5.627     0.00    0.00
 100423.466    -5.627     0.00    0.00
 100788.950    -5.627     0.00    0.00
 101154.515    -5.627     0.00    0.00
 101520.161    -5.627     0.00    0.00
 101885.889    -5.627     0.00    0.00
 102251.698    -5.627     0.00    0.00
 102617.588    -5.627     0.00    0.00
 102983.560    -5.627     0.00    0.00
 103349.614    -5.627     0.00    0.00
 103715.749    -5.627     0.00    0.00
 104081.965    -5.627     0.00    0.00
 104448.264    -5.627     0.00    0.00
 104814.644    -5.627     0.00    0.00
 105181.106    -5.627     0.00    0.00
 105547.649    -5.627     0.00    0.00
 105914.275    -5.627     0.00    0.00
 106280.983    -5.627     0.00    0.00
 106647.773    -5.627     0.00    0.00
 107014.644    -5.627     0.00    0.00
 107381.598    -5.627     0.00    0.00
 107748.634    -5.627     0.00    0.00
 108115.753    -5.627     0.00    0.00
 108482.953    -5.627     0.00    0.00
 108850.237    -5.627     0.00    0.00
 109217.602    -5.627     0.00    0.00
 109585.050    -5.627     0.00    0.00
 109952.580    -5.627     0.00    0.00
 110320.193    -5.627     0.00    0.00
 110687.889    -5.627     0.00    0.00
 111055.667    -5.627     0.00    0.00
 111423.528    -5.627     0.00    0.00
 111791.472    -5.627     0.00    0.00
 112159.499    -5.627     0.00    0.00
 112527.609    -5.627     0.00    0.00
 112895.801    -5.627     0.00    0.00
 113264.077    -5.627     0.00    0.00
 113632.436    -5.627     0.00    0.00
 114000.877    -5.627     0.00    0.00
 114369.402    -5.627     0.00    0.00
 114738.011    -5.627     0.00    0.00
 115106.702    -5.627     0.00    0.00
 115475.477    -5.627     0.00    0.00
 115844.336    -5.627     0.00    0.00
 116213.277    -5.627     0.00    0.00
 116582.303    -5.627     0.00    0.00
 116951.412    -5.627     0.00    0.00
 117320.604    -5.627     0.00    0.00
 117689.880    -5.627     0.00    0.00
 118059.240    -5.627     0.00    0.00
 118428.684    -5.627     0.00    0.00
 118798.212    -5.627     0.00    0.00
 119167.823    -5.627     0.00    0.00
 119537.519    -5.627     0.00    0.00
 119907.298    -5.627     0.00    0.00
 120277.162    -5.627     0.00    0.00
 120647.110    -5.627     0.00    0.00
 121017.142    -5.627     0.00    0.00
 121387.258    -5.627     0.00    0.00
 121757.459    -5.627     0.00    0.00
 122127.744    -5.627     0.00    0.00
 122498.113    -5.627     0.00    0.00
 122868.567    -5.627     0.00    0.00
 123239.105    -5.627     0.00    0.00
 123609.729    -5.627     0.00    0.00
 123980.436    -5.627     0.00    0.00
 124351.229    -5.627     0.00    0.00
 124722.106    -5.627     0.00    0.00
 125093.068    -5.627     0.00    0.00
 125464.115    -5.627     0.00    0.00
 125835.247    -5.627     0.00    0.00
 126206.463    -5.627     0.00    0.00
 126577.765    -5.627     0.00    0.00
 126949.152    -5.627     0.00    0.00
 127320.624    -5.627     0.00    0.00
 127692.182    -5.627     0.00    0.00
 128063.825    -5.627     0.00    0.00
 128435.553    -5.627     0.00    0.00
 128807.366    -5.627     0.00    0.00
 129179.265    -5.627     0.00    0.00
 129551.250    -5.627     0.00    0.00
 129923.320    -5.627     0.00    0.00
 130295.476    -5.627     0.00    0.00
 130667.717    -5.627     0.00    0.00
 131040.044    -5.627     0.00    0.00
 131412.457    -5.627     0.00    0.00
 131784.956    -5.627     0.00    0.00
 132157.541    -5.627     0.00    0.00
 132530.212    -5.627     0.00    0.00
 132902.969    -5.627     0.00    0.00
 133275.812    -5.627     0.00    0.00
 133648.741    -5.627     0.00    0.00
 134021.756    -5.627     0.00    0.00
 134394.858    -5.627     0.00    0.00
 134768.046    -5.627     0.00    0.00
 135141.320    -5.627     0.00    0.00
 135514.681    -5.627     0.00    0.00
 135888.129    -5.627     0.00    0.00
 136261.663    -5.627     0.00    0.00
 136635.283    -5.627     0.00    0.00
 137008.991    -5.627     0.00    0.00
 137382.785    -5.627     0.00    0.00
 137756.666    -5.627     0.00    0.00
 138130.634    -5.627     0.00    0.00
 138504.688    -5.627     0.00    0.00
 138878.830    -5.627     0.00    0.00
 139253.059    -5.627     0.00    0.00
 139627.375    -5.627     0.00    0.00
 140001.778    -5.627     0.00    0.00
 140376.269    -5.627     0.00    0.00
 140750.846    -5.627     0.00    0.00
 141125.511    -5.627     0.00    0.00
 141500.264    -5.627     0.00    0.00
 141875.104    -5.627     0.00    0.00
 142250.031    -5.627     0.00    0.00
 142625.047    -5.627     0.00    0.00
 143000.149    -5.627     0.00    0.00
 143375.340    -5.627     0.00    0.00
 143750.618    -5.627     0.00    0.00
 144125.985    -5.627     0.00    0.00
 144501.439    -5.627     0.00    0.00
 144876.981    -5.627     0.00    0.00
 145252.611    -5.627     0.00    0.00
 145628.329    -5.627     0.00    0.00
 146004.135    -5.627     0.00    0.00
 146380.030    -5.627     0.00    0.00
 146756.013    -5.627     0.00    0.00
 147132.084    -5.627     0.00    0.00
 147508.244    -5.627     0.00    0.00
 147884.492    -5.627     0.00    0.00
 148260.828    -5.627     0.00    0.00
 148637.254    -5.627     0.00    0.00
 149013.767    -5.627     0.00    0.00
 149390.370    -5.627     0.00    0.00
 149767.061    -5.627     0.00    0.00
