# NaN NaN NaN ;Mean Elev.(m), Avg Gradient(m/km), RMS Gradient(m/km) - SRTM1     
#   -7.748  -3.133   6.278 ;Mean Elev.(m), Avg Gradient(m/km), RMS Gradient(m/km) - ASTER GDEM
#   29.967  -2.143   4.501 ;Mean Elev.(m), Avg Gradient(m/km), RMS Gradient(m/km) - GMTED2010 
  8  52.210281  65.788125    10.567    10.585  4 52493.71777884 49.103
  9  52.199210  65.774249    12.805    12.829  5 52528.71775811 43.920
 10  52.205419  65.781228    13.420    14.708  3 52563.71779167 36.854
 11  52.209011  65.777771    11.811    11.818  4 52598.71781403 35.617
 12  52.204425  65.773702    12.571    12.725  4 52633.71776347 20.514
 13  52.208773  65.779099    13.050    13.318  4 52668.71777836 17.697
 14  52.208254  65.775605    13.256    13.300  4 52703.71775863 15.433
 15  52.210838  65.783541    15.662    15.659  3 52738.71779819  8.424
 16  52.213137  65.793646    15.122    15.148  5 52773.71775342 44.072
 17  52.201053  65.773459    15.083    15.076  4 52808.71781925 51.586
 18  52.203107  65.774685    12.573    13.003  6 52843.71787668 36.177
 19  52.207712  65.775351    12.747    12.740  4 52878.71791478 28.730
 20  52.209856  65.795113    13.956    15.501  5 52913.71787627 24.120
 21  52.200220  65.776365     9.681     9.672  5 52948.71783146 44.174
 23  52.208577  65.789089    14.706    15.270  5 53018.71785682 12.689
 24  52.210545  65.772594    13.991    13.786  4 53053.71783693 13.715
 25  52.211349  65.780169    15.024    14.941  4 53088.71787538 10.840
 26  52.205804  65.774753    12.173    12.111  4 53123.71784483 11.552
 27  52.203864  65.774266    17.892    17.835  4 53158.71790319 29.899
 28  52.206357  65.787144    14.220    15.092  5 53193.71789991 34.635
 29  52.209696  65.786875     9.432     9.274  4 53228.71789405 47.699
 30  52.211101  65.790102    10.190    10.194  5 53263.71786676 49.214
 31  52.200003  65.772380    10.979    10.978  4 53298.71790593 47.319
 32  52.210041  65.779442    11.521    10.891  4 53333.71787792 30.373
 33  52.212372  65.793404    14.433    14.858  5 53368.71782244 18.839
 34  52.207186  65.776791    13.779    13.888  4 53403.71785026 14.627
 35  52.209007  65.792096    14.629    15.378  5 53438.71784121 14.725
 36  52.204536  65.773874    14.321    14.417  4 53473.71789627  8.261
 37  52.209547  65.777817    17.274    17.254  4 53508.71791961 50.697
 38  52.212012  65.775415    13.894    14.066  3 53543.71793116 26.628
 39  52.206767  65.788636    10.085    10.062  5 53578.71791535 30.867
 40  52.216768  65.782934     9.877     9.869  4 53613.71786747 44.743
 41  52.206041  65.776992    11.412    11.404  4 53648.71787258 44.488
 42  52.209170  65.777583    12.857    12.744  4 53683.71788713 36.660
 43  52.210891  65.792657     9.633     9.713  5 53718.71781674 36.919
 44  52.207070  65.777459    11.300    10.590  4 53753.71773588 20.890
 45  52.207755  65.788940    13.895    14.892  5 53788.71776797 15.470
 46  52.198402  65.776248    12.320    13.339  5 53823.71772126 18.276
 47  52.204088  65.775455     9.584     9.573  4 53858.71781367 30.979
 48  52.209735  65.778387    16.333    16.336  4 53893.71782978 50.255
 49  52.204603  65.773919    13.059    13.191  4 53928.71788605 23.950
 50  52.210110  65.779321    12.014    11.983  4 53963.71786787 42.625
 51  52.198416  65.772149    12.926    13.049  6 53998.71781751 24.794
 52  52.208585  65.777164     9.526     9.557  4 54033.71786547 43.982
 54  52.212497  65.789631    15.140    15.629  4 54103.71781894 16.152
 55  52.205910  65.775636    14.035    13.991  4 54138.71778928 12.430
 56  52.208365  65.788283    15.270    15.371  5 54173.71779722 11.617
 57  52.208115  65.771924    10.789     9.831  5 54208.71779455 30.728
 58  52.209401  65.778983    16.592    16.587  4 54243.71782739 53.143
 59  52.208812  65.779329    16.539    16.524  4 54278.71784008 49.912
 60  52.212955  65.779686    11.722    11.726  4 54313.71784001 31.270
 61  52.217351  65.783223    13.378    13.059  4 54348.71781106 28.125
 62  52.207588  65.776489    11.732    11.709  4 54383.71777740 34.019
 63  52.210447  65.786276    10.705    10.767  4 54418.71776121 45.794
 64  52.205802  65.771557    11.361    10.729  5 54453.71774713 23.395
 65  52.206395  65.787368    14.182    14.971  5 54488.71776027 14.887
 66  52.207892  65.777607    14.085    14.000  4 54523.71776118 12.975
 67  52.209015  65.788047     9.478     9.312  5 54558.71776994 25.627
 68  52.209911  65.777748    13.789    13.569  4 54593.71775736 11.543
 69  52.210861  65.779163    17.578    17.585  4 54628.71777222 47.874
 70  52.209105  65.776624    11.208    11.191  4 54663.71777899 36.152
 71  52.217388  65.783388    10.901    10.843  4 54698.71775290 44.583
 72  52.205316  65.774627    11.050    10.988  4 54733.71773642 31.845
 73  52.205248  65.787355    11.905    11.868  5 54768.71773354 44.512
 74  52.207613  65.771803    12.061    11.544  5 54803.71772967 33.204
 75  52.210628  65.779698    14.139    14.126  4 54838.71772581 14.594
 76  52.207443  65.775389    13.635    13.547  4 54873.71772993 13.807
 77  52.212655  65.786176    14.196    15.113  3 54908.71773354 14.177
 78  52.208528  65.771994    13.942    14.051  5 54943.71772227  9.717
 79  52.209525  65.779097    16.252    16.243  4 54978.71775063 42.854
 80  52.210835  65.779350    13.980    13.575  4 55013.71775589 39.228
 81  52.209768  65.779499    11.245    10.771  4 55048.71774919 32.437
 82  52.209436  65.792979    10.910    10.108  5 55083.71772085 28.797
 83  52.206421  65.776154    13.037    12.610  4 55118.71768024 35.265
 84  52.205645  65.787166    10.486    10.655  5 55153.71767865 38.108
 85  52.201054  65.778668    13.125    13.559  5 55188.71766977 17.999
 86  52.212641  65.779725    13.887    14.050  4 55223.71767638 17.576
 87  52.206429  65.781047    12.499    13.459  3 55258.71766583 16.692
 88  52.209991  65.789335    13.742    14.716  5 55293.71766538 10.841
 89  52.209099  65.777537    16.107    16.107  4 55328.71764816 51.997
 90  52.207459  65.787765    14.867    14.480  5 55363.71764484 43.245
 91  52.204639  65.775806    10.570    10.520  4 55398.71765234 50.031
 92  52.211893  65.780421    10.396    10.384  4 55433.71765950 48.795
 93  52.212160  65.793121    11.526    11.540  5 55468.71761807 49.392
