# NaN NaN NaN ;Mean Elev.(m), Avg Gradient(m/km), RMS Gradient(m/km) - SRTM1     
#   11.200  -1.406   5.246 ;Mean Elev.(m), Avg Gradient(m/km), RMS Gradient(m/km) - ASTER GDEM
#    3.000  -1.290   2.830 ;Mean Elev.(m), Avg Gradient(m/km), RMS Gradient(m/km) - GMTED2010 
  7  53.463599  67.889246     0.794     0.490  4 52468.70827001 22.189
  8  53.469122  67.888186    -1.000    -1.021  4 52503.70825740 14.622
  9  53.448104  67.887339     1.045     1.119  3 52538.70824185 18.085
 10  53.458969  67.888502    -0.136    -0.125  3 52573.70828337 43.573
 11  53.470569  67.889567    -0.022     0.035  3 52608.70824201 18.563
 12  53.456535  67.887404     0.137     0.139  3 52643.70823629 13.582
 13  53.475164  67.889962     0.199     0.179  4 52678.70821726 11.580
 15  53.464787  67.888731     0.350     0.540  3 52748.70828367 33.357
 16  53.445634  67.886902     3.279     3.257  4 52783.70822504 30.073
 17  53.447151  67.887282     1.903     1.416  3 52818.70830213 17.234
 18  53.457817  67.888252     0.098     0.106  4 52853.70835131 52.373
 20  53.475998  67.888934     0.785     0.845  3 52923.70833867 17.339
 21  53.458951  67.887609     0.807     0.802  4 52958.70830527 31.442
 22  53.462719  67.887558     0.135     0.093  3 52993.70833325 17.957
 23  53.480490  67.889374     0.098     0.112  4 53028.70829757 11.219
 24  53.466347  67.888112     0.079     0.062  4 53063.70830566 11.140
 25  53.471897  67.888661     0.897     1.042  3 53098.70832012 10.025
 26  53.464872  67.889190    -0.066    -0.139  4 53133.70830461 13.024
 28  53.461932  67.888385     0.496     0.503  4 53203.70837777 45.247
 29  53.478397  67.889697    -0.031    -0.038  3 53238.70834600 24.011
 30  53.445935  67.887278     0.683     0.682  4 53273.70830783 25.482
 31  53.454980  67.887725     0.535     0.536  4 53308.70836406 42.912
 33  53.447767  67.887672     0.238     0.252  4 53378.70827403 20.669
 34  53.469103  67.889037    -0.020    -0.042  3 53413.70830672 16.272
 35  53.445250  67.886537    -0.235    -0.281  3 53448.70829634 13.908
 36  53.451489  67.887155     0.101     0.082  3 53483.70838166 11.068
 37  53.467882  67.888990     2.418     2.319  3 53518.70838024 21.256
 38  53.459297  67.888599     0.300     0.272  4 53553.70840238 22.683
 39  53.477065  67.889671     0.074     0.021  3 53588.70835026 20.532
 40  53.441541  67.886524     0.375     0.328  3 53623.70832460 28.399
 41  53.455273  67.887008     0.568     0.504  4 53658.70835135 30.103
 42  53.470001  67.889084     0.268     0.411  3 53693.70833071 22.358
 43  53.483295  67.890061     0.289     0.249  4 53728.70825364 20.948
 44  53.461410  67.887167     0.177     0.209  4 53763.70821421 10.451
 45  53.479163  67.889693     0.372     0.328  3 53798.70822256  9.228
 46  53.449413  67.887696     0.292     0.244  4 53833.70821835  8.486
 47  53.457667  67.886900     0.857     0.503  4 53868.70828306 22.598
 48  53.461624  67.887930     0.048     1.825  4 53903.70831589 22.262
 49  53.454433  67.886900     0.667     0.666  4 53938.70835103 31.960
 50  53.471136  67.889196    -0.200    -0.160  3 53973.70831223 21.861
 51  53.450408  67.887182     0.569     0.609  3 54008.70830353 30.727
 52  53.462082  67.888835    -0.074    -0.072  4 54043.70832477 20.623
 53  53.470941  67.889923    -0.082    -0.068  4 54078.70831833 12.931
 54  53.483092  67.888918     0.544     0.565  4 54113.70825514 16.486
 56  53.480192  67.889716     0.239     0.230  4 54183.70824478 13.375
 57  53.457147  67.886843     0.379     0.366  4 54218.70827252 21.194
 58  53.461737  67.889109     2.215     2.134  4 54253.70829771 22.499
 59  53.468071  67.889056     1.519     1.492  3 54288.70830105 15.651
 60  53.466623  67.889257     1.156     1.097  4 54323.70829853 16.184
 61  53.481797  67.889772     0.808     0.843  4 54358.70825440 16.950
 62  53.463024  67.888863     0.244     0.298  4 54393.70823877 25.451
 63  53.474542  67.888749     0.506     0.530  3 54428.70820451 32.065
 64  53.460141  67.887350     0.495     0.458  4 54463.70821735 14.198
 65  53.472903  67.888743     0.199     0.223  3 54498.70821438 13.109
 66  53.464203  67.888740    -0.051    -0.049  4 54533.70823144 11.221
 67  53.478798  67.890134    -0.086    -0.069  3 54568.70821854  8.435
 68  53.461104  67.888757     0.458     0.428  4 54603.70822640 19.304
 69  53.465609  67.889219     1.848     1.813  4 54638.70823692 21.699
 70  53.465317  67.888971     0.135     0.222  4 54673.70823975 27.854
 71  53.476917  67.889333     0.671     0.647  4 54708.70819769 16.473
 72  53.461327  67.888199     0.399     0.394  4 54743.70820577 51.037
 73  53.470622  67.889411     0.208     0.128  4 54778.70818042 31.529
 74  53.458245  67.887105     0.254     0.195  4 54813.70819909 21.785
 75  53.472452  67.889573     0.453     0.360  3 54848.70817994 14.567
 76  53.460562  67.887791     0.139     0.133  4 54883.70820250 11.761
 77  53.478841  67.889318     0.225     0.200  3 54918.70818198 10.850
 78  53.460589  67.887415     0.353     0.304  4 54953.70819718  8.692
 79  53.459600  67.888673     2.728     2.756  4 54988.70822139 25.985
 80  53.471207  67.888370     0.055     0.078  3 55023.70821285 24.125
 81  53.468271  67.888312    -0.005     0.016  3 55058.70820809 27.712
 82  53.479249  67.889185     0.325     0.340  4 55093.70816198 18.332
 83  53.463297  67.887932     0.452     0.446  4 55128.70814895 37.512
 84  53.470221  67.889295    -0.175    -0.128  3 55163.70812382 23.237
 85  53.459055  67.887759    -0.077    -0.068  4 55198.70814056 18.359
 86  53.474143  67.890254     0.322     0.317  4 55233.70812852 16.485
 87  53.464678  67.887723     0.428     0.410  4 55268.70813500 13.001
 88  53.481696  67.889133     0.482     0.426  4 55303.70810832 11.601
 89  53.466242  67.888609     2.071     2.092  3 55338.70810815 22.335
 90  53.468635  67.889630     0.701     0.445  4 55373.70809925 21.127
 91  53.461529  67.889083    -0.108    -0.080  4 55408.70812047 47.544
 92  53.468615  67.888880     0.254     0.323  3 55443.70811691 25.522
 93  53.483813  67.889651     1.275     1.242  4 55478.70805452 15.400
