# NaN NaN NaN ;Mean Elev.(m), Avg Gradient(m/km), RMS Gradient(m/km) - SRTM1     
#   -7.909  -1.190   5.934 ;Mean Elev.(m), Avg Gradient(m/km), RMS Gradient(m/km) - ASTER GDEM
#   24.000  -0.098   1.527 ;Mean Elev.(m), Avg Gradient(m/km), RMS Gradient(m/km) - GMTED2010 
  7  52.531650  66.040705    11.707    11.732  4 52454.32542032 26.087
  8  52.534485  66.037503     9.230     8.771  4 52489.32539800 22.082
  9  52.531780  66.046667    10.328    10.323  7 52524.32537289 27.018
 10  52.536548  66.036466     9.561     9.614  3 52559.32542416 23.520
 11  52.532733  66.043943     9.891     9.942  5 52594.32542651 35.844
 13  52.531954  66.038288     9.273     9.251  4 52664.32538923 16.342
 14  52.545134  66.028247    10.804    10.213  3 52699.32536473  9.851
 15  52.536475  66.037763    14.820    14.837  4 52734.32539052 13.446
 16  52.530001  66.049201     9.422     8.750  7 52769.32538426 30.214
 17  52.540787  66.030359    12.644    12.630  3 52804.32541632 39.782
 18  52.538496  66.031429     8.659     8.660  3 52839.32547849 29.767
 19  52.536407  66.034336     7.657     7.664  3 52874.32551755 47.918
 21  52.548038  66.028485     7.639     7.660  3 52944.32543002 46.769
 22  52.538560  66.032726     8.328     8.324  3 52979.32548280 29.377
 23  52.533060  66.044986     7.536     7.701  6 53014.32547867 23.389
 24  52.540790  66.032520     8.077     7.603  3 53049.32545286 29.528
 25  52.531418  66.047847    12.037    12.193  7 53084.32548622 14.370
 26  52.537361  66.035143     9.266     9.182  4 53119.32545846  9.486
 27  52.534388  66.039430    15.230    15.265  4 53154.32550949 29.696
 28  52.537874  66.033659    13.563    13.715  3 53189.32549987 22.718
 29  52.533467  66.039505     7.210     7.198  4 53224.32551232 49.639
 30  52.530082  66.049293     9.145     8.468  8 53259.32548569 25.184
 31  52.533963  66.036358     8.657     8.682  4 53294.32551325 26.396
 32  52.535905  66.039067     8.647     8.630  4 53329.32548604 29.394
 33  52.530990  66.040922     8.474     8.274  4 53364.32543706 27.401
 34  52.537112  66.034846     9.383     9.340  4 53399.32546183 15.178
 35  52.532393  66.042333     9.957     9.913  4 53434.32545106 14.630
 36  52.538520  66.033688    14.657    14.627  4 53469.32549509 14.313
 37  52.532655  66.041374    10.942    10.945  5 53504.32553711 39.520
 38  52.534437  66.040637    12.699    12.968  4 53539.32553549 20.712
 39  52.533635  66.046595     7.922     7.949  7 53574.32553174 50.808
 40  52.529472  66.048717     9.117     9.287  7 53609.32548159 24.958
 41  52.540467  66.032128     9.009     8.980  3 53644.32548674 31.235
 42  52.533135  66.044467    10.624    10.411  5 53679.32550254 22.050
 43  52.530831  66.041473     7.614     7.595  4 53714.32543138 43.464
 44  52.544955  66.027560    10.028     9.212  3 53749.32534862 14.232
 45  52.535446  66.038172     8.944     9.086  4 53784.32537755 14.533
 46  52.530582  66.048937    10.492    10.658  7 53819.32533664 15.562
 47  52.536412  66.036178     6.964     6.937  3 53854.32541933 17.430
 48  52.538051  66.032154    14.136    14.162  3 53889.32542882 28.522
 49  52.530668  66.041184     8.624     8.576  5 53924.32549407 33.210
 50  52.532780  66.049243    11.815    11.418  7 53959.32548311 18.502
 51  52.549248  66.028375    10.087     8.905  3 53994.32541837 23.483
 52  52.540099  66.030944     7.674     7.683  3 54029.32547675 44.287
 53  52.534684  66.037715     9.907     9.934  3 54064.32546959 25.798
 54  52.531106  66.045653     9.190     9.210  5 54099.32543445 17.174
 55  52.540586  66.032559    10.576    10.304  3 54134.32539468 12.758
 57  52.538450  66.031716     6.925     6.944  3 54204.32539916 22.870
 58  52.536321  66.037575    13.790    13.793  4 54239.32543245 45.995
 59  52.533433  66.036806    13.300    13.280  4 54274.32544978 24.088
 60  52.535990  66.036886     9.327     9.306  3 54309.32545142 52.895
 61  52.533199  66.046374     9.186     9.203  7 54344.32542671 32.142
 62  52.538903  66.034566    10.206    10.415  3 54379.32538765 18.568
 63  52.533085  66.040245     9.518     9.524  4 54414.32537602 46.706
 64  52.539537  66.031837     9.080     9.041  3 54449.32535518 22.686
 65  52.535968  66.036451     9.212     9.181  4 54484.32537097 16.966
 66  52.540473  66.034321     9.236     9.421  3 54519.32536837 15.065
 67  52.531972  66.043999     7.337     7.319  6 54554.32538132 19.914
 68  52.536271  66.035392     8.386     8.024  3 54589.32536394 21.105
 69  52.534623  66.040361    15.395    15.342  4 54624.32538042 29.943
 70  52.535649  66.040122     9.299     9.313  4 54659.32538907 49.413
 71  52.532923  66.041360     7.520     7.480  4 54694.32536891 43.697
 72  52.539252  66.034280     9.542     9.458  3 54729.32534434 21.445
 73  52.533969  66.037541     9.032     8.885  4 54764.32534779 32.120
 74  52.539073  66.031445     9.343     9.337  3 54799.32533850 32.425
 75  52.535241  66.040310     9.504     9.580  4 54834.32533791 19.330
 76  52.540248  66.031590    10.502    10.588  3 54869.32533529 14.088
 77  52.532763  66.047720    10.157     9.945  7 54904.32534604 15.177
 78  52.537843  66.034468    10.729    10.554  3 54939.32532586 10.576
 79  52.535317  66.036401    12.814    12.813  3 54974.32535626 51.651
 80  52.533290  66.040915    13.298    13.243  4 55009.32536909 28.152
 81  52.536416  66.037911     7.928     7.920  4 55044.32535951 29.858
 82  52.531185  66.043322     9.547     9.438  6 55079.32533513 27.710
 83  52.538039  66.035014     9.975     9.753  4 55114.32529242 22.764
 84  52.533016  66.038370     8.242     8.219  4 55149.32529206 33.755
 85  52.540915  66.033855     9.019     9.203  3 55184.32527551 17.403
 86  52.532953  66.040990     9.457     9.451  4 55219.32528940 16.461
 87  52.539138  66.033067     9.547     9.481  3 55254.32527192 14.185
 88  52.532796  66.047320    12.101    12.306  7 55289.32527785  8.961
 89  52.533243  66.038117    14.755    14.775  4 55324.32525778 44.537
 90  52.533242  66.040004    11.949    12.049  5 55359.32525567 38.348
 91  52.538492  66.035949     8.605     8.634  3 55394.32526045 37.527
 92  52.535801  66.036847     7.425     7.370  3 55429.32527175 25.484
 93  52.530344  66.043773     9.641     9.358  6 55464.32523346 29.779
