-209938.247   151.904     0.00    2.99
-209559.034   152.562     1.74    4.04
-209179.750   153.812     3.29    4.93
-208800.393   157.949    10.91    7.11
-208420.965   161.210     8.59    6.27
-208041.463   163.686     6.52    6.30
-207661.890   165.613     5.07    6.42
-207282.244   166.517     2.38    7.36
-206902.526   166.588     0.18    9.53
-206522.735   163.279    -8.71    9.83
-206142.872   159.713    -9.39    8.19
-205762.936   159.061    -1.71    5.64
-205382.927   160.756     4.46    6.10
-205002.846   163.859     8.16    7.41
-204622.692   167.835    10.46    7.36
-204242.466   169.047     3.19    6.83
-203871.055   168.084    -2.59    5.98
-203504.669   165.988    -5.72    5.28
-203138.217   162.756    -8.82    5.30
-202771.697   162.080    -1.84    5.36
-202405.111   164.975     7.90    8.42
-202038.458   169.738    12.99   10.25
-201671.737   174.988    14.31    8.95
-201304.950   175.071     0.23    8.44
-200938.096   171.383   -10.05    9.00
-200571.175   169.395    -5.42    7.64
-200204.186   169.205    -0.52    8.09
-199837.130   169.071    -0.36    9.03
-199470.008   168.776    -0.80    9.08
-199102.818   167.810    -2.63    7.77
-198735.560   167.583    -0.62    7.23
-198368.236   169.322     4.73    7.82
-198000.844   171.226     5.18    6.75
-197633.384   172.012     2.14    5.24
-197265.858   170.919    -2.97    4.65
-196898.263   170.671    -0.67    4.87
-196530.602   169.460    -3.29    6.51
-196162.872   167.084    -6.46    9.37
-195795.076   166.128    -2.60   10.78
-195427.211   164.924    -3.27   11.65
-195059.279   162.651    -6.18   12.73
-194691.280   161.247    -3.82   12.60
-194323.212   161.616     1.00   11.14
-193955.077   161.765     0.41    9.23
-193586.874   159.024    -7.44    9.58
-193218.604   154.683   -11.79   11.60
-192850.265   147.482   -19.55   12.17
-192481.859   141.860   -15.26   10.92
-192113.384   136.765   -13.83    9.41
-191744.842   132.602   -11.29    8.31
-191376.231   128.557   -10.97    6.81
-191007.553   127.271    -3.49    6.96
-190638.806   130.277     8.15    9.70
-190269.992   134.412    11.21   10.46
-189901.109   140.235    15.78    7.93
-189532.158   143.609     9.14    5.61
-189163.139   145.627     5.47    4.46
-188794.051   146.141     1.39    3.94
-188424.895   146.877     1.99    4.26
-188055.671   147.713     2.26    4.87
-187686.379   148.900     3.21    5.39
-187317.018   149.512     1.66    5.51
-186947.588   148.838    -1.82    5.93
-186578.090   146.964    -5.07    6.05
-186208.524   145.713    -3.39    6.63
-185838.889   145.512    -0.54    6.53
-185469.185   145.084    -1.16    6.73
-185099.413   145.140     0.15    6.08
-184729.572   144.341    -2.16    5.47
-184359.662   142.940    -3.79    5.80
-183989.684   142.106    -2.26    6.58
-183619.636   141.655    -1.22    6.75
-183249.520   140.447    -3.26    6.36
-182879.335   138.477    -5.32    5.50
-182509.081   136.096    -6.43    4.83
-182138.758   135.583    -1.39    4.31
-181768.366   135.195    -1.05    4.20
-181397.905   134.181    -2.74    3.63
-181027.375   133.663    -1.40    3.49
-180656.776   134.558     2.42    3.77
-180286.108   136.212     4.46    4.99
-179915.370   139.071     7.71    4.95
-179544.564   141.419     6.33    3.39
-179173.688   142.036     1.66    2.75
-178802.742   141.372    -1.79    2.91
-178431.728   140.376    -2.68    2.82
-178060.644   138.851    -4.11    3.46
-177689.490   135.702    -8.48    5.41
-177318.267   131.153   -12.25    6.74
-176946.975   126.358   -12.91    6.04
-176575.613   122.907    -9.29    4.38
-176204.182   120.716    -5.90    2.94
-175832.681   120.563    -0.41    2.96
-175461.110   120.802     0.64    3.61
-175089.469   121.103     0.81    3.58
-174717.759   121.012    -0.25    3.27
-174345.979   119.929    -2.91    2.69
-173974.129   118.573    -3.65    1.84
-173602.210   117.517    -2.84    1.43
-173230.220   116.963    -1.49    1.24
-172858.161   116.517    -1.20    1.32
-172486.031   115.630    -2.38    1.94
-172113.832   114.092    -4.13    2.57
-171741.562   112.247    -4.96    2.95
-171369.223   110.360    -5.07    2.49
-170996.813   109.220    -3.06    1.73
-170624.333   108.442    -2.09    1.67
-170251.783   107.726    -1.92    2.26
-169879.163   106.103    -4.35    2.57
-169506.472   105.024    -2.90    2.05
-169133.711   104.988    -0.10    2.61
-168760.880   106.217     3.29    3.94
-168387.978   107.989     4.75    5.27
-168015.006   109.153     3.12    6.27
-167641.963   110.506     3.63    6.06
-167268.850   110.793     0.77    4.99
-166895.666   109.279    -4.06    5.58
-166522.412   107.422    -4.98    6.32
-166149.087   104.310    -8.33    5.86
-165775.691   101.547    -7.40    4.93
-165402.225    99.581    -5.26    3.65
-165028.688    99.277    -0.81    3.31
-164655.080    98.907    -0.99    3.43
-164281.401    98.214    -1.85    4.33
-163907.651    97.471    -1.99    3.79
-163533.831    96.919    -1.48    3.11
-163159.939    96.023    -2.39    3.30
-162785.977    95.631    -1.05    3.17
-162411.943    94.965    -1.78    3.44
-162037.838    94.643    -0.86    3.47
-161663.662    95.247     1.61    3.78
-161289.415    95.953     1.89    3.90
-160915.097    96.035     0.22    4.39
-160540.708    96.169     0.36    4.43
-160166.247    96.128    -0.11    4.45
-159791.715    96.762     1.69    4.12
-159417.111    96.802     0.11    4.04
-159042.437    96.500    -0.81    4.32
-158667.690    95.368    -3.02    5.00
-158292.873    94.843    -1.40    5.29
-157917.983    94.465    -1.01    5.44
-157543.022    93.819    -1.72    5.04
-157167.990    92.875    -2.52    5.52
-156792.886    92.906     0.08    6.30
-156417.710    92.852    -0.14    6.97
-156042.462    92.145    -1.89    6.84
-155667.143    90.419    -4.60    6.45
-155291.752    88.940    -3.94    5.10
-154916.289    89.216     0.74    5.57
-154540.754    90.321     2.94    6.60
-154165.147    93.227     7.74    6.86
-153789.468    96.111     7.68    5.25
-153413.717    98.310     5.85    4.70
-153037.894   101.370     8.14    4.05
-152661.999   104.897     9.38    5.80
-152286.032   108.235     8.88    4.42
-151909.993   108.651     1.11    3.77
-151533.881   107.309    -3.57    4.38
-151157.697   104.465    -7.56    5.00
-150781.441   101.338    -8.31    4.32
-150405.112    98.955    -6.33    3.69
-150028.711    96.247    -7.19    3.96
-149652.238    94.512    -4.61    3.82
-149275.692    94.085    -1.13    3.44
-148899.074    94.678     1.57    3.52
-148522.383    96.110     3.80    3.85
-148145.619    97.195     2.88    3.32
-147768.783    97.892     1.85    2.78
-147391.874    98.368     1.26    3.14
-147014.893    99.798     3.79    4.56
-146637.838   101.682     5.00    5.72
-146260.711   103.181     3.97    6.44
-145883.511   103.953     2.05    7.02
-145506.238   104.395     1.17    6.87
-145128.892   105.874     3.92    6.19
-144751.474   107.977     5.57    5.19
-144373.982   110.184     5.85    4.48
-143996.417   111.590     3.72    3.55
-143618.779   112.114     1.39    2.89
-143241.068   111.477    -1.69    3.33
-142863.283   110.869    -1.61    3.03
-142485.426   110.580    -0.77    3.11
-142107.495   111.448     2.30    3.92
-141729.490   113.849     6.35    4.03
-141351.413   115.849     5.29    3.52
-140973.262   116.782     2.47    2.30
-140595.038   116.202    -1.53    2.61
-140216.740   114.116    -5.51    3.57
-139838.368   112.000    -5.59    3.63
-139459.923   109.310    -7.11    3.85
-139081.405   106.704    -6.89    3.96
-138702.812   104.523    -5.76    4.83
-138324.146   103.171    -3.57    5.63
-137945.407   100.386    -7.35    6.94
-137566.593    96.220   -11.00    7.20
-137187.706    91.126   -13.44    7.20
-136808.745    86.780   -11.47    6.56
-136429.709    83.609    -8.37    7.25
-136050.600    80.047    -9.40    8.52
-135671.417    80.163     0.31    9.95
-135292.160    82.554     6.30   10.74
-134912.829    87.034    11.81    9.85
-134533.424    91.149    10.85    5.92
-134153.944    92.271     2.95    5.50
-133774.390    90.045    -5.86    6.87
-133394.762    86.709    -8.79    7.13
-133015.060    81.419   -13.93    7.38
-132635.284    77.128   -11.30    7.68
-132255.432    72.080   -13.29    7.26
-131875.507    68.106   -10.46    5.74
-131495.507    65.170    -7.72    4.13
-131115.433    63.000    -5.71    2.81
-130735.284    62.310    -1.81    2.99
-130355.060    62.220    -0.24    4.38
-129974.762    63.494     3.35    5.43
-129594.389    65.420     5.06    5.75
-129218.773    67.159     4.63    5.36
-128852.600    69.098     5.29    4.32
-128486.358    71.775     7.31    6.12
-128120.047    74.341     7.00    6.68
-127753.668    76.011     4.56    6.36
-127387.220    75.791    -0.60    5.82
-127020.704    72.337    -9.42    6.49
-126654.119    68.759    -9.76    6.14
-126287.466    64.345   -12.04    3.19
-125920.743    61.835    -6.84    3.82
-125553.952    58.310    -9.61    4.52
-125187.092    55.839    -6.74    3.91
-124820.164    53.965    -5.11    2.30
-124453.166    53.364    -1.64    1.75
-124086.099    54.183     2.23    2.51
-123718.964    56.667     6.76    3.69
-123351.759    60.232     9.71    5.53
-122984.486    64.477    11.56    5.99
-122617.143    68.071     9.78    5.07
-122249.732    70.862     7.60    3.12
-121882.251    72.536     4.55    2.94
-121514.701    74.830     6.24    3.58
-121147.081    76.898     5.63    3.72
-120779.393    79.289     6.50    3.05
-120411.635    80.682     3.79    2.28
-120043.808    80.586    -0.26    2.66
-119675.911    79.102    -4.03    3.97
-119307.945    76.393    -7.36    4.32
-118939.910    75.414    -2.66    3.85
-118571.805    76.313     2.44    4.09
-118203.630    79.045     7.42    4.30
-117835.386    80.659     4.38    2.95
-117467.072    79.011    -4.47    4.08
-117098.689    76.929    -5.65    4.72
-116730.236    75.425    -4.08    4.53
-116361.713    75.035    -1.06    5.12
-115993.120    77.047     5.46    6.66
-115624.458    79.023     5.36    6.16
-115255.725    81.670     7.18    6.03
-114886.923    83.942     6.16    4.66
-114518.051    85.011     2.90    2.78
-114149.109    83.820    -3.23    3.82
-113780.097    81.553    -6.14    5.11
-113411.015    77.852   -10.03    5.85
-113041.862    73.929   -10.63    5.89
-112672.640    70.841    -8.36    5.05
-112303.347    69.512    -3.60    5.20
-111933.984    69.207    -0.83    6.51
-111564.551    70.747     4.17    7.40
-111195.048    71.011     0.71    7.34
-110825.474    68.940    -5.60    7.22
-110455.830    65.908    -8.20    8.06
-110086.116    62.012   -10.54    7.39
-109716.331    58.023   -10.79    5.65
-109346.475    56.118    -5.15    4.02
-108976.549    57.770     4.47    5.07
-108606.553    60.929     8.54    6.09
-108236.486    66.843    15.98    8.00
-107866.348    72.793    16.07    7.94
-107496.139    78.092    14.31    5.85
-107125.860    80.114     5.46    4.37
-106755.510    78.274    -4.97    6.64
-106385.089    73.112   -13.93    8.65
-106014.597    68.437   -12.62    7.35
-105644.035    67.632    -2.17    5.88
-105273.401    73.233    15.11   10.55
-104902.696    80.852    20.55   12.29
-104531.921    88.871    21.62    8.53
-104161.074    92.295     9.23    4.96
-103790.157    93.277     2.65    3.15
-103419.168    90.284    -8.07    5.28
-103048.108    85.683   -12.40    6.15
-102676.976    79.759   -15.96    7.64
-102305.774    73.840   -15.94    7.60
-101934.500    69.830   -10.80    6.90
-101563.155    65.220   -12.41    5.19
-101191.738    60.978   -11.42    6.52
-100820.250    58.183    -7.52    5.42
-100448.691    58.386     0.55    8.04
-100077.060    59.859     3.96   10.56
 -99705.357    62.705     7.66   11.66
 -99333.583    64.929     5.98   11.78
 -98961.737    67.148     5.97   10.39
 -98589.820    66.895    -0.68    9.21
 -98217.831    64.125    -7.45    9.30
 -97845.770    57.869   -16.81   11.16
 -97473.637    52.852   -13.48    9.78
 -97101.432    49.851    -8.06    8.80
 -96729.156    49.759    -0.25    9.70
 -96356.808    51.314     4.18    9.18
 -95984.387    51.884     1.53    6.47
 -95611.895    51.795    -0.24    4.60
 -95239.330    52.011     0.58    4.47
 -94866.694    51.616    -1.06    4.50
 -94493.985    50.159    -3.91    4.77
 -94121.205    47.860    -6.17    3.94
 -93748.352    46.250    -4.32    3.82
 -93375.426    44.034    -5.94    3.64
 -93002.429    41.267    -7.42    3.89
 -92629.359    38.614    -7.11    3.27
 -92256.217    36.920    -4.54    1.78
 -91883.002    36.386    -1.43    1.58
 -91509.715    35.453    -2.50    2.30
 -91136.355    35.250    -0.54    2.83
 -90762.923    37.356     5.64    5.34
 -90389.418    40.580     8.63    6.97
 -90015.841    46.035    14.60    6.55
 -89642.190    51.466    14.53    4.85
 -89268.468    55.035     9.55    4.99
 -88894.672    58.011     7.96    5.76
 -88520.804    60.393     6.37    6.78
 -88146.862    61.528     3.04    8.69
 -87772.848    61.857     0.88    9.77
 -87398.761    61.057    -2.14    9.17
 -87024.601    61.765     1.89    8.46
 -86650.368    64.089     6.21    8.10
 -86276.062    67.659     9.54    8.50
 -85901.683    72.386    12.63    6.86
 -85527.231    75.400     8.05    2.92
 -85152.705    74.898    -1.34    3.18
 -84778.106    73.774    -3.00    3.25
 -84403.434    74.341     1.51    3.58
 -84028.689    76.833     6.65    5.27
 -83653.870    80.227     9.05    5.52
 -83278.978    83.655     9.14    4.58
 -82904.013    85.856     5.87    3.89
 -82528.974    86.857     2.67    3.56
 -82153.861    88.322     3.90    2.86
 -81778.675    88.373     0.14    2.63
 -81403.415    86.775    -4.26    3.69
 -81028.082    84.571    -5.87    4.30
 -80652.675    81.466    -8.27    3.84
 -80277.194    78.714    -7.33    3.06
 -79901.639    77.110    -4.27    2.93
 -79526.011    75.798    -3.49    2.44
 -79150.309    74.656    -3.04    2.60
 -78774.533    72.612    -5.44    3.79
 -78398.682    70.023    -6.89    4.01
 -78022.758    67.214    -7.47    2.57
 -77646.760    65.517    -4.51    2.78
 -77270.688    64.094    -3.78    3.50
 -76894.541    63.202    -2.37    3.27
 -76518.321    62.453    -1.99    3.68
 -76142.026    63.295     2.24    3.91
 -75765.657    65.291     5.30    3.96
 -75389.214    67.433     5.69    5.21
 -75012.696    68.977     4.10    5.67
 -74636.104    69.909     2.48    5.10
 -74259.437    69.302    -1.61    5.63
 -73882.696    68.102    -3.19    5.25
 -73505.881    66.172    -5.12    5.06
 -73128.990    64.670    -3.98    5.45
 -72752.026    62.621    -5.44    6.52
 -72374.986    60.489    -5.65    7.93
 -71997.872    57.609    -7.64    8.81
 -71620.683    53.753   -10.22    9.93
 -71243.420    51.125    -6.97   10.82
 -70866.081    47.920    -8.49   11.93
 -70488.668    44.580    -8.85   12.17
 -70111.180    41.391    -8.45   11.28
 -69733.617    37.477   -10.36    9.27
 -69355.978    34.727    -7.28    6.72
 -68978.265    33.534    -3.16    4.28
 -68600.477    33.701     0.44    4.88
 -68222.613    36.116     6.39    8.04
 -67844.675    40.034    10.37   10.43
 -67466.661    43.875    10.16    9.73
 -67088.571    45.724     4.89    8.90
 -66710.407    43.820    -5.03    7.34
 -66332.167    44.233     1.09    5.65
 -65953.852    46.461     5.89    5.99
 -65575.461    49.701     8.56    6.62
 -65196.995    54.795    13.46    6.69
 -64818.453    59.119    11.42    6.72
 -64439.836    63.685    12.06    6.11
 -64061.143    68.554    12.86    5.50
 -63682.374    73.011    11.77    6.63
 -63303.529    78.155    13.58    6.34
 -62924.609    82.456    11.35    3.60
 -62545.613    83.357     2.38    2.77
 -62166.541    82.264    -2.88    3.35
 -61787.394    79.452    -7.41    4.37
 -61408.170    74.545   -12.94    6.61
 -61028.870    68.814   -15.11    6.89
 -60649.495    63.674   -13.55    5.87
 -60270.043    59.635   -10.64    3.86
 -59890.515    57.523    -5.57    3.65
 -59510.911    56.460    -2.80    4.14
 -59131.230    55.148    -3.46    4.62
 -58751.474    53.182    -5.18    5.79
 -58371.641    50.922    -5.95    6.38
 -57991.732    49.420    -3.95    6.38
 -57611.746    48.932    -1.29    6.34
 -57231.684    48.326    -1.59    6.42
 -56851.545    48.989     1.74    6.43
 -56471.330    49.733     1.96    6.49
 -56091.038    51.402     4.39    6.63
 -55710.670    52.652     3.28    5.63
 -55330.225    53.644     2.61    5.04
 -54949.703    52.933    -1.87    6.95
 -54569.521    49.835    -8.15    9.25
 -54203.565    47.270    -7.01   10.03
 -53837.540    44.640    -7.19    9.37
 -53471.444    41.534    -8.48    7.70
 -53105.277    37.432   -11.20    6.40
 -52739.041    32.852   -12.50    7.20
 -52372.734    27.562   -14.44    6.84
 -52006.357    22.552   -13.67    5.95
 -51639.910    19.719    -7.73    5.10
 -51273.392    16.952    -7.55    7.36
 -50906.804    14.011    -8.02    7.75
 -50540.145    11.440    -7.01    7.21
 -50173.416     8.560    -7.85    6.86
 -49806.616     6.386    -5.93    6.24
 -49439.745     4.189    -5.99    5.56
 -49072.804     2.795    -3.80    6.10
 -48705.793     3.719     2.52    5.43
 -48338.710     5.281     4.25    4.32
 -47971.557     7.807     6.88    4.71
 -47604.333     9.584     4.84    5.20
 -47237.038    11.511     5.25    4.76
 -46869.672    12.385     2.38    4.81
 -46502.235    12.798     1.12    5.41
 -46134.728    15.644     7.75    9.24
 -45767.149    21.190    15.09   14.29
 -45399.499    28.742    20.54   15.32
 -45031.778    34.529    15.74   12.28
 -44663.986    34.933     1.10   10.42
 -44296.123    34.126    -2.19    8.17
 -43928.189    36.528     6.53    8.44
 -43560.183    41.250    12.83    9.56
 -43192.106    46.897    15.34    8.14
 -42823.958    49.472     7.00    6.79
 -42455.738    50.314     2.29    5.77
 -42087.447    49.888    -1.16    5.56
 -41719.084    50.400     1.39    5.87
 -41350.650    49.778    -1.69    5.78
 -40982.145    49.417    -0.98    5.61
 -40613.568    49.330    -0.24    4.46
 -40244.919    49.621     0.79    2.54
 -39876.198    50.678     2.87    2.33
 -39507.406    51.977     3.52    2.15
 -39138.542    52.596     1.68    1.70
 -38769.606    52.402    -0.52    1.81
 -38400.598    51.517    -2.40    2.03
 -38031.519    50.889    -1.70    1.59
 -37662.368    50.363    -1.43    2.10
 -37293.144    50.667     0.82    2.71
 -36923.849    50.831     0.45    3.01
 -36554.481    50.769    -0.17    3.45
 -36185.042    50.849     0.22    3.38
 -35815.530    51.843     2.69    3.47
 -35445.946    53.434     4.30    2.89
 -35076.290    54.382     2.57    2.46
 -34706.562    54.512     0.35    2.66
 -34336.761    52.360    -5.82    4.26
 -33966.888    51.291    -2.89    4.28
 -33596.943    51.478     0.51    4.11
 -33226.925    52.045     1.53    3.95
 -32856.835    52.640     1.61    2.41
 -32486.672    52.043    -1.61    1.69
 -32116.437    51.622    -1.14    1.45
 -31746.129    51.489    -0.36    1.57
 -31375.748    50.466    -2.76    1.83
 -31005.295    49.233    -3.33    1.70
 -30634.769    48.398    -2.26    1.36
 -30264.170    48.133    -0.71    1.20
 -29893.499    48.506     1.00    1.49
 -29522.754    48.864     0.97    1.65
 -29151.937    49.239     1.01    1.86
 -28781.047    49.484     0.66    1.90
 -28410.084    49.357    -0.34    2.27
 -28039.047    49.578     0.59    2.44
 -27667.938    49.798     0.59    2.40
 -27296.756    48.921    -2.36    3.09
 -26925.500    47.337    -4.27    4.17
 -26554.171    46.146    -3.21    4.63
 -26182.769    45.570    -1.55    4.61
 -25811.294    47.244     4.51    4.87
 -25439.746    48.563     3.55    4.62
 -25068.124    47.356    -3.25    5.59
 -24696.428    44.775    -6.94    6.83
 -24324.659    42.133    -7.11    7.18
 -23952.817    38.250   -10.44    8.18
 -23580.901    37.511    -1.99    8.36
 -23208.912    37.056    -1.22    9.82
 -22836.849    35.022    -5.46   13.08
 -22464.712    35.444     1.13   14.08
 -22092.502    36.466     2.74   12.82
 -21720.217    35.135    -3.58   11.19
 -21347.859    32.670    -6.62   13.24
 -20975.428    30.844    -4.90   14.02
 -20602.922    27.382    -9.29   13.75
 -20230.342    26.101    -3.44   13.67
 -19857.689    27.348     3.35   13.59
 -19484.961    26.286    -2.85   12.63
 -19112.159    25.954    -0.89   11.63
 -18739.283    23.418    -6.80   10.21
 -18366.333    21.369    -5.49    8.27
 -17993.309    22.135     2.05    7.81
 -17620.211    21.810    -0.87    6.90
 -17247.038    16.787   -13.46   10.13
 -16873.791    11.857   -13.21   10.73
 -16500.470     6.876   -13.34    8.06
 -16127.074     2.859   -10.76    1.75
 -15753.604     2.256    -1.62    1.08
 -15380.059     2.048    -0.56    0.60
 -15006.440     1.945    -0.27    0.40
 -14632.746     2.244     0.80    1.27
 -14258.977     2.516     0.73    1.50
 -13885.134     2.506    -0.03    1.57
 -13511.216     1.945    -1.50    1.82
 -13137.224     1.500    -1.19    1.62
 -12763.156     1.198    -0.81    0.93
 -12389.014     1.261     0.17    0.92
 -12014.796     1.527     0.71    0.79
 -11640.504     2.000     1.26    0.75
 -11266.137     2.011     0.03    0.71
 -10891.695     1.977    -0.09    0.73
 -10517.178     1.912    -0.17    0.96
 -10142.585     1.818    -0.25    0.99
  -9767.917     1.824     0.02    1.17
  -9393.175     1.830     0.01    1.14
  -9018.357     3.511     4.49    3.68
  -8643.463     7.261    10.00    8.40
  -8268.494    14.289    18.74   12.99
  -7893.450    21.443    19.08   14.41
  -7518.331    29.967    22.72   13.55
  -7143.136    35.571    14.94   10.35
  -6767.865    39.778    11.21   10.05
  -6392.519    42.272     6.64   10.07
  -6017.097    47.367    13.57   10.40
  -5641.600    53.945    17.52    5.34
  -5266.027    55.811     4.97    3.69
  -4890.378    57.756     5.18    4.74
  -4514.653    61.596    10.22    7.11
  -4138.852    65.659    10.81    8.05
  -3762.976    70.567    13.06    6.56
  -3387.024    73.056     6.62    4.55
  -3010.995    73.867     2.16    3.58
  -2634.891    70.433    -9.13    7.35
  -2258.710    62.473   -21.16   11.73
  -1882.454    55.756   -17.85   15.05
  -1506.121    45.522   -27.19   18.80
  -1129.712    33.500   -31.94   23.00
   -753.227    19.489   -37.22   21.46
   -376.665     8.213   -29.94   15.00
     -0.028     0.722   -19.89    2.45
    376.687     0.068    -1.74    0.25
    753.477     0.213     0.39    0.41
   1130.345     0.389     0.47    0.49
   1507.288     0.578     0.50    0.52
   1884.309     0.582     0.01    0.52
   2261.406     0.511    -0.19    0.52
   2638.579     0.516     0.01    0.56
   3015.830     0.567     0.13    0.56
   3393.157     0.634     0.18    0.55
   3770.561     0.722     0.23    0.45
   4148.041     0.769     0.12    0.42
   4525.599     0.681    -0.23    0.47
   4903.234     0.753     0.19    0.48
   5280.945     0.846     0.25    0.77
   5658.734     2.115     3.36    3.41
   6036.600     6.703    12.14    8.00
   6414.543    11.621    13.01   10.15
   6792.563    17.418    15.33   11.49
   7170.660    19.182     4.67   12.86
   7548.835    18.167    -2.68   14.94
   7927.086    15.750    -6.39   13.73
   8305.416    13.889    -4.92   12.03
   8683.822    12.767    -2.96   11.14
   9062.307    11.945    -2.17   10.22
   9440.868    11.465    -1.27    8.71
   9819.508    15.554    10.80   14.12
  10198.224    21.116    14.69   18.45
  10577.019    28.656    19.90   19.04
  10955.891    35.800    18.86   16.79
  11334.841    39.143     8.82   11.97
  11713.869    40.767     4.29    8.50
  12092.974    42.207     3.80    9.01
  12472.158    44.686     6.54   11.80
  12851.419    50.630    15.67   12.98
  13230.759    56.128    14.49   11.88
  13610.176    59.967    10.12   12.14
  13989.672    60.767     2.11   12.80
  14369.245    58.804    -5.17   14.22
  14748.897    58.420    -1.01   15.20
  15128.627    62.000     9.43   13.79
  15508.435    68.067    15.97   10.79
  15888.322    72.659    12.09    9.43
  16268.287    77.189    11.92    8.39
  16648.330    81.356    10.96    5.73
  17028.452    84.618     8.58    3.11
  17408.653    85.891     3.35    3.09
  17788.932    88.489     6.83    5.24
  18169.289    91.670     8.37    6.98
  18549.725    95.456     9.95    7.80
  18930.240    96.484     2.70    8.91
  19310.834    95.922    -1.47    9.59
  19691.506    93.968    -5.13    9.61
  20072.258    92.022    -5.11    8.39
  20442.333    92.452     1.16    7.62
  20808.139    95.100     7.24    7.87
  21174.017    97.344     6.13    7.97
  21539.967   101.159    10.43    5.80
  21905.988   103.700     6.94    4.87
  22272.082   106.329     7.18    4.37
  22638.247   108.374     5.58    3.85
  23004.485   110.224     5.05    3.24
  23370.795   111.196     2.65    3.85
  23737.176   110.494    -1.91    4.88
  24103.631   109.711    -2.14    6.43
  24470.157   108.315    -3.81    7.53
  24836.755   104.055   -11.62    9.80
  25203.426    98.462   -15.25   10.66
  25570.170    94.539   -10.69    9.05
  25936.985    93.043    -4.08    8.42
  26303.874    94.435     3.79    9.49
  26670.834    99.121    12.77    7.61
  27037.867   103.384    11.61    6.16
  27404.973   107.087    10.09    6.09
  27772.151   109.739     7.22    5.95
  28139.402   109.722    -0.04    6.27
  28506.726   106.656    -8.35    7.75
  28874.123   101.473   -14.11    7.53
  29241.592    98.396    -8.38    5.85
  29609.134    97.278    -3.04    3.92
  29976.749    98.548     3.46    4.40
  30344.437   101.384     7.71    4.79
  30712.198   106.880    14.95    6.40
  31080.032   112.291    14.71    6.31
  31447.938   117.043    12.92    5.58
  31815.918   121.178    11.24    4.88
  32183.972   124.341     8.59    4.14
  32552.098   126.204     5.06    3.53
  32920.297   127.500     3.52    2.92
  33288.570   126.714    -2.13    4.43
  33656.916   124.386    -6.32    5.67
  34025.336   122.033    -6.39    5.47
  34393.829   118.045   -10.82    5.46
  34762.395   113.043   -13.57    7.22
  35131.035   108.314   -12.83    8.52
  35499.748   102.648   -15.37    8.39
  35868.535    98.247   -11.93    4.94
  36237.395    98.011    -0.64    4.68
  36606.330    98.352     0.93    4.96
  36975.337   100.196     5.00    5.11
  37344.419    99.898    -0.81    6.08
  37713.574    97.747    -5.83    6.20
  38082.804    96.652    -2.97    6.10
  38452.107    97.132     1.30    6.30
  38821.484    97.457     0.88    6.55
  39190.935    97.865     1.11    6.67
  39560.460    97.772    -0.25    6.31
  39930.059    95.609    -5.85    5.45
  40299.732    93.141    -6.68    4.31
  40669.479    92.116    -2.77    3.92
  41039.301    92.141     0.07    4.76
  41409.196    92.103    -0.10    5.32
  41779.166    89.413    -7.27    4.97
  42149.211    86.326    -8.34    4.89
  42519.329    82.935    -9.16    5.62
  42889.522    82.544    -1.05    5.58
  43259.790    85.837     8.89    8.70
  43630.132    89.880    10.92    9.41
  44000.548    94.242    11.77    6.68
  44371.040    96.804     6.92    4.84
  44741.605    98.000     3.23    3.46
  45112.246   100.424     6.54    3.93
  45482.961   103.067     7.13    4.24
  45853.751   104.817     4.72    3.99
  46224.616   105.264     1.21    3.44
  46595.555   104.355    -2.45    3.54
  46966.570   103.860    -1.33    3.15
  47337.659   103.796    -0.17    2.88
  47708.824   104.148     0.95    3.05
  48080.063   103.978    -0.46    3.02
  48451.378   103.267    -1.92    3.14
  48822.767   102.283    -2.65    3.07
  49194.232   101.484    -2.15    3.63
  49565.772   100.641    -2.27    4.17
  49937.388   100.121    -1.40    4.28
  50309.078   100.348     0.61    4.16
  50680.844    99.065    -3.45    4.75
  51052.686    97.308    -4.73    4.63
  51424.603    95.946    -3.66    3.80
  51796.595    94.322    -4.37    3.11
  52168.663    93.196    -3.03    3.48
  52540.806    91.315    -5.05    4.86
  52913.025    88.717    -6.98    5.61
  53285.320    86.659    -5.53    4.63
  53657.691    87.606     2.54    5.54
  54030.137    90.690     8.28    7.15
  54402.659    95.280    12.32    6.51
  54775.257    98.862     9.62    4.93
  55147.930   100.085     3.28    4.36
  55520.680   101.443     3.64    4.24
  55893.506   100.903    -1.45    4.48
  56266.408    98.689    -5.94    4.73
  56639.385    96.728    -5.26    4.18
  57012.439    94.813    -5.13    3.58
  57385.570    92.489    -6.23    3.59
  57758.776    90.452    -5.46    4.47
  58132.059    86.554   -10.44    6.77
  58505.418    81.925   -12.40    7.84
  58878.853    75.543   -17.09    9.16
  59252.365    70.228   -14.23    8.67
  59625.953    68.044    -5.85    6.29
  59999.617    70.860     7.54    7.62
  60373.359    77.068    16.61   10.56
  60747.177    85.925    23.69   12.31
  61121.071    96.341    27.86   11.69
  61495.042   103.935    20.31   11.49
  61869.090   111.943    21.41    9.33
  62243.215   117.258    14.21    8.21
  62617.416   120.430     8.48    6.64
  62991.695   119.720    -1.90    6.45
  63366.050   117.386    -6.24    6.86
  63740.482   113.011   -11.69    7.99
  64114.991   107.391   -15.01    7.98
  64489.578   100.424   -18.60    8.59
  64864.241    93.816   -17.64    7.87
  65238.982    84.924   -23.73   11.56
  65613.800    76.965   -21.23   12.91
  65988.695    67.118   -26.27   14.50
  66363.667    59.988   -19.02   11.61
  66738.717    56.892    -8.26    9.99
  67113.844    53.885    -8.02    8.79
  67489.048    51.204    -7.15    8.39
  67864.330    46.368   -12.89    7.38
  68239.690    40.624   -15.30    8.42
  68615.127    34.364   -16.67    7.79
  68990.642    29.258   -13.60    7.18
  69366.234    23.674   -14.87    7.35
  69741.905    17.457   -16.55    8.76
  70117.653    10.822   -17.66    9.28
  70493.478     4.914   -15.72    6.68
  70869.382     3.556    -3.61    5.50
  71245.364    10.383    18.16   13.21
  71621.423    20.967    28.15   16.32
  71997.561    35.398    38.37   17.98
  72373.776    45.154    25.93   16.14
  72750.070    49.848    12.47   14.44
  73126.442    52.077     5.92   11.68
  73502.892    52.891     2.16    8.04
  73879.420    53.815     2.45    5.67
  74256.027    56.280     6.54    5.28
  74632.712    59.467     8.46    4.52
  75009.475    61.880     6.41    3.29
  75386.317    63.033     3.06    2.17
  75763.237    63.228     0.52    2.54
  76140.236    62.783    -1.18    2.73
  76517.314    60.804    -5.25    3.25
  76894.470    58.946    -4.93    3.62
  77271.704    56.892    -5.44    3.79
  77649.018    54.121    -7.35    4.34
  78026.410    50.915    -8.50    5.25
  78403.881    47.067   -10.20    5.91
  78781.431    42.128   -13.08    6.58
  79159.060    38.258   -10.25    6.59
  79536.768    33.213   -13.36    5.82
  79914.555    28.841   -11.57    5.77
  80292.421    24.097   -12.56    6.55
  80670.367    19.761   -11.47    5.83
  81048.391    15.266   -11.89    4.75
  81426.494    12.856    -6.38    3.10
  81804.677    11.330    -4.03    3.26
  82182.940     9.780    -4.10    3.45
  82561.281     8.290    -3.94    2.98
  82939.702     7.913    -1.00    2.30
  83318.203     7.576    -0.89    3.19
  83696.783     7.725     0.39    3.81
  84075.442     8.011     0.75    3.88
  84454.181     7.456    -1.47    3.22
  84833.000     7.734     0.74    2.71
  85211.899     6.648    -2.87    2.74
  85590.877     5.179    -3.88    2.99
  85969.935     3.516    -4.39    4.16
  86349.073     1.274    -5.92    4.27
  86728.291    -0.544    -4.79    4.60
  87107.589    -2.011    -3.87    5.04
  87486.967    -3.318    -3.45    5.90
  87866.425    -5.138    -4.80    5.81
  88245.963    -7.747    -6.87    5.04
  88625.582    -9.947    -5.79    3.75
  89005.280   -10.841    -2.35    3.26
  89385.059   -11.234    -1.04    3.01
  89764.918   -10.742     1.30    2.54
  90144.857   -11.156    -1.09    2.11
  90524.877   -11.886    -1.92    0.69
  90904.978   -12.053    -0.44    0.64
  91285.159   -12.159    -0.28    0.71
  91665.420   -12.211    -0.14    0.77
  92045.762   -12.250    -0.10    0.75
  92426.185   -12.819    -1.50    0.85
  92806.689   -13.233    -1.09    0.87
  93187.273   -13.707    -1.24    0.60
  93567.938   -14.000    -0.77    0.00
  93948.684   -14.000     0.00    0.00
  94329.511   -14.000     0.00    0.00
  94710.419   -14.000     0.00    0.00
  95085.407   -14.000     0.00    0.00
  95450.984   -14.000     0.00    0.00
  95816.636   -14.000     0.00    0.00
  96182.361   -14.000     0.00    0.00
  96548.160   -14.000     0.00    0.00
  96914.032   -14.000     0.00    0.00
  97279.978   -14.000     0.00    0.00
  97645.998   -14.000     0.00    0.00
  98012.092   -14.000     0.00    0.00
  98378.259   -14.000     0.00    0.00
  98744.501   -14.000     0.00    0.00
  99110.816   -14.000     0.00    0.00
  99477.206   -14.000     0.00    0.00
  99843.670   -14.000     0.00    0.00
 100210.207   -14.000     0.00    0.00
 100576.819   -14.000     0.00    0.00
 100943.505   -14.000     0.00    0.00
 101310.266   -14.000     0.00    0.00
 101677.100   -14.000     0.00    0.00
 102044.009   -14.000     0.00    0.00
 102410.992   -14.000     0.00    0.00
 102778.050   -14.000     0.00    0.00
 103145.182   -14.000     0.00    0.00
 103512.389   -14.063    -0.17    0.24
 103879.670   -14.088    -0.07    0.28
 104247.026   -14.315    -0.62    0.47
 104614.456   -14.570    -0.69    0.50
 104981.961   -14.839    -0.73    0.37
 105349.541   -14.978    -0.38    0.15
 105717.196   -15.000    -0.06    0.00
 106084.925   -15.000     0.00    0.00
 106452.730   -15.000     0.00    0.00
 106820.609   -15.000     0.00    0.00
 107188.563   -15.000     0.00    0.00
 107556.592   -15.000     0.00    0.00
 107924.697   -15.000     0.00    0.00
 108292.876   -15.000     0.00    0.00
 108661.131   -15.000     0.00    0.00
 109029.460   -15.000     0.00    0.00
 109397.865   -15.000     0.00    0.00
 109766.345   -15.000     0.00    0.00
 110134.901   -14.638     0.98    1.80
 110503.532   -12.862     4.82    5.30
 110872.238   -10.935     5.23    7.11
 111241.020    -7.966     8.05    8.68
 111609.877    -4.355     9.79    9.23
 111978.810    -0.815     9.59    9.17
 112347.818     3.484    11.65    7.73
 112716.903     5.772     6.20    4.91
 113086.062     6.839     2.89    3.70
 113455.298     5.871    -2.62    4.30
 113824.609     4.717    -3.12    4.36
 114193.996     5.298     1.57    4.73
 114563.459     6.202     2.45    5.05
 114932.998     7.532     3.60    5.43
 115302.613    10.656     8.45    4.60
 115672.304    12.716     5.57    3.97
 116042.071    13.209     1.33    5.21
 116411.914     8.516   -12.69   11.57
 116781.833     2.065   -17.44   13.75
 117151.829    -1.255    -8.98   12.79
 117521.900    -1.096     0.43   11.78
 117892.048     1.935     8.19   10.45
 118262.273     5.453     9.50    6.72
 118632.573     5.725     0.74    4.82
 119002.951     4.505    -3.29    4.01
 119373.404     3.457    -2.83    3.25
 119743.934     3.323    -0.36    3.85
 120114.541     3.611     0.78    4.53
 120485.225     2.851    -2.05    4.68
 120855.985     1.580    -3.43    4.62
 121226.821     0.947    -1.70    4.00
 121597.735     0.352    -1.61    4.08
 121968.725    -1.340    -4.56    3.40
 122339.792    -2.372    -2.78    3.52
 122710.937    -4.755    -6.42    4.08
 123082.158    -6.819    -5.56    4.07
 123453.456    -9.660    -7.65    3.85
 123824.831   -11.409    -4.71    3.86
 124196.283   -11.626    -0.59    4.11
 124567.812    -9.979     4.43    5.79
 124939.419    -4.944    13.55    8.18
 125311.103     0.564    14.82    7.81
 125682.864     5.477    13.22    5.82
 126054.702     7.854     6.39    4.36
 126426.618     8.689     2.24    3.43
 126798.611     9.937     3.36    2.81
 127170.682     9.956     0.05    3.53
 127542.830     7.495    -6.61    6.19
 127915.056     5.217    -6.12    6.29
 128287.359     2.596    -7.04    4.92
 128659.740     1.021    -4.23    3.48
 129032.199     0.576    -1.20    2.70
 129404.736     2.221     4.42    4.13
 129777.350     3.609     3.72    4.27
 130150.042     4.295     1.84    4.09
 130522.813     5.366     2.87    4.03
 130895.661     6.326     2.58    4.11
 131268.587     8.385     5.52    4.36
 131641.591     9.516     3.03    4.09
 132014.673    10.159     1.72    4.05
 132387.834     8.160    -5.36    5.86
 132761.072     5.443    -7.28    5.60
 133134.389     5.168    -0.74    5.11
 133507.785     4.422    -2.00    4.30
 133881.258     5.333     2.44    3.63
 134254.810     6.641     3.50    2.89
 134628.440     7.326     1.83    2.84
 135002.149     7.576     0.67    3.46
 135375.937     7.863     0.77    3.08
 135749.803     7.606    -0.69    3.43
 136123.747     5.340    -6.06    4.38
 136497.771     3.183    -5.77    4.35
 136871.873     2.473    -1.90    3.61
 137246.054     3.105     1.69    4.32
 137620.313     5.074     5.26    5.01
 137994.652     6.096     2.73    4.34
 138369.070     4.234    -4.97    6.57
 138743.566    -1.255   -14.66    9.61
 139118.142    -6.462   -13.90    8.22
 139492.796    -9.221    -7.36    5.98
 139867.530    -8.835     1.03    6.17
 140242.343    -5.611     8.60    7.60
 140617.235    -1.120    11.98    8.08
 140992.207     4.779    15.73    8.56
 141367.258     8.922    11.05    8.11
 141742.388    12.625     9.87    5.33
 142117.598    14.708     5.55    3.41
 142492.887    17.043     6.22    3.13
 142868.255    19.115     5.52    3.67
 143243.704    21.287     5.79    3.92
 143619.231    22.655     3.64    3.44
 143994.839    22.274    -1.02    3.85
 144370.526    22.055    -0.58    4.29
 144746.293    22.179     0.33    4.21
 145122.140    22.234     0.15    3.84
 145498.067    22.389     0.41    3.12
 145874.074    22.538     0.40    2.72
 146250.160    22.316    -0.59    2.33
 146626.327    23.087     2.05    2.11
 147002.574    23.242     0.41    2.05
 147378.901    22.160    -2.88    2.71
 147755.308    20.653    -4.00    3.25
 148131.795    20.043    -1.62    4.01
 148508.363    20.663     1.65    5.93
 148885.011    21.436     2.05    7.69
 149261.739    22.000     1.50    8.78
 149638.548    20.340    -4.40    8.87
 150015.438    16.926    -9.06    8.07
 150392.407    13.489    -9.12    5.34
 150769.458    11.853    -4.34    3.28
 151146.589    12.947     2.90    6.01
 151523.801    16.632     9.77    9.84
 151901.093    21.479    12.85   11.33
 152278.467    27.436    15.79   10.81
 152655.921    30.947     9.30    9.37
 153033.456    34.000     8.09    6.89
 153411.072    36.802     7.42    6.12
 153788.769    38.819     5.34    5.56
 154166.547    39.638     2.17    5.72
 154544.406    40.277     1.69    6.82
 154922.347    41.557     3.39    7.45
 155300.368    42.734     3.11    7.56
 155678.471    44.789     5.44    7.85
 156056.655    46.457     4.41    8.05
 156434.920    48.042     4.19    8.58
 156813.267    47.705    -0.89    9.36
 157191.696    46.358    -3.56    9.31
 157570.206    44.489    -4.94    8.82
 157948.797    42.526    -5.19    7.68
 158327.470    37.372   -13.61    9.02
 158706.225    29.771   -20.07   12.09
 159085.061    21.989   -20.54    9.81
 159463.980    20.621    -3.61    9.15
 159842.980    24.106     9.20   11.73
 160222.062    32.232    21.44   13.02
 160601.226    42.096    26.02   12.10
 160980.471    47.969    15.49   11.64
 161359.799    50.266     6.06   10.91
 161739.209    49.708    -1.47   11.61
 162118.702    44.202   -14.51   11.97
 162498.276    39.229   -13.10   11.01
 162877.933    34.564   -12.29    9.50
 163257.672    31.277    -8.66    7.38
 163637.493    29.468    -4.76    6.46
 164017.396    27.734    -4.56    6.43
 164397.383    24.777    -7.78    6.12
 164777.451    21.830    -7.75    6.50
 165157.603    18.747    -8.11    7.39
 165537.836    16.074    -7.03    7.87
 165918.153    12.969    -8.17    7.70
 166298.552    11.564    -3.69    7.90
 166679.034    11.064    -1.31    9.76
 167059.599    13.821     7.25   12.44
 167440.247    17.918    10.76   12.39
 167820.977    21.547     9.54    9.50
 168201.791    22.904     3.56    6.65
 168582.688    23.543     1.68    5.47
 168963.668    26.266     7.15    7.96
 169344.731    28.915     6.95    8.88
 169725.044    29.896     2.58    8.58
 170090.390    26.589    -9.05   10.35
 170455.811    20.484   -16.71    9.50
 170821.307    18.115    -6.48    7.74
 171186.879    17.165    -2.60    7.81
 171552.526    17.729     1.54    7.86
 171918.249    19.326     4.37    6.50
 172284.047    17.537    -4.89    6.12
 172649.921    14.617    -7.98    5.86
 173015.871    12.915    -4.65    5.41
 173381.896    12.250    -1.82    5.12
 173747.997    10.479    -4.84    4.92
 174114.174     8.990    -4.07    4.17
 174480.426     8.678    -0.85    3.76
 174846.755     9.083     1.11    3.53
 175213.159     8.901    -0.50    3.37
 175579.639     7.406    -4.08    3.77
 175946.195     5.394    -5.49    3.68
 176312.828     3.862    -4.18    2.67
 176679.536     4.253     1.07    3.16
 177046.321     5.348     2.99    3.26
 177413.182     6.742     3.80    2.42
 177780.119     7.678     2.55    1.40
 178147.132     7.276    -1.10    1.50
 178514.222     6.705    -1.55    1.16
 178881.388     6.505    -0.55    1.17
 179248.630     6.170    -0.91    1.63
 179615.949     5.908    -0.71    1.85
 179983.344     5.438    -1.28    1.95
 180350.817     5.054    -1.04    2.14
 180718.365     4.188    -2.36    2.98
 181085.991     2.466    -4.68    4.17
 181453.693    -0.885    -9.12    5.14
 181821.471    -4.348    -9.42    5.25
 182189.327    -7.906    -9.67    3.99
 182557.260    -9.816    -5.19    2.47
 182925.269   -10.832    -2.76    1.40
 183293.355   -10.635     0.53    1.38
 183661.519    -9.053     4.30    3.20
 184029.759    -6.832     6.03    3.77
 184398.077    -4.967     5.06    3.07
 184766.471    -4.155     2.21    2.22
 185134.943    -4.322    -0.45    1.87
 185503.492    -5.167    -2.29    1.98
 185872.119    -5.734    -1.54    2.45
 186240.822    -6.809    -2.91    2.68
 186609.604    -7.938    -3.06    2.74
 186978.462    -9.189    -3.39    2.55
 187347.398   -10.237    -2.84    1.95
 187716.412   -10.978    -2.01    0.21
 188085.503   -11.000    -0.06    0.00
 188454.672   -11.000     0.00    0.00
 188823.918   -11.000     0.00    0.00
 189193.242   -11.000     0.00    0.00
 189562.644   -11.000     0.00    0.00
 189932.124   -11.000     0.00    0.00
 190301.682   -11.000     0.00    0.00
 190671.317   -11.000     0.00    0.00
 191041.031   -11.000     0.00    0.00
 191410.822   -11.000     0.00    0.00
 191780.692   -11.000     0.00    0.00
 192150.640   -11.000     0.00    0.00
 192520.666   -11.000     0.00    0.00
 192890.770   -11.000     0.00    0.00
 193260.952   -11.000     0.00    0.00
 193631.213   -11.000     0.00    0.00
 194001.552   -11.000     0.00    0.00
 194371.970   -11.000     0.00    0.00
 194742.465   -11.000     0.00    0.00
 195113.040   -11.000     0.00    0.00
 195483.693   -11.000     0.00    0.00
 195854.425   -11.000     0.00    0.00
 196225.235   -11.000     0.00    0.00
 196596.124   -11.000     0.00    0.00
 196967.092   -11.000     0.00    0.00
 197338.138   -11.000     0.00    0.00
 197709.264   -11.000     0.00    0.00
 198080.468   -11.000     0.00    0.00
 198451.751   -11.000     0.00    0.00
 198823.113   -10.680     0.86    0.92
 199194.555    -8.740     5.23    3.39
 199566.075    -5.812     7.88    5.24
 199937.675    -1.844    10.68    5.63
 200309.354     1.688     9.50    4.11
 200681.112     4.255     6.91    2.07
 201052.949     5.371     3.00    2.12
 201424.866     7.022     4.44    3.13
 201796.862     7.973     2.56    3.13
