-265151.069   109.324     0.00    4.34
-264778.400   111.318     5.35    4.65
-264405.663   112.684     3.67    3.51
-264032.858   112.221    -1.24    3.32
-263659.984   111.446    -2.08    3.35
-263287.042   110.956    -1.32    4.51
-262914.031   110.880    -0.20    5.50
-262540.952   111.740     2.31    6.74
-262167.803   112.626     2.37    6.35
-261794.587   114.484     4.98    5.91
-261421.301   117.292     7.52    5.21
-261047.947   119.978     7.19    4.50
-260674.524   120.460     1.29    5.23
-260301.032   119.927    -1.43    6.21
-259927.471   117.151    -7.43    6.30
-259553.842   115.421    -4.63    5.82
-259180.143   115.483     0.17    5.32
-258806.376   118.337     7.63    4.96
-258432.539   118.139    -0.53    6.08
-258058.634   116.909    -3.29    7.51
-257684.659   112.104   -12.85    8.04
-257310.615   107.196   -13.12    7.05
-256936.502   101.079   -16.35    7.08
-256562.320    97.272   -10.17    8.38
-256188.068    96.339    -2.49    9.74
-255813.748    98.829     6.65   12.38
-255439.358   106.102    19.42   12.93
-255064.898   112.601    17.35    8.82
-254690.369   113.977     3.67    5.96
-254315.771   111.796    -5.82    6.33
-253941.103   109.626    -5.79    4.26
-253566.366   109.070    -1.49    3.96
-253191.559   109.763     1.85    4.34
-252816.683   109.752    -0.03    5.09
-252441.737   109.327    -1.13    6.25
-252066.721   110.453     3.00    6.86
-251691.636   113.715     8.70    6.60
-251316.481   114.884     3.11    4.82
-250941.256   109.419   -14.56   11.48
-250565.961   101.950   -19.90   14.08
-250190.596    97.483   -11.90   11.68
-249815.162    96.246    -3.30   10.38
-249439.657    99.342     8.24   10.28
-249064.083   103.929    12.21    8.06
-248688.438   105.233     3.47    6.99
-248312.724   105.795     1.49    5.63
-247936.939   105.258    -1.43    5.89
-247561.085   101.838    -9.10    7.59
-247185.160    96.960   -12.97    8.03
-246809.164    91.438   -14.68    7.24
-246433.099    87.583   -10.25    5.24
-246056.963    87.733     0.40    5.92
-245680.757    89.036     3.46    7.57
-245304.481    92.186     8.37    7.90
-244928.134    95.304     8.28    6.83
-244551.717    96.971     4.43    4.68
-244175.229    96.795    -0.47    3.80
-243798.671    97.105     0.82    2.96
-243422.042    97.293     0.50    3.95
-243045.342    97.269    -0.06    5.01
-242668.572    97.196    -0.19    5.32
-242291.731    95.650    -4.10    6.15
-241914.820    91.968    -9.77    9.45
-241537.838    86.151   -15.43    9.95
-241160.785    81.396   -12.61    6.49
-240783.661    79.686    -4.54    4.54
-240406.466    81.346     4.40    3.49
-240029.200    81.512     0.44    3.18
-239651.863    81.444    -0.18    3.16
-239274.455    81.727     0.75    3.16
-238896.977    81.856     0.34    3.12
-238519.427    80.900    -2.53    3.24
-238141.806    79.663    -3.27    2.38
-237764.114    79.551    -0.30    2.13
-237386.350    79.331    -0.58    2.07
-237008.516    77.774    -4.12    4.00
-236630.610    75.543    -5.90    4.69
-236252.632    74.619    -2.44    4.72
-235874.584    75.619     2.64    6.01
-235496.464    79.951    11.45    8.17
-235118.272    88.551    22.74   13.28
-234740.009    95.697    18.89   14.24
-234361.675   101.852    16.27   13.33
-233983.269   103.734     4.97   12.33
-233604.791   104.221     1.29   10.00
-233226.242   105.071     2.25    5.87
-232847.621   104.163    -2.40    4.98
-232468.928   104.334     0.45    4.79
-232090.164   105.501     3.08    4.43
-231711.327   105.621     0.32    4.58
-231332.419   105.633     0.03    5.29
-230953.439   104.671    -2.54    6.60
-230574.387   102.638    -5.36    8.33
-230195.263   100.547    -5.52    8.49
-229816.067    99.268    -3.37    8.87
-229436.799    97.758    -3.98    9.99
-229057.459    95.280    -6.53   10.28
-228678.046    92.788    -6.57    8.54
-228298.562    92.824     0.10    7.13
-227919.005    94.605     4.69    6.24
-227539.376    96.824     5.84    5.21
-227159.675    99.049     5.86    6.24
-226779.901   101.703     6.99    7.57
-226400.055   102.374     1.77    7.85
-226020.137   100.424    -5.13    8.54
-225640.146    95.640   -12.59    9.73
-225260.083    91.334   -11.33    7.28
-224879.947    90.594    -1.95    7.37
-224499.738    91.333     1.94    7.92
-224127.437    93.971     7.09    8.15
-223761.047    97.006     8.28    7.81
-223394.591    97.127     0.33    7.76
-223028.067    96.120    -2.75    8.51
-222661.477    94.080    -5.56    8.12
-222294.820    91.468    -7.12    7.15
-221928.096    88.989    -6.76    6.65
-221561.305    87.582    -3.84    6.48
-221194.448    85.916    -4.54    6.01
-220827.523    84.330    -4.32    4.75
-220460.531    83.896    -1.18    5.16
-220093.472    84.398     1.37    6.49
-219726.346    85.282     2.41    6.89
-219359.153    84.563    -1.96    4.88
-218991.893    84.457    -0.29    3.65
-218624.566    84.704     0.67    3.38
-218257.171    86.021     3.58    3.73
-217889.710    86.091     0.19    3.46
-217522.180    85.221    -2.36    3.66
-217154.584    84.280    -2.56    2.97
-216786.920    83.921    -0.98    2.46
-216419.189    85.163     3.38    3.56
-216051.390    87.884     7.40    5.12
-215683.524    91.329     9.36    5.60
-215315.590    94.317     8.12    5.54
-214947.589    97.069     7.48    4.80
-214579.520   100.114     8.27    5.50
-214211.383   104.877    12.93    6.98
-213843.179   109.727    13.17    7.14
-213474.907   115.733    16.31    6.86
-213106.567   120.517    12.98    6.75
-212738.160   125.417    13.30    6.86
-212369.684   129.374    10.74    6.43
-212001.141   132.245     7.79    5.29
-211632.530   133.791     4.19    4.72
-211263.851   135.209     3.85    4.89
-210895.104   138.198     8.10    6.88
-210526.289   141.962    10.20    7.32
-210157.406   146.245    11.61    7.11
-209788.455   149.571     9.01    4.92
-209419.435   150.421     2.30    5.73
-209050.348   148.434    -5.38    7.96
-208681.192   146.442    -5.39    8.49
-208311.968   142.591   -10.43    8.58
-207942.676   139.512    -8.33    7.61
-207573.316   135.746   -10.20    8.51
-207203.887   131.936   -10.31    7.86
-206834.389   129.698    -6.06    6.56
-206464.824   130.657     2.59    7.27
-206095.190   134.551    10.53    8.11
-205725.487   138.621    11.01    6.29
-205355.716   140.041     3.84    5.85
-204985.876   138.598    -3.90    7.52
-204615.967   136.451    -5.80    7.95
-204245.990   134.944    -4.07    7.41
-203875.945   135.675     1.97    7.00
-203505.830   137.547     5.06    6.45
-203135.647   139.657     5.70    5.62
-202765.395   140.197     1.46    5.57
-202395.074   139.721    -1.28    5.77
-202024.684   138.258    -3.95    5.97
-201654.225   137.095    -3.14    6.48
-201283.698   134.571    -6.81    7.09
-200913.101   130.791   -10.20    8.02
-200542.435   127.863    -7.90    7.92
-200171.700   126.038    -4.92    6.72
-199800.896   124.851    -3.20    6.08
-199430.023   127.551     7.28    5.59
-199059.081   130.734     8.58    5.09
-198688.069   132.900     5.84    5.09
-198316.989   135.962     8.25    6.00
-197945.838   139.601     9.80    6.54
-197574.619   142.839     8.72    6.32
-197203.330   144.535     4.57    5.41
-196831.972   145.871     3.60    3.82
-196460.544   146.751     2.37    3.78
-196089.047   148.514     4.75    4.05
-195717.480   149.291     2.09    3.90
-195345.844   151.376     5.61    3.23
-194974.138   152.175     2.15    2.75
-194602.362   152.221     0.13    2.95
-194230.516   153.105     2.38    4.40
-193858.601   153.318     0.57    4.96
-193486.616   150.396    -7.85    8.02
-193114.562   144.919   -14.72   11.21
-192742.437   138.861   -16.28    9.15
-192370.243   136.583    -6.12    5.85
-191997.978   136.954     1.00    5.47
-191625.644   138.586     4.38    4.82
-191253.240   141.019     6.53    3.60
-190880.765   141.721     1.89    4.46
-190508.221   143.838     5.68    5.04
-190135.606   145.197     3.65    4.47
-189762.921   145.605     1.09    4.46
-189390.166   145.012    -1.59    4.46
-189017.341   144.776    -0.63    4.56
-188644.445   147.163     6.40    5.85
-188271.479   148.612     3.88    6.51
-187898.443   148.426    -0.50    7.53
-187525.336   146.931    -4.01    7.01
-187152.159   145.244    -4.52    5.96
-186778.911   144.354    -2.38    5.24
-186405.593   144.833     1.28    5.39
-186032.204   144.233    -1.61    5.26
-185658.745   142.364    -5.00    4.84
-185285.215   138.633    -9.99    5.60
-184911.614   134.119   -12.08    7.13
-184537.943   129.245   -13.04    7.12
-184164.201   125.069   -11.17    6.43
-183790.388   122.280    -7.46    5.66
-183416.504   122.638     0.96    6.44
-183042.549   124.448     4.84    7.54
-182668.523   126.585     5.71    7.41
-182294.427   127.245     1.76    5.73
-181920.259   126.948    -0.80    4.71
-181546.020   125.698    -3.34    3.55
-181171.711   123.841    -4.96    3.53
-180797.330   120.114    -9.95    5.61
-180422.878   115.915   -11.21    6.69
-180048.354   111.163   -12.69    5.03
-179673.760   108.531    -7.02    3.49
-179299.094   106.543    -5.30    2.26
-178924.357   105.163    -3.68    2.79
-178549.548   103.924    -3.30    3.21
-178174.668   103.074    -2.27    3.25
-177799.717   103.398     0.86    3.13
-177424.694   104.460     2.83    2.43
-177049.600   104.960     1.33    1.94
-176674.434   104.174    -2.09    2.11
-176299.196   103.579    -1.59    1.93
-175923.887   103.884     0.81    1.68
-175548.506   104.105     0.59    1.61
-175173.053   104.932     2.20    1.56
-174797.528   103.358    -4.19    4.68
-174421.932   100.919    -6.49    6.14
-174046.264    98.410    -6.68    6.07
-173670.524    97.117    -3.44    4.85
-173294.712    97.628     1.36    3.75
-172918.828    99.245     4.30    3.52
-172542.872   100.326     2.87    3.10
-172166.843    99.936    -1.04    4.00
-171790.743    97.812    -5.65    5.29
-171414.571    95.396    -6.42    5.17
-171038.326    93.415    -5.27    3.94
-170662.009    91.884    -4.07    3.71
-170285.620    90.373    -4.02    4.01
-169909.159    89.956    -1.11    4.21
-169532.625    90.175     0.58    4.33
-169156.019    91.185     2.68    4.66
-168779.340    92.221     2.75    4.04
-168402.589    93.059     2.22    2.84
-168025.766    94.566     4.00    2.98
-167648.869    96.409     4.89    4.48
-167271.901    97.949     4.08    5.09
-166894.859    98.946     2.65    5.31
-166517.745    99.477     1.41    4.80
-166140.558    99.061    -1.10    3.90
-165763.299    98.733    -0.87    3.24
-165385.966    97.990    -1.97    3.21
-165008.561    97.716    -0.73    3.17
-164631.083    97.448    -0.71    3.55
-164253.532    96.440    -2.67    4.22
-163875.907    95.769    -1.78    4.13
-163498.210    95.210    -1.48    3.67
-163120.440    94.746    -1.23    3.39
-162742.597    95.617     2.30    3.01
-162364.680    95.466    -0.40    4.12
-161986.691    94.469    -2.64    5.00
-161608.628    93.619    -2.25    4.76
-161230.491    93.471    -0.39    3.83
-160852.282    95.114     4.34    4.28
-160473.999    98.038     7.73    4.02
-160095.643   101.256     8.51    3.36
-159717.213   102.055     2.11    3.26
-159338.710   102.187     0.35    3.36
-158960.133   102.657     1.24    3.64
-158581.483   103.980     3.49    5.07
-158202.759   107.424     9.09    6.24
-157823.961   109.647     5.87    6.62
-157445.090   110.678     2.72    6.60
-157066.145   111.199     1.37    5.63
-156687.126   110.900    -0.79    3.88
-156308.033   110.911     0.03    2.66
-155928.867   110.110    -2.11    4.18
-155549.626   107.635    -6.53    5.44
-155170.312   104.197    -9.06    5.85
-154790.923   100.911    -8.66    5.68
-154411.461    98.198    -7.15    5.09
-154031.924    96.756    -3.80    4.38
-153652.313    97.419     1.75    4.79
-153272.628    99.751     6.14    5.17
-152892.869   102.960     8.45    4.84
-152513.036   105.142     5.74    3.56
-152133.128   104.833    -0.81    5.35
-151753.146   103.361    -3.87    7.18
-151373.090   100.854    -6.60    8.12
-150992.959    99.655    -3.15    8.16
-150612.754    98.256    -3.68    8.07
-150232.474    96.535    -4.53    6.41
-149852.119    95.426    -2.91    5.01
-149475.395    93.660    -4.69    5.25
-149109.217    94.960     3.55    6.50
-148742.971    96.817     5.07    7.37
-148376.656    98.164     3.68    6.17
-148010.273    98.698     1.46    4.28
-147643.821    97.466    -3.36    3.59
-147277.301    96.187    -3.49    2.95
-146910.712    94.710    -4.03    3.16
-146544.055    92.559    -5.87    4.22
-146177.329    90.974    -4.32    3.89
-145810.534    91.026     0.14    4.25
-145443.671    91.061     0.10    4.20
-145076.739    92.346     3.50    3.81
-144709.738    93.112     2.08    3.39
-144342.668    92.687    -1.16    3.22
-143975.530    92.924     0.64    3.24
-143608.322    94.528     4.37    3.89
-143241.046    96.175     4.48    3.09
-142873.701    97.361     3.23    3.06
-142506.287    98.497     3.09    3.06
-142138.803    99.624     3.06    2.97
-141771.251   100.633     2.75    3.29
-141403.629   102.635     5.45    2.89
-141035.939   103.937     3.54    3.52
-140668.179   105.292     3.68    3.80
-140300.350   106.658     3.71    3.20
-139932.451   107.258     1.63    2.88
-139564.483   104.624    -7.16    5.01
-139196.446   102.172    -6.66    4.69
-138828.340   102.072    -0.27    3.84
-138460.164   102.836     2.07    4.38
-138091.918   104.693     5.04    4.72
-137723.604   106.986     6.23    4.00
-137355.219   108.070     2.94    3.69
-136986.765   109.140     2.90    3.25
-136618.241   110.892     4.75    2.97
-136249.648   112.301     3.82    3.52
-135880.985   113.585     3.48    3.78
-135512.252   115.245     4.50    3.77
-135143.449   117.373     5.77    2.69
-134774.577   118.176     2.18    2.59
-134405.635   118.852     1.83    2.88
-134036.623   121.381     6.85    5.82
-133667.540   125.752    11.84    8.45
-133298.388   129.842    11.08    8.20
-132929.166   131.904     5.58    6.06
-132559.874   130.551    -3.66    6.61
-132190.511   126.941    -9.77    6.11
-131821.079   122.992   -10.69    5.20
-131451.576   121.209    -4.82    4.93
-131082.003   120.256    -2.58    4.91
-130712.360   119.680    -1.56    4.07
-130342.647   117.608    -5.61    3.65
-129972.863   115.454    -5.82    4.07
-129603.009   112.130    -8.99    4.60
-129233.084   109.244    -7.80    4.25
-128863.089   106.087    -8.53    4.78
-128493.023   102.680    -9.20    6.31
-128122.887    97.767   -13.27    6.47
-127752.681    96.072    -4.58    5.78
-127382.403    97.233     3.14    7.44
-127012.055    99.738     6.76    7.40
-126641.636   101.817     5.61    4.92
-126271.147   101.790    -0.07    5.14
-125900.587   101.841     0.14    5.30
-125529.956   104.221     6.42    6.05
-125159.254   107.490     8.82    4.93
-124788.481   109.831     6.31    3.26
-124417.637   111.368     4.14    2.23
-124046.722   111.488     0.32    2.19
-123675.736   111.102    -1.04    2.69
-123304.680   109.846    -3.38    3.66
-122933.552   108.600    -3.36    3.42
-122562.352   106.710    -5.09    3.60
-122191.082   104.149    -6.90    3.75
-121819.740   101.710    -6.57    4.29
-121448.328    98.400    -8.91    4.70
-121076.843    95.739    -7.16    4.31
-120705.288    94.621    -3.01    3.56
-120333.661    95.165     1.46    4.02
-119961.963    97.733     6.91    5.95
-119590.193   103.062    14.33    8.44
-119218.351   106.601     9.52    8.48
-118846.438   110.562    10.65    7.64
-118474.454   112.257     4.55    6.15
-118102.398   114.334     5.58    4.08
-117730.270   115.785     3.90    2.22
-117358.070   116.532     2.01    2.26
-116985.799   117.278     2.00    2.79
-116613.456   118.233     2.57    2.75
-116241.041   118.087    -0.39    2.61
-115868.554   116.877    -3.25    2.97
-115495.995   116.015    -2.31    3.24
-115123.364   114.256    -4.72    4.25
-114750.661   112.819    -3.86    4.96
-114377.887   111.601    -3.27    5.78
-114005.040   110.949    -1.75    5.62
-113632.121   111.539     1.58    5.43
-113259.129   112.812     3.41    5.12
-112886.066   115.454     7.08    5.53
-112512.930   119.812    11.68    6.30
-112139.722   124.019    11.27    6.52
-111766.441   126.074     5.50    6.80
-111393.089   126.869     2.13    6.95
-111019.663   126.997     0.34    6.49
-110646.166   128.173     3.15    6.03
-110272.595   128.977     2.15    5.52
-109898.953   130.710     4.64    4.78
-109525.237   129.911    -2.14    4.74
-109151.449   126.868    -8.14    5.33
-108777.588   123.903    -7.93    6.67
-108403.655   120.965    -7.86    6.81
-108029.649   120.778    -0.50    6.25
-107655.570   120.055    -1.93    5.67
-107281.418   118.599    -3.89    5.48
-106907.193   116.995    -4.29    5.02
-106532.895   116.006    -2.64    3.30
-106158.525   117.026     2.73    2.72
-105784.081   119.267     5.98    3.74
-105409.564   120.087     2.19    3.79
-105034.974   120.358     0.72    3.52
-104660.311   119.281    -2.87    3.67
-104285.575   117.788    -3.98    4.26
-103910.766   116.343    -3.85    3.88
-103535.883   114.288    -5.48    3.99
-103160.927   113.051    -3.30    4.37
-102785.897   112.074    -2.60    5.15
-102410.795   109.819    -6.01    5.77
-102035.618   106.210    -9.62    7.57
-101660.368   100.160   -16.12    8.39
-101285.045    95.033   -13.66    7.82
-100909.648    92.400    -7.01    6.45
-100534.178    95.925     9.39    9.02
-100158.634   101.531    14.93    7.43
 -99783.016   105.369    10.22    4.10
 -99407.324   106.953     4.22    3.22
 -99031.559   106.716    -0.63    3.25
 -98655.720   107.209     1.31    3.11
 -98279.806   107.474     0.70    2.90
 -97903.819   106.908    -1.51    2.74
 -97527.758   104.485    -6.44    4.70
 -97151.623   100.600   -10.33    6.42
 -96775.414    95.661   -13.13    6.64
 -96399.131    91.364   -11.42    4.35
 -96022.774    89.937    -3.79    3.70
 -95646.342    90.995     2.81    4.29
 -95269.837    93.835     7.54    5.36
 -94893.257    98.376    12.06    5.87
 -94516.602   101.132     7.31    6.06
 -94139.874   103.589     6.52    5.82
 -93763.071   105.687     5.57    6.20
 -93386.193   107.877     5.81    5.83
 -93009.241   110.666     7.40    4.67
 -92632.215   112.524     4.93    3.96
 -92255.114   113.756     3.27    3.36
 -91877.938   115.547     4.75    3.50
 -91500.688   116.949     3.72    3.07
 -91123.362   118.072     2.98    3.08
 -90745.963   119.233     3.08    3.05
 -90368.488   119.877     1.71    3.73
 -89990.939   120.821     2.50    4.31
 -89613.314   121.359     1.42    3.95
 -89235.615   121.806     1.18    2.96
 -88857.841   121.085    -1.91    2.66
 -88479.991   119.244    -4.87    4.35
 -88102.067   115.344   -10.32    5.88
 -87724.068   113.532    -4.79    5.01
 -87345.993   113.929     1.05    4.99
 -86967.843   114.980     2.78    5.22
 -86589.618   118.084     8.20    4.79
 -86211.318   119.314     3.25    3.93
 -85832.943   121.710     6.33    3.90
 -85454.492   123.819     5.57    4.81
 -85075.965   125.521     4.50    5.19
 -84697.363   126.336     2.15    4.95
 -84318.686   125.410    -2.45    4.50
 -83939.933   124.710    -1.85    3.79
 -83561.105   125.506     2.10    4.33
 -83182.200   126.896     3.67    4.57
 -82803.221   128.681     4.71    3.76
 -82424.165   130.412     4.57    3.32
 -82045.034   131.903     3.93    3.85
 -81665.826   131.478    -1.12    4.63
 -81286.543   130.491    -2.60    4.70
 -80907.185   129.445    -2.76    5.05
 -80527.750   128.244    -3.17    4.27
 -80148.239   128.107    -0.36    4.03
 -79768.652   128.277     0.45    3.84
 -79388.989   128.931     1.72    3.49
 -79009.250   128.592    -0.89    3.45
 -78629.434   127.716    -2.31    2.95
 -78249.543   126.767    -2.50    2.61
 -77869.575   125.767    -2.63    2.33
 -77489.531   125.267    -1.32    2.34
 -77109.410   124.096    -3.08    3.07
 -76729.213   121.767    -6.13    5.66
 -76348.940   116.581   -13.64    8.50
 -75968.590   111.440   -13.52    8.31
 -75588.164   106.660   -12.56    6.24
 -75207.661   105.431    -3.23    6.39
 -74827.081   103.848    -4.16    6.54
 -74460.195   102.026    -4.97    6.53
 -74094.165    99.088    -8.03    8.43
 -73728.065    96.244    -7.77    9.03
 -73361.895    92.983    -8.91    9.78
 -72995.655    89.790    -8.72    8.08
 -72629.344    87.681    -5.76    6.32
 -72262.964    86.266    -3.86    5.81
 -71896.513    85.057    -3.30    6.90
 -71529.991    82.088    -8.10    8.02
 -71163.400    78.983    -8.47    6.96
 -70796.738    79.017     0.09    6.46
 -70430.006    81.363     6.40    9.69
 -70063.203    86.851    14.96   12.94
 -69696.330    88.325     4.02   12.85
 -69329.386    85.648    -7.29   13.81
 -68962.371    79.671   -16.29   12.66
 -68595.286    72.509   -19.51    9.17
 -68228.131    66.480   -16.42    6.15
 -67860.904    63.826    -7.23    5.38
 -67493.607    64.929     3.00    8.37
 -67126.239    69.460    12.33   10.87
 -66758.801    77.929    23.05   13.05
 -66391.291    86.400    23.05   12.49
 -66023.711    92.112    15.54   11.53
 -65656.059    98.256    16.71   10.33
 -65288.337   102.210    10.75   11.19
 -64920.543   103.727     4.12   12.54
 -64552.679   106.772     8.28   12.51
 -64184.743   108.835     5.61   12.68
 -63816.737   111.756     7.94   10.95
 -63448.659   112.988     3.35    9.27
 -63080.509   113.937     2.58    7.92
 -62712.289   113.969     0.09    7.76
 -62343.997   112.559    -3.83    7.52
 -61975.634   110.290    -6.16    6.38
 -61607.200   108.124    -5.88    4.52
 -61238.694   107.300    -2.24    4.04
 -60870.116   105.758    -4.18    3.53
 -60501.467   106.098     0.92    5.24
 -60132.747   107.280     3.20    6.51
 -59763.955   109.744     6.68    5.95
 -59395.091   111.371     4.41    4.68
 -59026.155   111.121    -0.68    3.85
 -58657.148   110.401    -1.95    3.82
 -58288.069   110.494     0.25    4.38
 -57918.919   111.806     3.55    5.02
 -57549.696   113.394     4.30    4.93
 -57180.402   113.177    -0.59    4.94
 -56811.035   110.911    -6.13    5.87
 -56441.597   108.068    -7.70    6.54
 -56072.086   104.547    -9.53    5.10
 -55702.504   103.914    -1.71    3.33
 -55332.849   104.721     2.18    3.53
 -54963.122   107.066     6.34    4.28
 -54593.324   109.186     5.73    3.77
 -54223.452   109.255     0.19    3.97
 -53853.509   107.638    -4.37    4.90
 -53483.493   104.536    -8.38    5.84
 -53113.405   101.451    -8.33    5.25
 -52743.245    98.165    -8.88    4.53
 -52373.012    95.460    -7.31    4.43
 -52002.706    92.300    -8.53    4.98
 -51632.328    89.030    -8.83    5.24
 -51261.878    86.812    -5.99    4.71
 -50891.355    85.626    -3.20    4.61
 -50520.759    84.854    -2.08    5.41
 -50150.091    85.921     2.88    6.32
 -49779.349    87.049     3.04    7.33
 -49408.535    86.518    -1.43    6.65
 -49037.649    85.069    -3.91    6.51
 -48666.689    79.700   -14.47    9.80
 -48295.656    72.954   -18.18    8.71
 -47924.551    66.080   -18.52    9.29
 -47553.372    59.460   -17.84   10.55
 -47182.121    53.155   -16.98   11.83
 -46810.796    47.657   -14.81   10.37
 -46439.398    44.066    -9.67    9.90
 -46067.928    41.845    -5.98    9.85
 -45696.383    40.087    -4.73    9.50
 -45324.766    40.221     0.36    9.04
 -44953.075    40.298     0.21    7.39
 -44581.311    40.704     1.09    5.50
 -44209.474    40.210    -1.33    5.31
 -43837.563    39.324    -2.38    4.57
 -43465.579    37.677    -4.43    6.02
 -43093.521    37.480    -0.53    7.23
 -42721.390    35.177    -6.19    8.72
 -42349.185    32.899    -6.12    9.37
 -41976.906    29.750    -8.46    9.04
 -41604.554    26.075    -9.87    7.84
 -41232.128    21.428   -12.48    7.13
 -40859.629    17.477   -10.61    6.27
 -40487.055    15.143    -6.26    6.86
 -40114.408    15.134    -0.02    8.65
 -39741.686    16.401     3.40   10.78
 -39368.891    18.617     5.94   11.72
 -38996.022    22.010     9.10   12.26
 -38623.079    26.112    11.00   11.88
 -38250.061    29.936    10.25   11.62
 -37876.970    34.244    11.55    9.69
 -37503.804    37.531     8.81    8.39
 -37130.564    41.019     9.35    6.68
 -36757.250    42.829     4.85    4.84
 -36383.862    42.165    -1.78    5.89
 -36010.399    40.626    -4.12    6.55
 -35636.862    38.650    -5.29    6.01
 -35263.251    34.269   -11.73    7.87
 -34889.565    27.991   -16.80   11.15
 -34515.804    20.292   -20.60    9.17
 -34141.969    16.507   -10.12    5.13
 -33768.060    18.255     4.67    7.88
 -33394.075    25.899    20.44   12.28
 -33020.016    33.570    20.51   11.07
 -32645.883    40.057    17.34    6.73
 -32271.674    42.915     7.64    3.70
 -31897.391    43.046     0.35    3.39
 -31523.033    42.267    -2.08    3.79
 -31148.600    41.683    -1.56    4.00
 -30774.092    41.716     0.09    3.75
 -30399.509    41.101    -1.64    3.10
 -30024.850    41.176     0.20    2.82
 -29650.117    42.496     3.52    3.45
 -29275.309    43.934     3.84    3.60
 -28900.425    44.866     2.49    3.30
 -28525.467    44.061    -2.15    3.12
 -28150.433    42.221    -4.90    2.92
 -27775.323    41.278    -2.51    2.77
 -27400.139    41.255    -0.06    2.48
 -27024.879    41.112    -0.38    2.70
 -26649.543    38.766    -6.25    5.38
 -26274.132    34.426   -11.56    8.83
 -25898.645    27.044   -19.66   11.95
 -25523.083    18.727   -22.14   13.00
 -25147.445    11.155   -20.16   11.94
 -24771.732     6.415   -12.62    9.39
 -24395.943     2.533   -10.33    4.04
 -24020.078     2.290    -0.65    2.80
 -23644.137     3.821     4.07    3.35
 -23268.120     6.637     7.49    4.21
 -22892.028    12.488    15.56    8.51
 -22515.859    20.277    20.71   11.48
 -22139.615    29.244    23.83   10.62
 -21763.294    35.143    15.68    8.02
 -21386.898    40.410    13.99    5.24
 -21010.425    42.903     6.62    4.44
 -20633.876    44.810     5.06    3.45
 -20257.251    45.983     3.11    2.67
 -19880.550    46.466     1.28    2.20
 -19503.772    46.055    -1.09    2.79
 -19126.918    44.466    -4.22    4.48
 -18749.987    43.049    -3.76    4.68
 -18372.980    42.521    -1.40    3.88
 -17995.897    43.641     2.97    3.40
 -17618.737    44.166     1.39    3.03
 -17241.500    43.015    -3.05    3.75
 -16864.187    41.320    -4.49    4.24
 -16486.797    38.828    -6.60    3.42
 -16109.330    36.810    -5.35    2.61
 -15731.787    36.900     0.24    3.02
 -15354.167    37.991     2.89    3.65
 -14976.470    39.267     3.38    3.51
 -14598.696    38.672    -1.58    4.36
 -14220.845    35.903    -7.33    6.58
 -13842.917    30.321   -14.77    8.58
 -13464.912    24.767   -14.69    8.86
 -13086.830    20.433   -11.46    8.56
 -12708.670    17.908    -6.68    9.14
 -12330.434    17.980     0.19   10.44
 -11952.120    18.501     1.38   11.30
 -11573.729    16.852    -4.36   11.37
 -11195.261    13.026   -10.11   10.72
 -10816.715    11.417    -4.25    9.40
 -10438.092    12.012     1.57    9.39
 -10059.391    12.551     1.42    9.97
  -9680.613    13.361     2.14   11.32
  -9301.757    12.678    -1.80   10.83
  -8922.824    10.256    -6.39   10.72
  -8543.813     7.015    -8.55    8.81
  -8164.724     5.001    -5.31    6.35
  -7785.558     3.765    -3.26    5.25
  -7406.313     4.733     2.55    4.91
  -7026.991     3.004    -4.56    5.02
  -6647.591     0.624    -6.27    3.75
  -6268.113    -1.174    -4.74    2.64
  -5888.557    -2.054    -2.32    1.76
  -5508.923    -2.713    -1.74    1.12
  -5129.211    -2.985    -0.72    0.67
  -4749.421    -2.691     0.78    0.83
  -4369.552    -2.261     1.13    0.97
  -3989.605    -1.735     1.39    1.41
  -3609.580    -0.824     2.40    1.95
  -3229.477    -0.094     1.92    2.36
  -2849.295    -0.301    -0.54    2.45
  -2469.035    -0.976    -1.78    2.62
  -2088.697    -1.912    -2.46    2.07
  -1708.280    -2.561    -1.71    1.38
  -1327.784    -2.723    -0.43    1.45
   -947.210    -2.866    -0.38    1.50
   -566.557    -2.658     0.55    2.72
   -185.825     4.521    18.86   16.86
    185.825    16.644    32.62   22.01
    551.632    28.053    31.19   19.81
    917.511    38.966    29.83   10.48
   1283.462    41.947     8.15    4.74
   1649.485    42.154     0.57    4.12
   2015.580    42.993     2.29    4.28
   2381.746    44.640     4.50    2.75
   2747.985    45.319     1.85    2.33
   3114.295    45.977     1.80    2.10
   3480.677    45.146    -2.27    2.59
   3847.132    44.386    -2.07    2.75
   4213.659    43.688    -1.90    2.60
   4580.258    42.993    -1.90    3.07
   4946.929    41.574    -3.87    4.81
   5313.672    41.375    -0.54    5.39
   5680.488    41.842     1.27    5.11
   6047.375    42.540     1.90    4.40
   6414.336    44.291     4.77    3.42
   6781.369    45.892     4.36    3.57
   7148.474    46.326     1.18    3.34
   7515.651    46.798     1.28    3.10
   7882.902    45.457    -3.65    4.10
   8250.225    42.950    -6.83    4.53
   8617.620    41.666    -3.49    4.40
   8985.088    41.132    -1.45    5.08
   9352.629    40.958    -0.47    4.85
   9720.243    42.585     4.43    5.09
  10087.929    41.852    -1.99    5.11
  10455.688    42.410     1.52    4.39
  10823.521    44.004     4.33    3.88
  11191.426    45.163     3.15    3.29
  11559.404    47.788     7.13    3.91
  11927.455    49.854     5.61    3.59
  12295.579    50.385     1.44    3.74
  12663.777    51.551     3.17    4.38
  13032.047    50.749    -2.18    5.91
  13400.391    50.699    -0.13    6.05
  13768.808    52.254     4.22    6.76
  14137.298    50.584    -4.53    7.67
  14505.861    50.899     0.86    7.44
  14874.498    52.906     5.44    6.99
  15243.208    55.431     6.85    7.01
  15611.992    58.906     9.42    6.85
  15980.849    61.733     7.66    6.61
  16349.780    64.091     6.39    5.56
  16718.784    63.855    -0.64    5.82
  17087.862    61.101    -7.46    7.84
  17457.014    60.265    -2.26    7.67
  17826.239    60.639     1.01    7.30
  18195.538    61.134     1.34    7.63
  18564.911    63.514     6.44    5.61
  18934.358    63.069    -1.20    5.97
  19303.879    61.588    -4.01    6.62
  19673.473    58.863    -7.37    8.98
  20043.142    58.335    -1.43   10.37
  20412.885    58.383     0.13   10.74
  20782.701    58.419     0.10   12.18
  21152.592    61.652     8.74   10.47
  21522.557    64.923     8.84    8.58
  21892.596    65.221     0.81    8.17
  22262.710    63.533    -4.56    7.81
  22632.897    58.656   -13.17   10.80
  23003.159    50.699   -21.49   11.51
  23373.496    46.026   -12.62    9.38
  23743.907    41.386   -12.53    7.55
  24114.392    36.958   -11.95    6.50
  24484.952    34.178    -7.50    7.00
  24855.586    31.210    -8.01    8.83
  25226.295    29.363    -4.98   12.75
  25597.079    25.899    -9.34   14.93
  25967.937    23.254    -7.13   13.82
  26338.870    19.440   -10.28   11.08
  26709.878    18.544    -2.41    8.87
  27080.961    18.140    -1.09    7.43
  27452.118    21.881    10.08    8.80
  27823.351    24.710     7.62    8.87
  28194.658    26.678     5.30    7.71
  28566.040    28.437     4.74    9.20
  28937.498    25.656    -7.49   11.56
  29309.030    24.006    -4.44   12.06
  29680.638    25.496     4.01   11.39
  30052.321    24.528    -2.60   10.13
  30424.079    24.996     1.26   10.83
  30795.912    25.055     0.16   10.75
  31167.821    26.787     4.66   11.37
  31539.805    27.265     1.29   11.97
  31911.865    26.684    -1.56   11.43
  32284.000    27.167     1.30   12.07
  32656.210    29.265     5.64   12.02
  33028.496    30.102     2.25   12.20
  33400.858    31.921     4.89   12.17
  33773.295    35.437     9.44   11.11
  34145.808    40.346    13.18   10.02
  34518.397    44.469    11.06   10.19
  34891.061    48.187     9.98   10.43
  35263.801    52.275    10.97    8.93
  35636.617    56.617    11.65    6.18
  36009.509    57.845     3.29    6.73
  36382.477    59.256     3.78   10.71
  36755.521    61.094     4.93   14.55
  37128.641    62.435     3.59   16.16
  37501.838    61.798    -1.71   16.54
  37875.110    62.421     1.67   16.20
  38248.458    64.168     4.68   16.80
  38621.883    71.925    20.77   17.36
  38995.384    79.439    20.12   16.58
  39368.962    84.748    14.21   14.82
  39742.615    90.656    15.81   12.20
  40116.345    95.276    12.36   12.02
  40490.152   100.080    12.85   10.79
  40864.035   104.619    12.14    7.77
  41237.995   108.178     9.52    4.85
  41612.031   108.830     1.74    4.30
  41986.144   108.309    -1.39    4.37
  42360.334   104.058   -11.36    9.93
  42734.600    97.024   -18.80   11.00
  43108.943    92.684   -11.59    8.84
  43483.363    90.782    -5.08    8.59
  43857.860    94.069     8.78   10.52
  44232.434   100.521    17.23   11.06
  44607.085   106.004    14.63   10.20
  44981.813   111.344    14.25    8.87
  45356.618   114.434     8.25    7.91
  45731.500   116.592     5.76    6.53
  46106.459   115.817    -2.07    5.16
  46481.496   111.957   -10.29    6.58
  46856.610   105.286   -17.78    9.57
  47231.801    98.896   -17.03    8.57
  47607.069    96.102    -7.45    7.52
  47982.415    98.698     6.92   11.87
  48357.838   105.026    16.86   13.65
  48733.339   111.826    18.11   12.05
  49108.917   118.569    17.95    8.72
  49484.573   122.466    10.37    5.80
  49860.307   122.461    -0.01    6.21
  50236.118   120.140    -6.17    7.27
  50612.007   116.156   -10.60    5.51
  50987.974   112.605    -9.45    5.71
  51364.019   110.447    -5.74    6.94
  51740.141   108.647    -4.79    7.87
  52116.341   106.974    -4.45    7.68
  52492.620   106.555    -1.11    6.38
  52868.976   107.136     1.55    4.29
  53245.411   106.312    -2.19    4.07
  53621.924   103.126    -8.46    6.37
  53998.514    99.491    -9.65    6.56
  54375.183    96.082    -9.05    6.71
  54751.931    94.233    -4.91    7.84
  55128.756    93.254    -2.60    8.43
  55505.660    91.626    -4.32    8.64
  55882.643    87.787   -10.18   10.43
  56259.704    80.053   -20.51   12.24
  56636.843    72.447   -20.17   11.49
  57014.061    66.165   -16.66    9.93
  57391.357    61.576   -12.16    8.63
  57768.733    58.210    -8.92    6.11
  58146.187    56.673    -4.07    5.12
  58523.719    56.952     0.74    5.21
  58901.331    56.958     0.02    5.30
  59279.021    56.042    -2.43    6.32
  59656.790    55.824    -0.58    7.32
  60034.638    53.918    -5.04    7.84
  60412.565    50.286    -9.61    7.87
  60790.572    47.412    -7.60    6.13
  61168.657    46.091    -3.50    3.97
  61546.821    47.021     2.46    3.92
  61925.065    48.275     3.31    3.67
  62303.388    50.062     4.72    4.83
  62681.790    52.190     5.62    5.70
  63060.271    53.624     3.79    6.07
  63438.832    56.338     7.17    6.70
  63817.473    58.543     5.82    5.86
  64196.192    61.092     6.73    6.54
  64574.992    63.780     7.09    6.15
  64953.871    66.178     6.33    5.07
  65332.829    68.373     5.79    2.85
  65711.868    68.254    -0.31    2.96
  66090.986    67.931    -0.85    2.63
  66470.183    67.211    -1.90    2.90
  66849.461    66.768    -1.17    3.00
  67228.818    65.544    -3.23    2.58
  67608.256    64.153    -3.67    2.00
  67987.773    63.360    -2.09    2.52
  68367.371    60.877    -6.54    4.19
  68747.048    57.136    -9.85    6.39
  69126.806    53.514    -9.54    6.49
  69506.644    48.917   -12.10    6.89
  69886.562    45.109   -10.02    5.41
  70266.560    42.082    -7.97    5.58
  70646.639    38.705    -8.89    5.34
  71026.798    36.987    -4.52    4.41
  71407.037    36.483    -1.33    4.30
  71787.357    36.030    -1.19    4.39
  72167.758    36.677     1.70    4.71
  72548.239    38.445     4.65    6.33
  72928.801    40.677     5.87    7.39
  73309.443    42.838     5.68    7.26
  73690.167    44.329     3.92    6.81
  74070.970    44.477     0.39    6.26
  74451.855    42.028    -6.43    5.22
  74828.677    39.374    -7.04    3.78
  75194.254    36.684    -7.36    4.04
  75559.905    34.583    -5.75    3.93
  75925.630    32.687    -5.18    3.77
  76291.428    31.048    -4.48    3.04
  76657.300    29.338    -4.67    2.36
  77023.245    27.934    -3.84    3.27
  77389.264    27.080    -2.33    3.03
  77755.357    26.319    -2.08    2.67
  78121.523    25.892    -1.17    2.14
  78487.763    26.232     0.93    2.24
  78854.077    26.845     1.67    2.37
  79220.465    27.514     1.82    3.38
  79586.927    27.845     0.90    4.74
  79953.463    27.152    -1.89    5.24
  80320.073    26.211    -2.57    4.81
  80686.757    25.353    -2.34    3.69
  81053.516    25.232    -0.33    3.13
  81420.348    25.870     1.74    3.38
  81787.254    24.808    -2.89    3.81
  82154.235    22.832    -5.39    3.23
  82521.290    20.617    -6.03    3.18
  82888.420    18.041    -7.02    4.09
  83255.624    14.624    -9.31    5.44
  83622.902    11.275    -9.12    5.19
  83990.255     8.244    -8.25    4.88
  84357.682     5.137    -8.46    5.85
  84725.184     4.275    -2.35    6.60
  85092.760     5.374     2.99    7.30
  85460.412     8.051     7.28    7.74
  85828.137    11.395     9.09    6.82
  86195.938    13.781     6.49    4.63
  86563.813    15.013     3.35    3.37
  86931.764    14.009    -2.73    4.21
  87299.789    12.117    -5.14    4.21
  87667.889    11.017    -2.99    3.61
  88036.064    11.167     0.41    3.30
  88404.314    11.379     0.58    3.03
  88772.639    10.791    -1.60    4.48
  89141.039     9.656    -3.08    5.19
  89509.515     9.413    -0.66    5.71
  89878.065     9.977     1.53    4.83
  90246.691    11.049     2.91    4.34
  90615.393    13.655     7.07    4.21
  90984.169    15.796     5.81    3.58
  91353.021    17.024     3.33    3.37
  91721.948    18.221     3.25    3.83
  92090.951    19.926     4.62    3.72
  92460.029    22.328     6.51    4.35
  92829.183    24.480     5.83    4.60
  93198.413    27.318     7.69    4.97
  93567.718    28.813     4.05    3.88
  93937.099    28.296    -1.40    3.94
  94306.556    26.580    -4.64    4.16
  94676.088    25.308    -3.44    4.48
  95045.696    26.534     3.32    6.04
  95415.381    27.017     1.31    6.77
  95785.141    25.877    -3.08    6.60
  96154.977    25.142    -1.99    5.96
  96524.889    25.190     0.13    4.64
  96894.877    26.133     2.55    4.64
  97264.942    26.583     1.22    3.85
  97635.082    26.661     0.21    3.29
  98005.299    24.390    -6.14    4.62
  98375.592    22.221    -5.86    5.71
  98745.962    20.998    -3.30    7.09
  99116.407    20.340    -1.78    6.98
  99486.929    19.039    -3.51    6.76
  99857.528    17.413    -4.39    6.10
 100228.203    17.057    -0.96    5.61
 100598.955    16.453    -1.63    5.12
 100969.783    17.221     2.07    5.69
 101340.688    18.819     4.31    6.73
 101711.670    18.766    -0.14    7.41
 102082.728    16.727    -5.50    7.68
 102453.863    12.837   -10.48    8.58
 102825.075     9.041   -10.23    6.72
 103196.364     6.480    -6.90    4.66
 103567.729     6.041    -1.18    3.84
 103939.172     5.716    -0.87    2.86
 104310.692     6.548     2.24    2.97
 104682.289     7.094     1.47    3.28
 105053.963     7.498     1.09    3.97
 105425.714     7.743     0.66    3.80
 105797.542     7.656    -0.23    4.67
 106169.447     8.369     1.92    5.08
 106541.430    10.480     5.68    5.70
 106913.490    11.104     1.68    5.69
 107285.628    11.017    -0.24    5.49
 107657.843    10.361    -1.76    6.23
 108030.136     8.570    -4.81    7.45
 108402.506     5.474    -8.31    8.61
 108774.953    -0.039   -14.80    8.87
 109147.479    -4.431   -11.79    7.83
 109520.082    -7.811    -9.07    5.00
 109892.762    -8.200    -1.04    4.56
 110265.521    -7.279     2.47    4.89
 110638.357    -5.757     4.08    5.09
 111011.272    -5.927    -0.46    4.93
 111384.264    -4.854     2.88    4.38
 111757.334    -5.157    -0.81    3.87
 112130.482    -4.490     1.79    3.10
 112503.708    -4.417     0.20    2.96
 112877.013    -4.328     0.24    2.09
 113250.395    -5.168    -2.25    2.06
 113623.856    -5.307    -0.37    1.91
 113997.395    -5.747    -1.18    1.76
 114371.013    -6.112    -0.98    1.69
 114744.708    -6.949    -2.24    2.06
 115118.482    -7.222    -0.73    2.20
 115492.335    -7.063     0.43    2.85
 115866.266    -6.201     2.31    3.83
 116240.276    -5.862     0.91    3.74
 116614.364    -4.942     2.46    2.94
 116988.531    -5.715    -2.07    3.34
 117362.777    -6.539    -2.20    3.21
 117737.101    -7.979    -3.84    2.80
 118111.504    -8.434    -1.22    2.58
 118485.986    -7.510     2.47    3.86
 118860.547    -4.321     8.51    6.31
 119235.187    -0.853     9.26    6.96
 119609.906     0.370     3.27    6.06
 119984.704    -0.566    -2.50    6.19
 120359.581    -2.842    -6.07    5.50
 120734.538    -5.864    -8.06    2.85
 121109.573    -6.789    -2.47    3.29
 121484.688    -7.279    -1.30    4.37
 121859.882    -7.080     0.53    4.64
 122235.155    -7.617    -1.43    3.89
 122610.508    -6.463     3.08    4.00
 122985.940    -4.626     4.89    4.42
 123361.452    -3.515     2.96    4.59
 123737.043    -2.370     3.05    4.13
 124112.714    -2.631    -0.70    3.76
 124488.465    -2.921    -0.77    3.16
 124864.295    -1.566     3.61    3.93
 125240.205     0.290     4.94    5.50
 125616.195     1.785     3.98    6.06
 125992.264     2.785     2.66    6.35
 126368.414     1.673    -2.96    6.15
 126744.643     0.033    -4.36    3.67
 127120.953     0.325     0.78    2.74
 127497.342     0.966     1.70    2.47
 127873.812     1.477     1.36    2.50
 128250.362     0.933    -1.44    2.35
 128626.992     0.294    -1.69    2.11
 129003.702    -0.509    -2.13    1.70
 129380.492    -0.979    -1.25    1.39
 129757.363    -0.812     0.44    1.61
 130134.315    -0.873    -0.16    1.67
 130511.346    -0.823     0.13    2.35
 130888.459    -1.136    -0.83    2.79
 131265.652    -1.811    -1.79    3.27
 131642.925    -1.557     0.67    3.94
 132020.279    -1.402     0.41    4.23
 132397.714    -0.631     2.04    4.39
 132775.230     0.837     3.89    3.76
 133152.826     0.695    -0.38    3.62
 133530.503     0.385    -0.82    4.25
 133908.261    -1.122    -3.99    6.21
 134286.101    -1.626    -1.33    7.95
 134664.021    -4.410    -7.37    8.89
 135042.022    -6.434    -5.36    8.01
 135420.104    -7.442    -2.66    6.30
 135798.268    -7.505    -0.17    4.94
 136176.513    -8.021    -1.36    5.40
 136554.839    -8.485    -1.23    6.07
 136933.246    -7.654     2.20    6.48
 137311.735    -8.499    -2.23    7.46
 137690.305   -11.147    -7.00    7.93
 138068.957   -13.768    -6.92    6.32
 138447.690   -15.873    -5.56    4.04
 138826.505   -16.811    -2.48    3.14
 139205.401   -16.568     0.64    2.75
 139584.379   -17.442    -2.31    2.81
 139963.439   -17.021     1.11    3.62
 140342.581   -16.550     1.24    3.83
 140721.804   -15.841     1.87    3.64
 141101.110   -14.887     2.51    3.08
 141480.497   -15.164    -0.73    2.58
 141859.966   -14.550     1.62    3.39
 142239.518   -13.147     3.70    4.05
 142619.151   -11.592     4.10    3.18
 142998.867    -9.715     4.94    2.80
 143378.665    -8.831     2.33    2.69
 143758.545    -9.442    -1.61    2.85
 144138.508    -9.625    -0.48    2.82
 144518.552   -10.063    -1.15    2.59
 144898.680   -10.518    -1.20    2.63
 145278.890   -11.091    -1.51    3.20
 145659.182   -11.273    -0.48    3.23
 146039.557   -12.279    -2.64    3.52
 146420.014   -13.822    -4.06    3.38
 146800.555   -14.346    -1.37    2.93
 147181.178   -14.518    -0.45    3.20
 147561.883   -13.424     2.87    3.34
 147942.672   -12.845     1.52    3.23
 148323.543   -13.683    -2.20    3.17
 148704.498   -14.330    -1.70    2.78
 149085.535   -14.183     0.39    3.92
 149466.656   -13.834     0.92    5.28
 149833.296   -11.081     7.51    6.51
 150198.718    -8.294     7.63    7.18
 150564.215    -7.622     1.84    7.99
 150929.787    -8.694    -2.93    9.16
 151295.434   -11.417    -7.45    9.40
 151661.157   -14.094    -7.32    9.02
 152026.955   -15.747    -4.52    9.03
 152392.828   -19.026    -8.96    8.07
 152758.778   -22.256    -8.83    4.42
 153124.802   -23.943    -4.61    2.03
 153490.903   -23.481     1.26    2.81
 153857.079   -22.133     3.68    3.63
 154223.330   -21.193     2.56    3.74
 154589.658   -19.918     3.48    3.36
 154956.061   -19.810     0.30    3.00
 155322.540   -19.199     1.67    2.79
 155689.095   -18.831     1.01    3.20
 156055.726   -17.942     2.43    3.16
 156422.433   -17.557     1.05    2.96
 156789.216   -17.449     0.30    2.96
 157156.075   -17.652    -0.55    2.88
 157523.010   -17.800    -0.40    2.84
 157890.021   -18.470    -1.83    3.24
 158257.109   -18.652    -0.50    3.53
 158624.272   -18.289     0.99    4.82
 158991.512   -18.299    -0.03    5.56
 159358.829   -18.240     0.16    6.30
 159726.222   -18.779    -1.47    5.44
 160093.691   -19.162    -1.04    4.59
 160461.237   -19.704    -1.48    2.98
 160828.859   -19.174     1.44    2.62
 161196.558   -18.952     0.60    2.53
 161564.334   -19.768    -2.22    2.64
 161932.186   -19.834    -0.18    2.68
 162300.115   -19.882    -0.13    2.62
 162668.121   -19.015     2.35    3.02
 163036.204   -18.421     1.62    3.28
 163404.363   -17.768     1.77    4.74
 163772.600   -15.820     5.29    7.84
 164140.913   -14.549     3.45    8.40
 164509.304   -13.705     2.29    8.20
 164877.772   -14.098    -1.07    8.33
 165246.316   -17.866   -10.23    6.98
 165614.938   -20.257    -6.49    5.65
 165983.637   -22.154    -5.14    3.99
 166352.414   -23.315    -3.15    1.49
 166721.267   -23.289     0.07    0.84
 167090.198   -23.115     0.47    0.72
 167459.207   -23.193    -0.21    0.77
 167828.293   -23.410    -0.59    0.89
 168197.456   -23.539    -0.35    0.90
 168566.697   -23.747    -0.56    0.91
 168936.016   -23.956    -0.56    0.88
 169305.412   -24.034    -0.21    0.93
 169674.886   -24.021     0.04    1.00
 170044.438   -24.199    -0.48    0.91
 170414.067   -24.008     0.52    1.02
 170783.774   -23.757     0.68    1.04
 171153.560   -23.518     0.65    0.98
 171523.423   -23.279     0.65    1.02
 171893.364   -22.747     1.44    0.97
 172263.383   -22.195     1.49    0.54
 172633.481   -21.904     0.79    0.33
 173003.656   -21.779     0.34    0.00
 173373.910   -21.779     0.00    0.00
 173744.242   -21.779     0.00    0.00
 174114.652   -21.779     0.00    0.00
 174485.140   -21.779     0.00    0.00
 174855.707   -21.779     0.00    0.00
 175226.353   -21.779     0.00    0.00
 175597.076   -21.779     0.00    0.00
 175967.879   -21.779     0.00    0.00
 176338.760   -21.779     0.00    0.00
 176709.719   -21.779     0.00    0.00
 177080.758   -21.779     0.00    0.00
 177451.875   -21.779     0.00    0.00
 177823.070   -21.779     0.00    0.00
 178194.345   -21.779     0.00    0.00
 178565.698   -21.779     0.00    0.00
 178937.131   -21.779     0.00    0.00
 179308.642   -21.789    -0.03    0.10
 179680.233   -21.842    -0.14    0.25
 180051.902   -21.902    -0.16    0.33
 180423.651   -21.938    -0.10    0.37
 180795.479   -21.913     0.07    0.34
 181167.386   -21.842     0.19    0.28
 181539.372   -21.832     0.03    0.49
 181911.438   -21.404     1.15    2.35
 182283.583   -18.084     8.92    8.91
 182655.807   -16.585     4.03    9.61
 183028.111   -17.023    -1.18    9.24
 183400.495   -18.465    -3.87    8.13
 183772.958   -20.952    -6.68    5.10
 184145.500   -20.067     2.38    5.12
 184518.123   -17.644     6.50    6.68
 184890.825   -15.284     6.33    6.22
 185263.607   -13.746     4.12    5.47
 185636.468   -15.170    -3.82    5.11
 186009.410   -16.179    -2.70    4.22
 186382.432   -16.694    -1.38    4.45
