# NaN NaN NaN ;Mean Elev.(m), Avg Gradient(m/km), RMS Gradient(m/km) - SRTM1     
#    4.039  -0.653   4.228 ;Mean Elev.(m), Avg Gradient(m/km), RMS Gradient(m/km) - ASTER GDEM
#   41.608  -0.352   3.476 ;Mean Elev.(m), Avg Gradient(m/km), RMS Gradient(m/km) - GMTED2010 
  7  54.496871  65.647954    19.988    19.988  2 52471.71179697 37.394
  9  54.492890  65.645779    21.269    21.269  2 52541.71175625 51.492
 10  54.492725  65.647526    19.422    19.422  2 52576.71180551 50.231
 11  54.502045  65.649491    20.632    20.632  2 52611.71176848 23.149
 12  54.494393  65.647642    22.086    22.086  2 52646.71175434 17.028
 13  54.510982  65.650991    21.697    21.697  2 52681.71172502 13.391
 15  54.498001  65.647223    34.689    34.689  2 52751.71180782 12.484
 16  54.482364  65.645141    38.747    38.747  2 52786.71175236 23.715
 17  54.486949  65.646402    23.375    23.375  2 52821.71182565 51.602
 18  54.493365  65.647768    28.800    28.800  2 52856.71187304 22.767
 19  54.494282  65.647345    20.107    20.107  2 52891.71190530 44.965
 20  54.508135  65.650555    21.152    21.152  2 52926.71185771 51.601
 21  54.495068  65.646772    19.324    19.324  2 52961.71182558 41.232
 22  54.494530  65.647782    20.866    21.131  3 52996.71186693 14.838
 23  54.507558  65.651116    21.337    21.337  2 53031.71182736 15.314
 24  54.498480  65.647518    19.390    19.390  2 53066.71183599 16.980
 25  54.507268  65.650082    26.372    26.372  2 53101.71183313 11.119
 26  54.496797  65.648555    26.191    20.922  3 53136.71183847 15.793
 27  54.493366  65.646462    29.108    25.167  3 53171.71188808 30.595
 28  54.497729  65.648207    18.648    18.648  2 53206.71190204 42.629
 29  54.507954  65.649562    21.868    21.868  2 53241.71186969 17.387
 30  54.485869  65.643535    22.357    22.357  2 53276.71184054 18.969
 31  54.493990  65.646658    19.330    19.324  3 53311.71187968 34.264
 32  54.503232  65.648947    20.314    20.314  3 53346.71184567 21.991
 33  54.487722  65.645102    20.604    20.604  2 53381.71180557 16.336
 34  54.504100  65.650277    21.443    21.601  3 53416.71182417 14.500
 35  54.483576  65.645563    23.401    23.401  2 53451.71182247 12.401
 36  54.489321  65.645762    30.626    30.626  2 53486.71190768  5.757
 37  54.500926  65.648954    38.806    38.806  2 53521.71190025 22.076
 38  54.493318  65.647904    29.002    29.002  2 53556.71192475 17.980
 39  54.512190  65.652298    18.966    18.958  3 53591.71186274 46.963
 40  54.480209  65.641846    21.586    21.586  2 53626.71185042 21.523
 41  54.491817  65.647152    31.736    36.477  3 53661.71187657 18.163
 42  54.505067  65.648883    21.542    21.569  3 53696.71184429 43.630
 43  54.512653  65.652740    21.468    21.468  2 53731.71176746 15.148
 44  54.498561  65.647842    20.896    20.896  2 53766.71174010 13.716
 45  54.510642  65.650876    21.636    21.636  2 53801.71174166 12.540
 46  54.487051  65.644722    23.183    23.183  2 53836.71175001  9.300
 47  54.494582  65.647692    21.396    21.396  2 53871.71180509 47.981
 48  54.492007  65.647305    30.152    30.152  2 53906.71184443 21.085
 49  54.489709  65.647005    19.686    19.686  2 53941.71187261 33.840
 50  54.505397  65.650278    20.673    20.673  2 53976.71182739 21.995
 51  54.485587  65.645623    20.630    20.630  2 54011.71183063 32.476
 52  54.501366  65.648682    21.829    21.829  2 54046.71184359 44.825
 54  54.512966  65.651294    21.110    21.110  2 54116.71176919 20.413
 55  54.496196  65.648561    19.682    19.456  3 54151.71178775 16.289
 56  54.510448  65.651164    25.242    25.242  2 54186.71176185  8.990
 57  54.492630  65.646503    23.600    23.600  2 54221.71179719 29.815
 58  54.499164  65.647763    26.443    26.442  3 54256.71182007 42.311
 59  54.499437  65.648970    21.045    21.045  2 54291.71182213 38.901
 60  54.503092  65.649392    19.539    19.539  2 54326.71181908 30.522
 63  54.509515  65.650159    20.854    20.854  2 54431.71171961 25.169
 64  54.493942  65.647907    21.820    21.820  2 54466.71173998 18.103
 65  54.505007  65.650689    21.012    21.012  2 54501.71173380 15.235
 66  54.500175  65.649579    22.575    22.462  3 54536.71175532 14.081
 67  54.509502  65.650941    21.721    21.721  2 54571.71173581 11.238
 69  54.500962  65.648836    26.248    26.248  2 54641.71175801 34.679
 70  54.497743  65.648266    19.009    19.009  2 54676.71176009 34.853
 73  54.502932  65.650030    21.082    21.083  3 54781.71170051 38.048
 74  54.495263  65.647274    20.530    20.530  2 54816.71172107 23.445
 75  54.504860  65.649963    22.024    22.024  2 54851.71169840 12.758
 76  54.496960  65.647364    22.206    22.206  2 54886.71172511 14.743
 77  54.510609  65.651664    25.617    25.527  3 54921.71169937 11.695
 78  54.493184  65.647347    36.270    36.270  2 54956.71172151  5.870
 79  54.495836  65.648217    36.556    36.556  2 54991.71174460 22.646
 80  54.503354  65.649048    20.840    20.840  2 55026.71173524 42.706
 81  54.500102  65.648931    21.862    21.862  2 55061.71172853 17.447
 82  54.511552  65.651825    19.400    19.400  2 55096.71167773 40.220
 83  54.496226  65.647521    19.571    19.571  2 55131.71167111 52.495
 84  54.505283  65.649640    20.621    20.621  2 55166.71163962 22.695
 85  54.495254  65.647779    20.032    20.032  2 55201.71166346 14.830
 86  54.506886  65.650072    20.690    20.690  2 55236.71164629 15.527
 87  54.499268  65.649004    19.625    19.441  3 55271.71165779 18.361
 89  54.500125  65.647647    24.978    24.957  3 55341.71162783 26.738
 90  54.504720  65.648913    29.025    29.025  2 55376.71162113 19.641
 91  54.496838  65.647078    20.763    20.957  3 55411.71164432 22.220
 92  54.504526  65.647023    28.694    28.694  2 55446.71163597 20.341
