# NaN NaN NaN ;Mean Elev.(m), Avg Gradient(m/km), RMS Gradient(m/km) - SRTM1     
#   37.041  -7.086  11.177 ;Mean Elev.(m), Avg Gradient(m/km), RMS Gradient(m/km) - ASTER GDEM
#   39.020  -7.490  10.498 ;Mean Elev.(m), Avg Gradient(m/km), RMS Gradient(m/km) - GMTED2010 
 12  58.772045  66.386888    42.604    42.604  2 52618.69794065 16.868
 13  58.767595  66.384950    45.049    45.049  2 52653.69791899 10.852
 14  58.776874  66.386902    45.287    45.287  2 52688.69791746  7.917
 15  58.764296  66.384570    49.695    49.695  2 52723.69796281  6.195
 22  58.757582  66.383965    40.935    40.935  2 52968.69803453 23.631
 24  58.774607  66.385498    43.607    43.607  2 53038.69800476 13.063
 29  58.762540  66.385799    44.374    44.374  2 53213.69808343 24.361
 33  58.778135  66.387058    45.077    45.077  2 53353.69800685 16.619
 34  58.753356  66.382296    44.174    44.174  2 53388.69800605 15.101
 35  58.770848  66.388240    43.909    43.909  2 53423.69800617 10.456
 38  58.771052  66.385880    41.271    41.271  2 53528.69807340 39.403
 44  58.787790  66.389652    42.042    42.042  2 53738.69791287 21.358
 45  58.764688  66.386406    43.787    43.787  2 53773.69792899 13.626
 46  58.778550  66.389032    44.089    44.089  2 53808.69791471 10.246
 49  58.758693  66.382830    45.500    45.500  2 53913.69803836 24.083
 54  58.771668  66.387733    41.806    41.806  2 54088.69800660 16.078
 55  58.754686  66.381709    45.677    45.677  2 54123.69792882 14.065
 56  58.764326  66.385668    44.695    44.695  2 54158.69797077 11.926
 57  58.752728  66.384401    46.161    46.161  2 54193.69793103 12.331
 58  58.762662  66.385212    41.486    41.486  2 54228.69798300 26.713
 66  58.755867  66.381838    46.770    46.770  2 54508.69790739 10.997
 67  58.767799  66.385574    46.505    46.505  2 54543.69793965  9.703
 68  58.760678  66.385653    38.272    38.272  2 54578.69790921 20.394
 75  58.760891  66.384754    43.988    43.988  2 54823.69790521 15.225
 76  58.753459  66.383449    45.432    45.432  2 54858.69787041 11.127
 77  58.768217  66.385561    43.450    43.450  2 54893.69790708 11.216
 78  58.755058  66.382144    47.187    47.187  2 54928.69786913 11.679
 79  58.762501  66.385915    43.676    43.676  2 54963.69790724 13.427
 82  58.772058  66.387379    38.950    38.950  2 55068.69790472 34.506
 84  58.765600  66.384597    39.477    39.477  2 55138.69785140 42.406
 85  58.754335  66.382254    41.778    41.778  2 55173.69781200 17.497
 86  58.761076  66.386015    43.762    43.762  2 55208.69784662 10.889
 87  58.755310  66.383353    44.856    44.856  2 55243.69781710 11.664
 88  58.769872  66.385687    43.823    43.823  2 55278.69784013 11.410
 89  58.762286  66.384974    38.824    38.824  2 55313.69780368 21.625
 92  58.762660  66.385062    40.439    40.439  2 55418.69782983 42.980
