# NaN NaN NaN ;Mean Elev.(m), Avg Gradient(m/km), RMS Gradient(m/km) - SRTM1     
#    0.914  -1.829  10.512 ;Mean Elev.(m), Avg Gradient(m/km), RMS Gradient(m/km) - ASTER GDEM
#   21.000  -0.204   2.095 ;Mean Elev.(m), Avg Gradient(m/km), RMS Gradient(m/km) - GMTED2010 
  8  52.496772  66.206800    10.329     9.857  4 52509.71586971 19.634
 10  52.501504  66.186700     7.459     7.457 14 52579.71590499 40.226
 11  52.493743  66.206543     8.522     8.469  4 52614.71587624 21.171
 12  52.494580  66.197465     9.958    10.001  9 52649.71585419 16.540
 13  52.496796  66.209449     9.804    10.057  4 52684.71583934 14.018
 14  52.496367  66.193525    11.844    11.854 11 52719.71588920 10.713
 15  52.495157  66.195994     8.021     8.233  9 52754.71591398 12.205
 16  52.501242  66.176320    15.417    15.362 15 52789.71585826 32.867
 17  52.501409  66.183523    12.215    12.431 15 52824.71592970 25.137
 18  52.499589  66.188445     8.406     8.414 14 52859.71597668 24.343
 19  52.494029  66.198762    11.763    11.938  9 52894.71600962 19.869
 20  52.496605  66.209086     8.770     8.780  3 52929.71596084 24.664
 21  52.502428  66.182449     7.301     7.289 16 52964.71594397 34.584
 22  52.497472  66.191540     8.826     9.228 11 52999.71598137 20.856
 23  52.495673  66.208343     9.492     9.587  3 53034.71593464 15.398
 24  52.494613  66.197712    11.234    11.065  8 53069.71595030 13.573
 25  52.497066  66.210365    15.400    15.180  4 53104.71593660 13.558
 26  52.499706  66.189018     8.168     8.127 13 53139.71595439 23.401
 27  52.495986  66.194274    13.485    13.483 11 53174.71599170 49.519
 28  52.493110  66.200758     9.730    10.750  7 53209.71601034 21.528
 29  52.494711  66.206776     6.036     6.047  4 53244.71597917 40.497
 30  52.500794  66.177855    10.599    10.597 15 53279.71595463 19.580
 31  52.495568  66.194520     6.960     6.969 11 53314.71597830 46.975
 32  52.494605  66.206795     9.366     9.406  4 53349.71594624 21.283
 33  52.502612  66.178879     9.452     9.965 15 53384.71591781 16.642
 34  52.495111  66.207241     9.144     9.163  4 53419.71592880 15.733
 35  52.501172  66.179067    10.055    10.505 15 53454.71592934 15.205
 36  52.501551  66.182860    10.461     9.684 15 53489.71601528 15.589
 37  52.491270  66.205126    14.416    14.389  5 53524.71600536 29.597
 38  52.496712  66.194198    12.034    12.214 11 53559.71603029 17.978
 39  52.498268  66.211914     6.636     6.664  3 53594.71597134 29.896
 40  52.502516  66.168401     9.216     9.487 15 53629.71595633 31.954
 41  52.500301  66.188177    10.694    10.660 13 53664.71598367 21.093
 42  52.494678  66.207104     8.829     8.799  4 53699.71594360 45.679
 43  52.499208  66.215606     7.786     7.783  4 53734.71586721 28.226
 44  52.490782  66.204033     8.622     9.029  6 53769.71585137 16.328
 45  52.497908  66.210446     9.260     9.317  3 53804.71584700 17.369
 48  52.502399  66.182163    11.351    11.339 15 53909.71595384 51.143
 49  52.501027  66.186594    10.705    10.058 15 53944.71597618 19.019
 50  52.496188  66.206810     6.624     6.639  4 53979.71592811 28.894
 51  52.501380  66.178996     9.405     9.444 15 54014.71593898 37.646
 52  52.493318  66.206167     9.222     9.249  4 54049.71594796 22.908
 54  52.499369  66.214760     9.681     9.642  4 54119.71586965 17.497
 55  52.494440  66.198945    10.182    10.140  9 54154.71589562 12.204
 56  52.498828  66.210163     6.791     6.627  4 54189.71586482 10.881
 57  52.499523  66.189612    11.766    11.823 13 54224.71590461 29.845
 58  52.494142  66.199762    13.349    13.330  7 54259.71592739 26.647
 59  52.493103  66.201690    11.494    11.436  6 54294.71593116 20.456
 60  52.495949  66.206051     7.369     7.342  4 54329.71592530 28.670
 61  52.498351  66.211318     9.093     9.084  4 54364.71587185 42.533
 62  52.493165  66.201769    11.998    12.504  6 54399.71586561 20.767
 63  52.497184  66.209189     8.756     8.721  4 54434.71582440 25.103
 64  52.499571  66.189872    10.521    10.875 13 54469.71584661 14.808
 65  52.495258  66.210319     9.550     9.451  4 54504.71583904 14.279
 66  52.490799  66.206209    11.522    12.067  5 54539.71586493 13.295
 67  52.497083  66.210709     6.523     6.521  4 54574.71583996 22.004
 68  52.492391  66.202489    11.557    11.520  6 54609.71585679 30.496
 69  52.492261  66.203312    13.308    13.307  5 54644.71586464 33.012
 70  52.492887  66.202218     6.817     6.811  6 54679.71586597 46.706
 71  52.499342  66.211155     8.337     8.298  4 54714.71581859 36.892
 72  52.500906  66.188425     9.435     9.215 14 54749.71583338 45.302
 73  52.493886  66.208660     8.697     8.701  4 54784.71580642 44.937
 74  52.495570  66.194425     9.725     9.636 10 54819.71582734 15.974
 75  52.496040  66.206662     9.512     9.592  4 54854.71580273 15.169
 76  52.492733  66.201878    10.096    10.029  6 54889.71583313 14.615
 77  52.497729  66.211338    11.456    12.154  3 54924.71580286 13.650
 78  52.497972  66.190808     7.023     7.003 13 54959.71582897 29.769
 79  52.494723  66.198422    14.782    14.788  8 54994.71585225 48.852
 80  52.491982  66.204801    13.489    13.510  4 55029.71584337 17.854
 81  52.492645  66.206612     6.135     6.144  4 55064.71583484 42.189
 82  52.498880  66.211665     7.636     7.250  4 55099.71577940 24.142
 83  52.496310  66.194206     7.274     7.265 10 55134.71577707 43.681
 84  52.496187  66.208918     8.013     7.568  4 55169.71574368 23.822
 85  52.496400  66.193784     9.094     9.161 11 55204.71577012 15.953
 86  52.495489  66.209847     9.366     9.262  4 55239.71575044 17.335
 87  52.491671  66.206213     9.372     9.412  5 55274.71576637 15.990
 88  52.497622  66.210748     6.589     6.311  4 55309.71573433 28.341
 89  52.492797  66.204042    12.144    12.038  5 55344.71573444 24.688
 90  52.495853  66.205570     8.573     8.594  4 55379.71572873 26.918
 91  52.500744  66.188666     9.185     9.640 14 55414.71575129 20.958
 92  52.495377  66.207177    13.114    13.087  4 55449.71574152 20.424
 93  52.499392  66.214495    10.249     9.743  4 55484.71566822 18.877
