-179786.547     0.000     0.00    0.00
-179408.001     0.000     0.00    0.00
-179029.546     0.000     0.00    0.00
-178651.184     0.000     0.00    0.00
-178272.912     0.000     0.00    0.00
-177894.733     0.000     0.00    0.00
-177516.644     0.000     0.00    0.00
-177138.648     0.000     0.00    0.00
-176760.742     0.000     0.00    0.00
-176382.928     0.000     0.00    0.00
-176005.205     0.000     0.00    0.00
-175627.573     0.000     0.00    0.00
-175250.032     0.000     0.00    0.00
-174872.583     0.000     0.00    0.00
-174495.224     0.000     0.00    0.00
-174117.956     0.000     0.00    0.00
-173740.779     0.000     0.00    0.00
-173363.693     0.000     0.00    0.00
-172986.697     0.000     0.00    0.00
-172609.793     0.000     0.00    0.00
-172232.978     0.000     0.00    0.00
-171856.254     0.000     0.00    0.00
-171479.621     0.000     0.00    0.00
-171103.078     0.000     0.00    0.00
-170726.625     0.000     0.00    0.00
-170350.263     0.000     0.00    0.00
-169973.991     0.000     0.00    0.00
-169597.809     0.000     0.00    0.00
-169221.717     0.000     0.00    0.00
-168845.715     0.000     0.00    0.00
-168469.803     0.000     0.00    0.00
-168093.980     0.000     0.00    0.00
-167718.248     0.000     0.00    0.00
-167342.605     0.000     0.00    0.00
-166967.052     0.000     0.00    0.00
-166591.589     0.000     0.00    0.00
-166216.215     0.000     0.00    0.00
-165840.931     0.000     0.00    0.00
-165465.736     0.000     0.00    0.00
-165090.630     0.000     0.00    0.00
-164715.614     0.000     0.00    0.00
-164340.687     0.000     0.00    0.00
-163965.849     0.000     0.00    0.00
-163591.100     0.000     0.00    0.00
-163216.440     0.000     0.00    0.00
-162841.870     0.000     0.00    0.00
-162467.388     0.000     0.00    0.00
-162092.995     0.000     0.00    0.00
-161718.691     0.000     0.00    0.00
-161344.475     0.000     0.00    0.00
-160970.349     0.000     0.00    0.00
-160596.311     0.000     0.00    0.00
-160222.361     0.000     0.00    0.00
-159848.500     0.000     0.00    0.00
-159474.727     0.000     0.00    0.00
-159101.043     0.000     0.00    0.00
-158727.447     0.000     0.00    0.00
-158353.939     0.000     0.00    0.00
-157980.520     0.000     0.00    0.00
-157607.188     0.000     0.00    0.00
-157233.945     0.000     0.00    0.00
-156860.789     0.000     0.00    0.00
-156487.722     0.000     0.00    0.00
-156114.742     0.000     0.00    0.00
-155741.850     0.000     0.00    0.00
-155369.046     0.000     0.00    0.00
-154996.330     0.000     0.00    0.00
-154623.701     0.000     0.00    0.00
-154251.160     0.000     0.00    0.00
-153878.706     0.000     0.00    0.00
-153506.340     0.000     0.00    0.00
-153134.061     0.000     0.00    0.00
-152761.869     0.000     0.00    0.00
-152389.765     0.000     0.00    0.00
-152017.748     0.000     0.00    0.00
-151645.818     0.000     0.00    0.00
-151273.975     0.000     0.00    0.00
-150902.219     0.000     0.00    0.00
-150530.550     0.000     0.00    0.00
-150158.968     0.000     0.00    0.00
-149787.473     0.000     0.00    0.00
-149416.065     0.000     0.00    0.00
-149044.743     0.000     0.00    0.00
-148673.508     0.000     0.00    0.00
-148302.359     0.000     0.00    0.00
-147931.297     0.000     0.00    0.00
-147560.322     0.000     0.00    0.00
-147189.433     0.000     0.00    0.00
-146818.630     0.000     0.00    0.00
-146447.914     0.000     0.00    0.00
-146077.284     0.000     0.00    0.00
-145706.740     0.000     0.00    0.00
-145336.282     0.000     0.00    0.00
-144965.910     0.000     0.00    0.00
-144595.624     0.000     0.00    0.00
-144225.424     0.000     0.00    0.00
-143855.310     0.000     0.00    0.00
-143485.282     0.000     0.00    0.00
-143115.340     0.000     0.00    0.00
-142745.483     0.000     0.00    0.00
-142375.712     0.000     0.00    0.00
-142006.026     0.000     0.00    0.00
-141636.427     0.000     0.00    0.00
-141266.912     0.000     0.00    0.00
-140897.483     0.000     0.00    0.00
-140528.139     0.000     0.00    0.00
-140158.881     0.000     0.00    0.00
-139789.708     0.000     0.00    0.00
-139420.619     0.000     0.00    0.00
-139051.617     0.000     0.00    0.00
-138682.699     0.000     0.00    0.00
-138313.866     0.000     0.00    0.00
-137945.118     0.000     0.00    0.00
-137576.455     0.000     0.00    0.00
-137207.877     0.000     0.00    0.00
-136839.383     0.000     0.00    0.00
-136470.974     0.000     0.00    0.00
-136102.650     0.000     0.00    0.00
-135734.411     0.000     0.00    0.00
-135366.256     0.000     0.00    0.00
-134998.185     0.000     0.00    0.00
-134630.199     0.000     0.00    0.00
-134262.297     0.000     0.00    0.00
-133894.480     0.000     0.00    0.00
-133526.747     0.000     0.00    0.00
-133159.098     0.000     0.00    0.00
-132791.533     0.000     0.00    0.00
-132424.052     0.000     0.00    0.00
-132056.655     0.000     0.00    0.00
-131689.343     0.000     0.00    0.00
-131322.114     0.000     0.00    0.00
-130954.969     0.000     0.00    0.00
-130587.907     0.000     0.00    0.00
-130220.930     0.000     0.00    0.00
-129854.036     0.000     0.00    0.00
-129487.226     0.000     0.00    0.00
-129120.499     0.000     0.00    0.00
-128753.856     0.000     0.00    0.00
-128387.296     0.000     0.00    0.00
-128020.820     0.000     0.00    0.00
-127654.427     0.000     0.00    0.00
-127288.117     0.000     0.00    0.00
-126921.891     0.000     0.00    0.00
-126555.747     0.000     0.00    0.00
-126189.687     0.000     0.00    0.00
-125823.710     0.000     0.00    0.00
-125457.816     0.000     0.00    0.00
-125092.005     0.000     0.00    0.00
-124726.276     0.000     0.00    0.00
-124360.631     0.000     0.00    0.00
-123995.068     0.000     0.00    0.00
-123629.588     0.000     0.00    0.00
-123264.191     0.000     0.00    0.00
-122898.876     0.000     0.00    0.00
-122533.644     0.000     0.00    0.00
-122168.494     0.000     0.00    0.00
-121803.427     0.000     0.00    0.00
-121438.442     0.000     0.00    0.00
-121073.539     0.000     0.00    0.00
-120708.719     0.000     0.00    0.00
-120343.981     0.000     0.00    0.00
-119979.325     0.000     0.00    0.00
-119614.751     0.000     0.00    0.00
-119238.055     0.000     0.00    0.00
-118856.237     0.000     0.00    0.00
-118474.511     0.000     0.00    0.00
-118092.877     0.000     0.00    0.00
-117711.335     0.000     0.00    0.00
-117329.884     0.000     0.00    0.00
-116948.525     0.000     0.00    0.00
-116567.257     0.000     0.00    0.00
-116186.081     0.000     0.00    0.00
-115804.997     0.000     0.00    0.00
-115424.003     0.000     0.00    0.00
-115043.101     0.000     0.00    0.00
-114662.291     0.000     0.00    0.00
-114281.571     0.000     0.00    0.00
-113900.943     0.000     0.00    0.00
-113520.405     0.000     0.00    0.00
-113139.959     0.000     0.00    0.00
-112759.603     0.000     0.00    0.00
-112379.339     0.000     0.00    0.00
-111999.165     0.000     0.00    0.00
-111619.081     0.000     0.00    0.00
-111239.089     0.000     0.00    0.00
-110859.187     0.000     0.00    0.00
-110479.376     0.000     0.00    0.00
-110099.655     0.000     0.00    0.00
-109720.024     0.000     0.00    0.00
-109340.484     0.000     0.00    0.00
-108961.034     0.000     0.00    0.00
-108581.674     0.000     0.00    0.00
-108202.405     0.000     0.00    0.00
-107823.225     0.000     0.00    0.00
-107444.136     0.000     0.00    0.00
-107065.136     0.000     0.00    0.00
-106686.226     0.000     0.00    0.00
-106307.406     0.000     0.00    0.00
-105928.676     0.000     0.00    0.00
-105550.036     0.000     0.00    0.00
-105171.485     0.000     0.00    0.00
-104793.024     0.000     0.00    0.00
-104414.653     0.000     0.00    0.00
-104036.370     0.000     0.00    0.00
-103658.178     0.000     0.00    0.00
-103280.074     0.000     0.00    0.00
-102902.060     0.000     0.00    0.00
-102524.135     0.000     0.00    0.00
-102146.299     0.000     0.00    0.00
-101768.553     0.000     0.00    0.00
-101390.895     0.000     0.00    0.00
-101013.326     0.000     0.00    0.00
-100635.846     0.000     0.00    0.00
-100258.455     0.000     0.00    0.00
 -99881.153     0.000     0.00    0.00
 -99503.939     0.000     0.00    0.00
 -99126.814     0.000     0.00    0.00
 -98749.778     0.000     0.00    0.00
 -98372.830     0.000     0.00    0.00
 -97995.971     0.000     0.00    0.00
 -97619.200     0.000     0.00    0.00
 -97242.517     0.000     0.00    0.00
 -96865.923     0.000     0.00    0.00
 -96489.417     0.000     0.00    0.00
 -96112.999     0.000     0.00    0.00
 -95736.669     0.000     0.00    0.00
 -95360.427     0.000     0.00    0.00
 -94984.273     0.000     0.00    0.00
 -94608.207     0.000     0.00    0.00
 -94232.229     0.000     0.00    0.00
 -93856.339     0.000     0.00    0.00
 -93480.536     0.000     0.00    0.00
 -93104.821     0.000     0.00    0.00
 -92729.194     0.000     0.00    0.00
 -92353.654     0.000     0.00    0.00
 -91978.202     0.000     0.00    0.00
 -91602.837     0.000     0.00    0.00
 -91227.559     0.000     0.00    0.00
 -90852.369     0.000     0.00    0.00
 -90477.266     0.000     0.00    0.00
 -90102.251     0.000     0.00    0.00
 -89727.322     0.000     0.00    0.00
 -89352.480     0.000     0.00    0.00
 -88977.726     0.000     0.00    0.00
 -88603.058     0.000     0.00    0.00
 -88228.478     0.000     0.00    0.00
 -87853.984     0.000     0.00    0.00
 -87479.577     0.000     0.00    0.00
 -87105.256     0.000     0.00    0.00
 -86731.023     0.000     0.00    0.00
 -86356.875     0.000     0.00    0.00
 -85982.815     0.000     0.00    0.00
 -85608.841     0.000     0.00    0.00
 -85234.953     0.000     0.00    0.00
 -84861.151     0.000     0.00    0.00
 -84487.436     0.000     0.00    0.00
 -84113.807     0.000     0.00    0.00
 -83740.265     0.000     0.00    0.00
 -83366.808     0.000     0.00    0.00
 -82993.438     0.000     0.00    0.00
 -82620.153     0.000     0.00    0.00
 -82246.955     0.000     0.00    0.00
 -81873.842     0.000     0.00    0.00
 -81500.815     0.000     0.00    0.00
 -81127.874     0.000     0.00    0.00
 -80755.019     0.000     0.00    0.00
 -80382.249     0.000     0.00    0.00
 -80009.565     0.000     0.00    0.00
 -79636.966     0.000     0.00    0.00
 -79264.453     0.000     0.00    0.00
 -78892.025     0.000     0.00    0.00
 -78519.683     0.000     0.00    0.00
 -78147.426     0.000     0.00    0.00
 -77775.254     0.000     0.00    0.00
 -77403.167     0.000     0.00    0.00
 -77031.166     0.000     0.00    0.00
 -76659.249     0.000     0.00    0.00
 -76287.418     0.000     0.00    0.00
 -75915.671     0.000     0.00    0.00
 -75544.010     0.000     0.00    0.00
 -75172.433     0.000     0.00    0.00
 -74800.941     0.000     0.00    0.00
 -74429.534     0.000     0.00    0.00
 -74058.211     0.000     0.00    0.00
 -73686.973     0.000     0.00    0.00
 -73315.820     0.000     0.00    0.00
 -72944.751     0.000     0.00    0.00
 -72573.767     0.000     0.00    0.00
 -72202.866     0.000     0.00    0.00
 -71832.051     0.000     0.00    0.00
 -71461.319     0.000     0.00    0.00
 -71090.672     0.000     0.00    0.00
 -70720.109     0.000     0.00    0.00
 -70349.630     0.000     0.00    0.00
 -69979.235     0.000     0.00    0.00
 -69608.924     0.000     0.00    0.00
 -69238.696     0.000     0.00    0.00
 -68868.553     0.000     0.00    0.00
 -68498.494     0.000     0.00    0.00
 -68128.518     0.000     0.00    0.00
 -67758.626     0.000     0.00    0.00
 -67388.818     0.000     0.00    0.00
 -67019.093     0.000     0.00    0.00
 -66649.452     0.000     0.00    0.00
 -66279.894     0.000     0.00    0.00
 -65910.420     0.000     0.00    0.00
 -65541.029     0.000     0.00    0.00
 -65171.721     0.000     0.00    0.00
 -64802.497     0.000     0.00    0.00
 -64433.356     0.000     0.00    0.00
 -64064.298     0.000     0.00    0.00
 -63695.323     0.000     0.00    0.00
 -63326.431     0.000     0.00    0.00
 -62957.622     0.000     0.00    0.00
 -62588.896     0.000     0.00    0.00
 -62220.253     0.000     0.00    0.00
 -61851.693     0.000     0.00    0.00
 -61483.215     0.000     0.00    0.00
 -61114.820     0.000     0.00    0.00
 -60746.508     0.000     0.00    0.00
 -60378.278     0.000     0.00    0.00
 -60010.131     0.000     0.00    0.00
 -59642.066     0.000     0.00    0.00
 -59274.084     0.000     0.00    0.00
 -58906.184     0.000     0.00    0.00
 -58538.367     0.000     0.00    0.00
 -58170.632     0.000     0.00    0.00
 -57802.979     0.000     0.00    0.00
 -57435.408     0.000     0.00    0.00
 -57067.919     0.000     0.00    0.00
 -56700.512     0.000     0.00    0.00
 -56333.187     0.000     0.00    0.00
 -55965.944     0.000     0.00    0.00
 -55598.783     0.000     0.00    0.00
 -55231.704     0.000     0.00    0.00
 -54864.707     0.000     0.00    0.00
 -54497.791     0.000     0.00    0.00
 -54130.957     0.000     0.00    0.00
 -53764.205     0.000     0.00    0.00
 -53397.534     0.000     0.00    0.00
 -53030.945     0.000     0.00    0.00
 -52664.437     0.000     0.00    0.00
 -52298.010     0.000     0.00    0.00
 -51931.665     0.000     0.00    0.00
 -51565.401     0.000     0.00    0.00
 -51199.219     0.000     0.00    0.00
 -50833.117     0.000     0.00    0.00
 -50467.097     0.000     0.00    0.00
 -50101.157     0.000     0.00    0.00
 -49735.299     0.000     0.00    0.00
 -49369.522     0.000     0.00    0.00
 -49003.826     0.000     0.00    0.00
 -48638.210     0.000     0.00    0.00
 -48272.675     0.000     0.00    0.00
 -47907.221     0.000     0.00    0.00
 -47541.848     0.000     0.00    0.00
 -47176.555     0.000     0.00    0.00
 -46811.343     0.000     0.00    0.00
 -46446.212     0.000     0.00    0.00
 -46081.161     0.000     0.00    0.00
 -45716.190     0.000     0.00    0.00
 -45351.300     0.000     0.00    0.00
 -44986.490     0.000     0.00    0.00
 -44615.016     0.000     0.00    0.00
 -44233.369     0.000     0.00    0.00
 -43851.811     0.000     0.00    0.00
 -43470.343     0.000     0.00    0.00
 -43088.964     0.000     0.00    0.00
 -42707.675     0.000     0.00    0.00
 -42326.475     0.000     0.00    0.00
 -41945.364     0.000     0.00    0.00
 -41564.342     0.000     0.00    0.00
 -41183.410     0.000     0.00    0.00
 -40802.566     0.000     0.00    0.00
 -40421.812     0.000     0.00    0.00
 -40041.146     0.000     0.00    0.00
 -39660.570     0.000     0.00    0.00
 -39280.082     0.000     0.00    0.00
 -38899.683     0.000     0.00    0.00
 -38519.372     0.000     0.00    0.00
 -38139.150     0.000     0.00    0.00
 -37759.017     0.000     0.00    0.00
 -37378.972     0.000     0.00    0.00
 -36999.016     0.000     0.00    0.00
 -36619.148     0.000     0.00    0.00
 -36239.369     0.000     0.00    0.00
 -35859.677     0.000     0.00    0.00
 -35480.074     0.000     0.00    0.00
 -35100.559     0.000     0.00    0.00
 -34721.132     0.000     0.00    0.00
 -34341.794     0.000     0.00    0.00
 -33962.543     0.000     0.00    0.00
 -33583.380     0.000     0.00    0.00
 -33204.305     0.000     0.00    0.00
 -32825.317     0.000     0.00    0.00
 -32446.418     0.000     0.00    0.00
 -32067.606     0.000     0.00    0.00
 -31688.881     0.000     0.00    0.00
 -31310.244     0.000     0.00    0.00
 -30931.695     0.000     0.00    0.00
 -30553.233     0.000     0.00    0.00
 -30174.859     0.000     0.00    0.00
 -29796.571     0.000     0.00    0.00
 -29418.371     0.000     0.00    0.00
 -29040.258     0.000     0.00    0.00
 -28662.233     0.000     0.00    0.00
 -28284.294     0.000     0.00    0.00
 -27906.442     0.000     0.00    0.00
 -27528.678     0.000     0.00    0.00
 -27151.000     0.000     0.00    0.00
 -26773.409     0.000     0.00    0.00
 -26395.905     0.000     0.00    0.00
 -26018.487     0.000     0.00    0.00
 -25641.156     0.000     0.00    0.00
 -25263.912     0.000     0.00    0.00
 -24886.754     0.000     0.00    0.00
 -24509.683     0.000     0.00    0.00
 -24132.698     0.000     0.00    0.00
 -23755.800     0.000     0.00    0.00
 -23378.988     0.000     0.00    0.00
 -23002.262     0.000     0.00    0.00
 -22625.622     0.000     0.00    0.00
 -22249.069     0.000     0.00    0.00
 -21872.601     0.000     0.00    0.00
 -21496.220     0.510     1.35    1.47
 -21119.924     1.677     3.10    2.96
 -20743.714     4.784     8.26    7.09
 -20367.590     8.899    10.94    8.78
 -19991.552    12.960    10.80    9.71
 -19615.600    12.960    -0.00    9.89
 -19239.733    10.020    -7.82    8.34
 -18863.952     6.255   -10.02    5.37
 -18488.257     4.850    -3.74    3.11
 -18112.647     5.804     2.54    4.07
 -17737.122     7.950     5.72    6.93
 -17361.683    10.117     5.77    8.88
 -16986.329     9.219    -2.39    9.11
 -16611.060     6.392    -7.53    7.71
 -16235.877     3.184    -8.55    4.48
 -15860.778     2.030    -3.08    3.26
 -15485.765     1.011    -2.72    1.65
 -15110.837     0.716    -0.79    1.41
 -14735.994     0.384    -0.89    0.68
 -14361.235     0.353    -0.08    0.78
 -13986.562     0.248    -0.28    0.68
 -13611.973     0.265     0.05    0.99
 -13237.469     0.208    -0.15    1.01
 -12863.050     0.069    -0.37    0.45
 -12488.715     0.206     0.36    0.93
 -12114.465     0.470     0.71    1.49
 -11740.300     0.843     1.00    2.32
 -11366.219     0.947     0.28    2.70
 -10992.222     0.786    -0.43    2.63
 -10618.310     0.542    -0.65    2.34
 -10244.482     0.267    -0.73    1.28
  -9870.738     0.323     0.15    1.25
  -9497.079     0.353     0.08    1.43
  -9123.503     0.350    -0.01    1.39
  -8750.012     0.340    -0.03    1.48
  -8376.605     0.333    -0.02    1.37
  -8003.281     0.253    -0.22    1.17
  -7630.042     0.078    -0.47    0.50
  -7256.886     0.000    -0.21    0.00
  -6883.814     0.000     0.00    0.00
  -6510.826     0.000     0.00    0.00
  -6137.922     0.000     0.00    0.00
  -5765.101     0.000     0.00    0.00
  -5392.363     0.000     0.00    0.00
  -5019.710     0.000     0.00    0.00
  -4647.139     0.000     0.00    0.00
  -4274.652     0.000     0.00    0.00
  -3902.249     0.000     0.00    0.00
  -3529.929     0.000     0.00    0.00
  -3157.692     0.000     0.00    0.00
  -2785.538     0.000     0.00    0.00
  -2413.467     0.000     0.00    0.00
  -2041.479     0.000     0.00    0.00
  -1669.575     0.000     0.00    0.00
  -1297.753     0.000     0.00    0.00
   -926.014     0.000     0.00    0.00
   -554.358     0.000     0.00    0.00
   -182.785     0.000     0.00    0.00
    188.705     0.000     0.00    0.00
    560.113     0.000     0.00    0.00
    931.438     0.000     0.00    0.00
   1302.680     0.000     0.00    0.00
   1673.840     0.000     0.00    0.00
   2044.918     0.000     0.00    0.00
   2415.913     0.000     0.00    0.00
   2786.826     0.000     0.00    0.00
   3157.656     0.000     0.00    0.00
   3528.404     0.000     0.00    0.00
   3899.070     0.160     0.43    0.87
   4269.654     0.869     1.91    2.40
   4640.156     2.230     3.67    4.49
   5010.576     4.194     5.30    6.31
   5380.913     7.228     8.19    8.42
   5751.169     9.031     4.87    9.06
   6121.343    10.436     3.79   10.06
   6491.435    10.869     1.17   10.69
   6861.445    11.230     0.98   10.71
   7231.374    11.910     1.84   11.31
   7601.221    12.816     2.45   11.36
   7970.986    13.475     1.78   11.19
   8340.670    13.223    -0.68   10.64
   8710.273    11.794    -3.87    8.38
   9079.793    11.500    -0.80    7.09
   9449.233    11.267    -0.63    5.99
   9818.591    11.576     0.84    5.95
  10187.868    11.080    -1.34    5.12
  10557.063    10.178    -2.44    4.50
  10926.178     9.897    -0.76    4.27
  11295.211    10.158     0.71    4.12
  11664.163    10.583     1.15    4.05
  12033.035    10.157    -1.16    3.61
  12401.825     9.378    -2.11    3.50
  12770.534     8.920    -1.24    3.61
  13139.163     8.663    -0.70    3.75
  13507.710     8.310    -0.96    3.91
  13876.177     7.608    -1.91    3.94
  14244.563     6.495    -3.02    3.65
  14612.869     4.842    -4.49    2.78
  14981.094     3.872    -2.63    1.76
  15349.238     3.480    -1.06    1.41
  15717.302     3.880     1.09    1.93
  16085.286     5.828     5.29    3.67
  16453.189     7.560     4.71    4.22
  16821.011     9.000     3.91    3.77
  17188.754    10.554     4.23    2.83
  17556.416    10.708     0.42    2.50
  17923.998     9.911    -2.17    2.05
  18291.500     9.939     0.08    2.34
  18658.922     9.900    -0.11    2.49
  19026.264     9.560    -0.93    2.70
  19393.525     9.384    -0.48    2.60
  19760.707     9.762     1.03    2.43
  20127.809     9.641    -0.33    2.05
  20494.831     8.824    -2.23    2.53
  20861.774     8.392    -1.18    2.62
  21228.637     7.440    -2.59    1.90
  21595.420     8.080     1.74    2.37
  21962.123    10.061     5.40    3.31
  22328.747    12.370     6.30    4.05
  22695.291    16.156    10.33    4.85
  23061.756    20.079    10.70    5.06
  23428.142    22.454     6.48    5.10
  23794.448    25.610     8.62    6.36
  24160.674    27.398     4.88    6.52
  24526.822    29.255     5.07    6.09
  24892.890    28.902    -0.96    5.58
  25258.880    27.742    -3.17    5.12
  25624.790    25.287    -6.71    5.53
  25990.621    22.845    -6.67    4.80
  26356.373    22.110    -2.01    5.04
  26722.046    21.450    -1.80    5.02
  27087.640    22.960     4.13    4.75
  27453.155    24.280     3.61    4.68
  27818.592    25.141     2.36    4.17
  28183.950    26.743     4.38    3.56
  28549.229    28.856     5.78    2.77
  28914.429    28.020    -2.29    3.44
  29279.551    26.596    -3.90    4.09
  29644.594    26.286    -0.85    3.76
  30011.255    26.525     0.65    3.47
  30392.729    28.167     4.30    3.42
  30774.117    29.230     2.79    2.41
  31155.417    29.723     1.29    2.18
  31536.630    30.667     2.47    2.75
  31917.756    31.258     1.55    2.91
  32298.795    31.570     0.82    2.88
  32679.747    31.924     0.93    2.81
  33060.612    32.960     2.72    2.74
  33441.391    33.979     2.68    2.26
  33822.082    34.446     1.23    2.18
  34202.687    34.000    -1.17    2.30
  34583.205    34.030     0.08    2.75
  34963.637    33.469    -1.48    3.83
  35343.982    32.140    -3.49    5.05
  35724.240    30.685    -3.83    5.73
  36104.412    28.300    -6.27    6.30
  36484.498    26.146    -5.67    6.42
  36864.497    25.069    -2.83    5.24
  37244.411    24.913    -0.41    3.65
  37624.237    26.390     3.89    3.57
  38003.978    28.531     5.64    3.45
  38383.633    29.490     2.53    3.07
  38763.202    29.880     1.03    2.44
  39142.684    29.580    -0.79    2.86
  39522.081    28.708    -2.30    2.73
  39901.392    27.890    -2.16    2.39
  40280.617    27.337    -1.46    2.33
  40659.756    27.060    -0.73    1.98
  41038.810    27.479     1.11    2.03
  41417.778    28.730     3.30    2.63
  41796.661    29.326     1.57    2.53
  42175.458    29.480     0.41    2.30
  42554.169    29.629     0.39    2.25
  42932.795    29.350    -0.74    2.05
  43311.336    29.515     0.44    1.94
  43689.792    29.122    -1.04    2.32
  44068.162    28.454    -1.77    2.16
  44446.447    27.770    -1.81    2.33
  44824.647    26.890    -2.33    1.85
  45202.762    25.909    -2.59    2.46
  45580.792    24.102    -4.78    3.04
  45958.737    23.172    -2.46    3.17
  46336.597    21.490    -4.45    4.11
  46714.372    19.711    -4.71    5.02
  47092.063    18.263    -3.84    5.28
  47469.668    15.500    -7.32    3.17
  47847.189    15.250    -0.66    2.44
  48224.626    15.412     0.43    2.39
  48601.978    15.394    -0.05    2.36
  48979.245    16.122     1.93    2.21
  49356.428    17.245     2.98    2.72
  49733.527    19.284     5.41    3.25
  50110.541    20.920     4.34    3.77
  50487.471    22.842     5.10    3.37
  50864.317    23.879     2.75    2.22
  51241.079    24.830     2.52    2.50
  51617.756    27.980     8.36    4.83
  51994.350    30.620     7.01    5.23
  52370.859    31.290     1.78    4.78
  52747.285    29.753    -4.08    5.43
  53123.626    25.594   -11.05    6.82
  53499.884    20.768   -12.82    6.81
  53876.058    18.404    -6.29    5.80
  54252.148    17.765    -1.70    5.35
  54628.155    18.129     0.97    4.82
  55004.078    20.602     6.58    5.54
  55379.918    21.838     3.29    5.00
  55755.674    21.860     0.06    4.53
  56131.346    21.380    -1.28    5.08
  56506.935    21.980     1.60    5.97
  56882.441    23.827     4.92    6.50
  57257.864    26.230     6.40    6.42
  57633.203    26.949     1.92    4.94
  58008.459    26.253    -1.86    3.93
  58383.632    26.490     0.63    3.29
  58758.722    27.386     2.39    3.30
  59133.729    28.882     3.99    3.51
  59508.653    29.490     1.62    3.16
  59883.495    28.848    -1.71    3.61
  60258.253    29.404     1.48    4.37
  60632.928    31.936     6.76    7.24
  61007.521    33.919     5.29    7.83
  61382.031    34.351     1.15    7.38
  61756.459    32.878    -3.93    6.86
  62130.804    30.802    -5.54    5.24
  62505.066    29.838    -2.57    4.27
  62879.246    30.586     2.00    4.54
  63253.343    30.500    -0.23    4.93
  63627.358    30.000    -1.34    5.79
  64001.291    29.571    -1.15    5.98
  64375.142    30.111     1.44    6.16
  64748.910    30.484     1.00    7.04
  65122.596    29.173    -3.51    7.70
  65496.201    25.663    -9.40    8.60
  65869.723    20.700   -13.29    8.32
  66243.163    16.947   -10.05    6.10
  66616.521    17.160     0.57    5.98
  66989.797    21.594    11.88    9.64
  67362.992    27.636    16.19    9.71
  67736.104    32.704    13.58    7.09
  68109.135    34.398     4.54    4.87
  68482.085    32.794    -4.30    5.11
  68854.952    30.917    -5.03    5.28
  69227.739    30.152    -2.05    5.70
  69600.443    28.711    -3.86    5.58
  69973.066    27.299    -3.79    5.32
  70345.608    26.905    -1.06    5.50
  70718.069    28.610     4.58    5.90
  71090.448    31.309     7.25    7.68
  71462.746    33.890     6.93    8.95
  71834.962    37.000     8.35    9.47
  72207.098    39.374     6.38    8.31
  72579.153    41.000     4.37    6.90
  72951.126    41.515     1.38    6.00
  73323.018    42.677     3.12    5.73
  73694.830    43.042     0.98    6.95
  74066.561    43.755     1.92    7.39
  74438.211    45.021     3.40    7.83
  74809.780    45.687     1.79    7.47
  75181.268    45.793     0.29    7.15
  75552.676    47.500     4.59    7.22
  75924.003    49.554     5.53    6.91
  76295.249    51.626     5.58    5.11
  76666.415    52.042     1.12    4.67
  77037.501    51.560    -1.30    4.69
  77408.506    50.896    -1.79    4.04
  77779.431    50.608    -0.78    3.24
  78150.275    49.939    -1.81    4.77
  78521.039    48.219    -4.64    5.73
  78891.723    45.598    -7.07    5.55
  79262.327    42.372    -8.70    3.31
  79632.851    40.299    -5.60    2.82
  80003.295    39.341    -2.59    2.43
  80373.658    39.469     0.35    2.23
  80743.942    39.302    -0.45    2.25
  81114.146    39.031    -0.73    2.27
  81484.270    38.604    -1.15    2.23
  81854.314    36.586    -5.45    3.55
  82224.279    35.224    -3.68    4.47
  82594.163    34.140    -2.93    4.41
  82963.969    33.131    -2.73    3.57
  83333.694    32.696    -1.18    3.35
  83703.340    32.880     0.50    2.54
  84072.907    32.415    -1.26    2.02
  84442.394    32.102    -0.85    1.97
  84811.802    32.464     0.98    2.50
  85181.130    32.898     1.18    2.40
  85550.379    32.776    -0.33    2.63
  85919.549    33.186     1.11    2.69
  86288.640    33.781     1.61    2.91
  86657.651    33.989     0.56    3.02
  87026.584    34.196     0.56    3.32
  87395.437    35.097     2.44    4.36
  87764.212    34.616    -1.30    4.68
  88132.907    33.742    -2.37    5.17
  88501.524    32.939    -2.18    5.83
  88870.061    31.990    -2.58    5.73
  89238.521    31.071    -2.49    5.04
  89606.901    32.541     3.99    5.06
  89975.202    34.340     4.89    4.90
  90343.425    35.722     3.75    3.93
  90711.570    36.174     1.23    4.33
  91079.636    36.608     1.18    3.98
  91447.623    36.773     0.45    3.43
  91815.532    35.765    -2.74    3.06
  92183.363    33.677    -5.68    3.98
  92551.115    31.196    -6.75    4.67
  92918.789    30.090    -3.01    4.93
  93286.384    30.559     1.28    5.92
  93653.902    32.670     5.74    6.12
  94021.341    34.533     5.07    4.37
  94388.703    32.134    -6.53    6.63
  94755.986    28.615    -9.58    7.44
  95123.191    24.235   -11.93    7.16
  95490.319    20.898    -9.09    5.84
  95857.368    17.894    -8.18    4.66
  96224.340    16.707    -3.23    4.89
  96591.233    15.228    -4.03    3.88
  96958.049    14.010    -3.32    2.84
  97324.788    13.875    -0.37    2.76
  97691.449    14.418     1.48    3.69
  98058.032    15.211     2.16    4.88
  98424.537    16.082     2.38    5.61
  98790.965    16.663     1.58    5.38
  99157.316    18.130     4.00    5.96
  99523.589    18.990     2.35    5.46
  99889.785    18.054    -2.55    4.24
 100255.904    17.917    -0.38    3.87
 100621.945    18.125     0.57    4.11
 100987.909    19.612     4.06    4.54
 101353.796    21.227     4.41    5.25
 101719.606    22.957     4.73    6.55
 102085.339    25.541     7.06    6.03
 102450.995    27.879     6.39    5.53
 102816.574    29.949     5.66    4.87
 103182.075    31.427     4.04    4.66
 103547.500    33.278     5.07    4.96
 103912.849    34.388     3.04    5.34
 104278.120    34.825     1.20    5.47
 104643.315    34.602    -0.61    5.06
 105021.620    33.761    -2.22    3.64
 105402.839    35.367     4.21    6.43
 105783.973    37.064     4.45    7.86
 106165.022    40.835     9.90    7.25
 106545.986    46.074    13.75    7.69
 106926.865    51.232    13.54    7.27
 107307.660    55.237    10.51    5.39
 107688.370    56.206     2.55    5.33
 108068.995    55.011    -3.14    6.54
 108449.536    54.292    -1.89    6.88
 108829.993    53.579    -1.87    6.43
 109210.365    51.182    -6.30    5.52
 109590.652    49.624    -4.10    4.50
 109970.855    48.327    -3.41    3.54
 110350.974    45.663    -7.01    3.72
 110731.009    43.646    -5.31    4.07
 111110.960    41.928    -4.52    3.65
 111490.826    40.286    -4.32    2.98
 111870.609    39.570    -1.88    2.46
 112250.307    39.857     0.76    2.45
 112629.922    40.323     1.23    2.47
 113009.452    40.521     0.52    2.04
 113388.899    40.495    -0.07    2.15
 113768.262    40.545     0.13    2.43
 114147.542    40.419    -0.33    2.31
 114526.737    40.102    -0.84    2.93
 114905.849    39.463    -1.69    3.53
 115284.878    38.281    -3.12    3.75
 115663.823    37.916    -0.96    3.55
 116042.685    38.303     1.02    2.89
 116421.463    39.462     3.06    2.56
 116800.158    41.093     4.31    2.62
 117178.769    42.468     3.63    2.17
 117557.297    43.196     1.92    1.75
 117935.743    43.340     0.38    1.37
 118314.105    42.663    -1.79    1.38
 118692.384    41.867    -2.11    1.57
 119070.580    40.876    -2.62    1.53
 119448.693    40.378    -1.32    1.50
 119826.723    42.316     5.13    5.25
 120204.670    46.880    12.08    8.75
 120582.534    54.879    21.17   11.41
 120960.316    62.078    19.05    8.62
 121338.015    62.330     0.67    9.83
 121715.631    56.500   -15.44   14.30
 122093.165    47.152   -24.76   13.39
 122470.616    39.348   -20.67    6.42
 122847.985    36.745    -6.90    2.36
 123225.272    36.022    -1.92    1.53
 123602.476    35.458    -1.49    1.68
 123979.597    34.300    -3.07    1.73
 124356.637    33.092    -3.20    2.04
 124733.594    32.309    -2.08    1.81
 125110.469    31.917    -1.04    1.37
 125487.262    32.316     1.06    1.57
 125863.973    32.459     0.38    1.85
 126240.602    31.505    -2.53    2.72
 126617.148    29.515    -5.28    3.45
 126993.614    26.916    -6.90    2.83
 127369.997    25.196    -4.57    1.87
 127746.298    24.515    -1.81    1.26
 128122.518    24.156    -0.95    1.22
 128498.656    23.589    -1.51    1.85
 128874.712    21.536    -5.46    3.35
 129250.687    19.667    -4.97    3.28
 129626.580    18.316    -3.59    2.47
 130002.392    20.680     6.29    6.36
 130378.122    25.819    13.68    7.86
 130753.771    30.639    12.83    7.17
 131129.339    34.583    10.50    3.03
 131504.825    35.333     2.00    2.59
 131880.231    36.323     2.63    3.34
 132255.555    36.990     1.78    3.67
 132630.797    37.378     1.03    3.52
 133005.959    36.588    -2.11    3.59
 133381.040    34.750    -4.90    3.06
 133756.040    33.010    -4.64    3.71
 134130.959    32.022    -2.64    3.15
 134505.797    32.969     2.53    3.91
 134880.555    34.876     5.09    4.57
 135255.231    36.680     4.81    3.66
 135629.827    37.163     1.29    2.99
 136004.342    36.604    -1.49    2.73
 136378.777    36.979     1.00    2.86
 136753.131    39.073     5.59    4.21
 137127.405    40.957     5.03    4.06
 137501.598    41.812     2.28    3.07
 137875.711    41.189    -1.67    3.40
 138249.743    38.621    -6.87    3.65
 138623.695    36.427    -5.87    3.92
 138997.567    34.063    -6.32    4.06
 139371.359    32.753    -3.51    3.46
 139745.071    32.882     0.35    3.50
 140118.702    33.406     1.40    3.55
 140492.254    34.649     3.33    2.76
 140865.725    34.175    -1.27    2.79
 141239.117    33.822    -0.95    2.91
 141612.429    34.053     0.62    3.37
 141985.661    34.281     0.61    3.46
 142358.813    34.649     0.99    3.06
 142731.885    33.333    -3.53    3.17
 143104.878    31.884    -3.88    2.89
 143477.791    31.469    -1.11    2.70
 143850.625    31.688     0.59    2.87
 144223.379    31.957     0.72    3.13
 144596.053    32.500     1.46    3.20
 144968.648    32.604     0.28    3.36
 145341.164    32.202    -1.08    3.37
 145713.600    31.792    -1.10    3.19
 146085.957    31.753    -0.10    3.12
 146458.235    31.155    -1.61    3.16
 146830.434    29.739    -3.80    3.44
 147202.554    27.949    -4.81    3.43
 147574.594    26.674    -3.43    2.59
 147946.556    26.639    -0.09    2.30
 148318.438    27.315     1.82    2.48
 148690.242    28.240     2.49    2.50
 149061.967    29.130     2.40    2.70
 149433.612    29.567     1.17    2.74
 149805.180    29.168    -1.07    2.80
 150176.668    28.167    -2.70    3.52
 150548.078    26.115    -5.52    4.29
 150919.409    23.404    -7.30    3.73
 151290.661    20.979    -6.53    2.81
 151661.835    20.083    -2.41    3.23
 152032.931    21.000     2.47    4.31
 152403.948    21.278     0.75    4.29
 152774.887    20.558    -1.94    3.94
 153145.747    20.170    -1.04    3.29
 153516.529    19.365    -2.17    2.22
 153887.233    19.152    -0.57    2.08
 154257.859    19.500     0.94    2.06
 154628.406    19.319    -0.49    2.18
 154998.875    19.115    -0.55    2.19
 155369.267    18.245    -2.35    1.97
 155739.580    18.895     1.76    2.86
 156109.816    21.389     6.74    5.71
 156479.973    25.189    10.26    7.10
 156850.053    27.567     6.42    5.69
 157220.055    28.899     3.60    4.46
 157589.979    28.053    -2.29    5.07
 157959.826    25.773    -6.17    4.97
 158329.594    24.938    -2.26    4.81
 158699.286    23.753    -3.21    3.65
 159068.899    22.885    -2.35    2.99
 159438.436    22.156    -1.97    2.68
 159807.894    22.128    -0.08    2.97
 160177.276    21.642    -1.31    3.78
 160546.579    21.287    -0.96    4.01
 160915.806    20.505    -2.12    3.07
 161284.956    19.220    -3.48    2.41
 161654.028    18.309    -2.47    2.59
 162023.023    17.443    -2.35    2.46
 162391.941    16.906    -1.46    2.49
 162760.781    16.337    -1.54    2.10
 163129.545    15.621    -1.94    1.54
 163498.232    15.558    -0.17    1.48
 163866.842    16.695     3.08    3.80
 164235.375    17.053     0.97    3.81
 164603.831    17.217     0.45    3.84
 164972.210    16.875    -0.93    3.76
 165340.513    15.846    -2.79    1.74
 165708.739    15.939     0.25    1.38
 166076.888    17.269     3.61    2.66
 166444.961    18.365     2.98    3.03
 166812.957    18.468     0.28    3.03
 167180.877    18.104    -0.99    3.19
 167548.720    17.784    -0.87    3.08
 167916.487    16.613    -3.18    1.85
 168284.177    16.832     0.59    2.06
 168651.791    17.467     1.73    2.36
 169019.329    18.638     3.19    3.18
 169386.791    19.874     3.36    3.03
 169754.176    20.200     0.89    2.44
 170121.485    20.269     0.19    2.09
 170488.719    19.469    -2.18    1.49
 170855.876    18.979    -1.33    2.04
 171222.957    19.160     0.49    3.72
 171589.962    18.990    -0.46    4.21
 171956.892    18.554    -1.19    3.49
 172323.745    18.235    -0.87    2.62
 172690.523    18.217    -0.05    2.33
 173057.225    17.927    -0.79    2.33
 173423.851    17.645    -0.77    2.64
 173790.402    17.677     0.09    3.09
 174156.877    17.895     0.59    3.57
 174523.277    19.634     4.75    6.64
 174889.601    20.969     3.64    7.66
 175255.849    21.169     0.55    7.29
 175622.022    21.245     0.21    6.00
 175988.120    20.841    -1.10    3.93
 176354.142    20.740    -0.28    2.82
 176720.089    21.638     2.46    2.91
 177085.961    23.340     4.65    4.80
 177451.758    25.823     6.79    5.88
 177817.479    29.857    11.03    6.38
 178183.125    32.083     6.09    5.42
 178548.697    33.438     3.71    5.15
 178914.193    31.125    -6.33    6.50
 179279.614    27.326   -10.39    6.24
 179653.410    23.663    -9.80    5.21
 180034.462    21.479    -5.73    4.57
 180415.432    20.396    -2.84    4.20
 180796.318    19.300    -2.88    3.45
 181177.122    18.200    -2.89    3.39
 181557.844    17.427    -2.03    2.73
 181938.483    19.358     5.07    5.08
 182319.039    21.761     6.31    5.44
 182699.514    25.833    10.70    5.44
 183079.905    29.444     9.49    4.40
 183460.215    29.786     0.90    4.44
 183840.442    29.011    -2.04    5.55
 184220.587    29.021     0.03    7.56
 184600.650    29.833     2.14    8.89
 184980.631    32.054     5.84    7.87
 185360.530    32.368     0.83    7.09
 185740.347    30.128    -5.90    6.52
 186120.082    28.046    -5.48    4.91
 186499.735    28.766     1.90    4.97
 186879.306    31.189     6.38    6.10
 187258.795    32.365     3.10    6.01
 187638.203    32.630     0.70    5.65
 188017.529    29.885    -7.24    6.31
 188396.774    26.944    -7.75    5.66
 188775.936    25.832    -2.93    5.31
 189155.018    25.472    -0.95    5.57
 189534.018    29.021     9.36    6.82
 189912.936    33.180    10.97    7.41
 190291.773    36.442     8.61    6.60
 190670.529    38.955     6.63    3.95
 191049.204    38.200    -1.99    4.44
 191427.797    37.707    -1.30    4.24
 191806.310    37.463    -0.64    3.51
 192184.741    37.419    -0.12    2.92
 192563.091    36.895    -1.39    3.23
 192941.360    36.912     0.05    3.30
 193319.548    38.095     3.13    3.54
 193697.656    39.295     3.18    3.29
 194075.682    39.074    -0.59    3.99
 194453.628    37.978    -2.90    4.05
 194831.493    38.106     0.34    4.25
 195209.277    38.697     1.56    4.17
 195586.980    40.926     5.90    3.97
 195964.603    43.133     5.84    2.74
 196342.146    43.656     1.38    3.20
 196719.608    44.879     3.24    3.79
 197096.990    44.833    -0.12    3.94
 197474.291    45.444     1.62    3.60
 197851.512    46.947     3.98    3.72
 198228.652    47.954     2.67    3.85
 198605.713    48.489     1.42    3.81
 198982.693    48.244    -0.65    3.88
 199359.593    46.734    -4.01    3.70
 199736.413    46.398    -0.89    3.48
 200113.153    47.247     2.25    2.82
 200489.813    47.978     1.94    2.91
 200866.393    49.515     4.08    4.10
 201242.893    50.516     2.66    5.11
 201619.313    52.521     5.32    5.61
 201995.654    54.089     4.17    4.81
 202371.915    55.663     4.18    4.83
 202748.096    56.562     2.39    4.49
 203124.197    56.670     0.29    4.44
 203500.219    55.056    -4.29    5.71
 203876.162    51.958    -8.24    5.33
 204252.025    52.000     0.11    5.81
 204627.808    54.809     7.47    6.79
 205003.512    58.352     9.43    5.96
 205379.137    59.032     1.81    4.52
 205754.683    57.772    -3.36    4.55
 206130.149    56.474    -3.46    4.93
 206505.536    54.648    -4.86    6.16
 206880.844    51.453    -8.51    8.51
 207256.073    48.452    -8.00    8.63
 207631.223    47.362    -2.90    7.13
 208006.294    49.426     5.50    7.62
 208381.286    53.609    11.15    6.82
 208756.199    57.681    10.86    4.18
 209131.033    59.522     4.91    3.47
 209505.788    60.096     1.53    2.93
 209880.465    60.860     2.04    3.00
 210255.063    61.737     2.34    3.57
 210629.583    64.065     6.21    4.86
 211004.023    67.064     8.01    4.97
 211378.386    68.736     4.47    3.87
 211752.669    68.979     0.65    3.79
 212126.875    66.978    -5.35    4.55
 212501.002    64.340    -7.05    4.19
 212875.050    63.000    -3.58    3.88
 213249.021    62.840    -0.43    3.58
 213622.913    63.200     0.96    3.81
 213996.727    65.536     6.25    3.98
 214370.462    66.584     2.80    3.71
 214744.120    67.604     2.73    4.01
 215117.699    69.604     5.35    3.70
 215491.201    71.473     5.00    4.80
 215864.625    74.516     8.15    4.83
 216237.970    77.409     7.75    4.11
 216611.238    78.645     3.31    4.96
 216984.428    80.172     4.09    5.06
 217357.540    82.366     5.88    4.56
 217730.575    85.574     8.60    4.79
 218103.532    87.287     4.59    4.09
 218476.411    87.947     1.77    4.11
 218849.212    88.191     0.66    4.29
 219221.937    87.394    -2.14    3.80
 219594.583    87.527     0.36    3.22
 219967.152    88.527     2.69    3.42
 220339.644    89.832     3.50    4.26
 220712.059    92.692     7.68    5.09
 221084.396    95.351     7.14    4.77
 221456.656    96.839     4.00    4.48
 221828.839    95.865    -2.62    4.67
 222200.944    94.592    -3.42    4.58
 222572.973    93.486    -2.97    4.11
 222944.925    92.367    -3.01    2.63
 223316.799    93.314     2.55    2.20
