# NaN NaN NaN ;Mean Elev.(m), Avg Gradient(m/km), RMS Gradient(m/km) - SRTM1     
#   13.080  -5.620  16.343 ;Mean Elev.(m), Avg Gradient(m/km), RMS Gradient(m/km) - ASTER GDEM
#   30.000  -5.610  11.216 ;Mean Elev.(m), Avg Gradient(m/km), RMS Gradient(m/km) - GMTED2010 
 11    29.689 52604.31536069 33.98  56.435164  66.341691 10.789
 11    29.845 52604.31536134 31.47  56.431884  66.338611 10.789
 12    30.691 52639.31534279 18.10  56.444662  66.331975  3.123
 12    30.679 52639.31534343 18.07  56.441392  66.328895  3.123
 12    30.646 52639.31534408 17.46  56.438112  66.325815  3.123
 12    30.080 52639.31534472 17.40  56.434842  66.322735  3.123
 13    32.207 52674.31533766 15.27  56.436977  66.339818  3.423
 13    32.131 52674.31533831 15.74  56.433697  66.336738  3.423
 14    33.610 52709.31535301 10.27  56.446112  66.334773  2.151
 14    33.707 52709.31535366 10.22  56.442842  66.331693  2.151
 14    32.347 52709.31535430 10.59  56.439562  66.328613  2.151
 16    35.764 52779.31531881 53.78  56.444422  66.327743 38.878
 16    35.879 52779.31531945 52.14  56.441142  66.324663 38.878
 16    36.001 52779.31532010 50.58  56.437872  66.321583 38.878
 16    35.804 52779.31532074 54.92  56.434602  66.318493 38.878
 16    36.054 52779.31532139 51.62  56.431332  66.315413 38.878
 17    53.512 52814.31540369 21.90  56.438342  66.324681 12.616
 17    33.790 52814.31540434 22.92  56.435062  66.321601 12.616
 17    33.728 52814.31540498 21.71  56.431792  66.318521 12.616
 18    27.856 52849.31545476 25.39  56.446822  66.333415 21.440
 18    27.894 52849.31545540 33.93  56.443542  66.330335 21.440
 18    28.009 52849.31545605 31.30  56.440272  66.327255 21.440
 18    28.083 52849.31545669 25.50  56.437002  66.324175 21.440
 18    28.245 52849.31545734 24.08  56.433722  66.321085 21.440
 20    33.877 52919.31544580 15.90  56.435365  66.340148 13.739
 20    33.046 52919.31544644 16.67  56.432095  66.337058 13.739
 22    31.888 52989.31541985 16.84  56.442982  66.328701  2.995
 22    30.742 52989.31542049 17.77  56.439702  66.325611  2.995
 22    30.417 52989.31542114 16.74  56.436432  66.322531  2.995
 22    31.045 52989.31542178 15.94  56.433162  66.319451  2.995
 24    32.216 53059.31540006 12.00  56.443737  66.327692  2.561
 24    31.622 53059.31540071 11.97  56.440467  66.324612  2.561
 24    30.735 53059.31540135 12.23  56.437187  66.321532  2.561
 24    31.234 53059.31540200 12.55  56.433917  66.318452  2.561
 24    31.416 53059.31540264 12.32  56.430647  66.315362  2.561
 25    33.095 53094.31543558 10.55  56.428627  66.343314  1.720
 25    32.833 53094.31543622 10.95  56.425347  66.340234  1.720
 26    27.856 53129.31541020 21.98  56.441631  66.324553 17.498
 26    27.809 53129.31541085 28.30  56.438351  66.321473 17.498
 26    28.036 53129.31541149 20.51  56.435081  66.318393 17.498
 26    27.775 53129.31541214 18.80  56.431811  66.315303 17.498
 28    28.101 53199.31547686 53.02  56.444851  66.339430 35.337
 28    28.183 53199.31547750 53.87  56.441581  66.336350 35.337
 28    28.279 53199.31547815 53.03  56.438301  66.333270 35.337
 29    30.572 53234.31544765 21.04  56.441997  66.335970 18.353
 29    27.575 53234.31544830 27.09  56.438727  66.332880 18.353
 30    29.951 53269.31541646 18.70  56.439651  66.320485 14.148
 30    33.049 53269.31541775 16.86  56.433101  66.314325 14.148
 31    27.859 53304.31547419 42.52  56.443908  66.339167 14.679
 31    27.885 53304.31547484 45.86  56.440628  66.336087 14.679
 31    27.969 53304.31547548 46.52  56.437358  66.333007 14.679
 32    28.423 53339.31544322 31.93  56.436796  66.339422  7.765
 32    31.147 53339.31544387 26.60  56.433526  66.336342  7.765
 33    32.278 53374.31537468 18.07  56.433110  66.342366  3.450
 33    32.475 53374.31537532 19.20  56.429830  66.339286  3.450
 34    32.720 53409.31541755 14.69  56.445899  66.335142  3.083
 34    32.086 53409.31541819 15.20  56.442619  66.332062  3.083
 34    31.712 53409.31541884 16.11  56.439347  66.328977  3.038
 35    32.227 53444.31539992 13.86  56.431207  66.344070  2.785
 35    32.099 53444.31540057 15.21  56.427937  66.340990  2.785
 36    33.124 53479.31547860  8.90  56.444112  66.339104  2.738
 36    33.053 53479.31547924  9.33  56.440832  66.336024  2.738
 36    32.911 53479.31547989  9.19  56.437562  66.332940  2.198
 38    32.783 53549.31550474 21.02  56.436461  66.342427 15.296
 38    28.862 53549.31550539 23.27  56.433191  66.339347 15.296
 40    27.241 53619.31542481 47.21  56.425811  66.343187 23.128
 40    27.665 53619.31542546 37.34  56.422531  66.340107 23.128
 43    28.922 53724.31537036 28.18  56.433171  66.343508  9.158
 43    28.922 53724.31537101 27.87  56.429891  66.340428  9.158
 47    27.896 53864.31538743 23.17  56.444108  66.335913 15.172
 47    27.872 53864.31538808 27.48  56.440838  66.332833 15.172
 48    34.552 53899.31541209 22.83  56.444691  66.338659 17.973
 48    34.988 53899.31541274 22.72  56.441421  66.335579 17.973
 48    35.368 53899.31541338 22.06  56.438146  66.332492 14.529
 49    28.147 53934.31545587 49.79  56.434416  66.341381 18.629
 49    28.025 53934.31545652 50.55  56.431146  66.338301 18.629
 52    28.872 54039.31543371 37.01  56.445738  66.332782 15.779
 52    28.952 54039.31543436 39.24  56.442468  66.329702 15.779
 52    28.859 54039.31543500 39.48  56.439188  66.326622 15.779
 52    28.958 54039.31543565 33.33  56.435918  66.323535 10.470
 52    28.768 54039.31543629 31.82  56.432648  66.320455 10.470
 53    29.137 54074.31542690 42.81  56.442439  66.341184 11.458
 53    29.549 54074.31542755 50.05  56.439159  66.338104 11.458
 53    29.746 54074.31542819 44.21  56.435889  66.335024 11.458
 54    31.911 54109.31537222 16.19  56.427985  66.343619  3.302
 54    32.553 54109.31537286 15.69  56.424715  66.340539  3.302
 55    33.369 54144.31536536 13.62  56.446235  66.335315  2.619
 55    32.493 54144.31536600 14.30  56.442955  66.332235  2.619
 55    31.656 54144.31536665 14.92  56.439685  66.329155  2.619
 57    28.299 54214.31537293 30.12  56.444845  66.336564 26.613
 57    28.328 54214.31537358 31.52  56.441565  66.333484 26.613
 57    28.419 54214.31537422 34.43  56.438295  66.330404 26.613
 59    31.991 54284.31540818 39.73  56.441221  66.338674 20.664
 59    32.227 54284.31540883 36.46  56.437951  66.335584 20.664
 60    28.636 54319.31540534 22.92  56.443342  66.340332 19.163
 60    32.988 54319.31540598 20.06  56.440062  66.337242 19.163
 60    28.824 54319.31540662 28.35  56.436792  66.334162 19.163
 62    29.067 54389.31534616 52.58  56.443101  66.337201 32.074
 62    28.806 54389.31534680 53.39  56.439831  66.334121 32.074
 63    29.597 54424.31531898 37.39  56.437028  66.339691 16.228
 63    29.454 54424.31531963 44.09  56.433758  66.336611 16.228
 64    32.109 54459.31532235 15.72  56.446072  66.332114  5.500
 64    31.570 54459.31532299 14.85  56.442792  66.329034  5.500
 64    31.859 54459.31532364 14.82  56.439522  66.325944  5.500
 64    31.887 54459.31532428 14.66  56.436252  66.322864  5.500
 64    31.950 54459.31532493 15.88  56.432982  66.319784  5.500
 65    32.094 54494.31532351 13.20  56.438289  66.340305  3.161
 65    32.378 54494.31532415 12.88  56.435020  66.337218  3.178
 66    32.311 54529.31533482 13.57  56.445598  66.334314  2.418
 66    32.520 54529.31533546 14.13  56.442318  66.331234  2.418
 66    31.902 54529.31533611 14.40  56.439048  66.328144  2.418
 67    32.388 54564.31533009 10.85  56.433346  66.342400  3.049
 67    32.464 54564.31533073 11.16  56.430076  66.339310  3.049
 68    29.271 54599.31532955 17.64  56.442990  66.338290  4.865
 68    29.381 54599.31533019 17.25  56.439710  66.335210  4.865
 68    29.193 54599.31533084 18.99  56.436440  66.332130  4.865
 71    28.270 54704.31531024 21.50  56.437328  66.341727 24.795
 71    28.460 54704.31531089 22.34  56.434058  66.338647 24.795
 72    28.986 54739.31531042 41.64  56.443664  66.332912 18.593
 72    29.241 54739.31531106 45.87  56.440384  66.329832 18.593
 72    29.406 54739.31531170 41.98  56.437114  66.326742 18.593
 73    31.699 54774.31529207 51.48  56.437493  66.339126 27.613
 73    30.467 54774.31529272 49.68  56.434223  66.336046 27.613
 74    29.159 54809.31530440 50.60  56.444076  66.330315 19.190
 74    29.041 54809.31530505 50.57  56.440806  66.327225 19.190
 74    29.016 54809.31530569 37.64  56.437526  66.324145 19.190
 74    29.049 54809.31530634 29.84  56.434256  66.321065 19.190
 74    29.191 54809.31530698 24.49  56.430986  66.317985 19.190
 75    32.338 54844.31529010 13.21  56.437737  66.339518  3.107
 75    32.099 54844.31529075 13.92  56.434467  66.336438  3.107
 76    32.092 54879.31530668 11.88  56.442755  66.336609  2.627
 76    31.607 54879.31530732 12.55  56.439475  66.333529  2.627
 77    31.425 54914.31529367 16.66  56.433531  66.343045  3.888
 77    32.512 54914.31529431 16.02  56.430261  66.339965  3.888
 78    33.717 54949.31529840 11.56  56.444194  66.338632  3.008
 78    33.374 54949.31529904 12.11  56.440914  66.335542  3.008
 78    33.306 54949.31529969 11.98  56.437644  66.332462  3.008
 79    35.323 54984.31532332 29.61  56.443023  66.340025 17.225
 79    35.105 54984.31532396 29.47  56.439743  66.336945 17.225
 79    35.650 54984.31532461 29.30  56.436473  66.333865 17.225
 80    33.219 55019.31531960 21.97  56.442321  66.339346 21.195
 80    32.955 55019.31532025 22.08  56.439051  66.336266 21.195
 80    28.900 55019.31532089 34.85  56.435771  66.333186 21.195
 81    27.400 55054.31531567 24.06  56.440130  66.339551 25.801
 81    29.891 55054.31531632 23.65  56.436860  66.336471 25.801
 83    29.271 55124.31525378 45.84  56.443398  66.334691 22.023
 83    29.332 55124.31525443 47.28  56.440118  66.331611 22.023
 84    28.954 55159.31523733 31.37  56.435905  66.340312 10.427
 84    28.901 55159.31523798 31.69  56.432635  66.337222 10.427
 85    31.562 55194.31524407 17.32  56.445881  66.332545  5.035
 85    31.597 55194.31524471 17.44  56.442601  66.329465  5.035
 85    31.223 55194.31524536 17.78  56.439331  66.326385  5.035
 85    30.719 55194.31524600 17.91  56.436061  66.323295  5.035
 85    30.611 55194.31524665 17.20  56.432781  66.320215  5.035
 86    31.983 55229.31523952 15.06  56.433660  66.340896  3.060
 86    32.554 55229.31524016 15.65  56.430390  66.337816  3.060
 87    31.958 55264.31523840 14.73  56.444791  66.338546  2.649
 87    31.705 55264.31523905 15.03  56.441521  66.335466  2.649
 87    31.641 55264.31523969 14.81  56.438241  66.332386  2.649
 88    31.861 55299.31522189 10.72  56.435877  66.342442  3.384
 88    31.975 55299.31522253 10.35  56.432597  66.339362  3.384
 90    29.587 55369.31520687 24.76  56.440980  66.339932 18.939
 90    31.230 55369.31520751 23.86  56.437710  66.336852 18.939
 90    29.941 55369.31520816 31.69  56.434430  66.333772 18.939
 91    28.723 55404.31522458 34.78  56.445072  66.334253 19.077
 91    28.077 55404.31522522 27.75  56.441802  66.331173 19.077
 91    28.108 55404.31522587 22.26  56.438532  66.328093 19.077
 92    33.485 55439.31522472 16.85  56.441487  66.341777 20.804
 92    32.707 55439.31522536 17.90  56.438217  66.338687 20.804
 92    32.381 55439.31522601 19.56  56.434947  66.335607 20.804
 93    29.321 55474.31517166 31.30  56.431827  66.340445 19.816
 93    29.230 55474.31517231 36.79  56.428557  66.337365 19.816
