# NaN NaN NaN ;Mean Elev.(m), Avg Gradient(m/km), RMS Gradient(m/km) - SRTM1     
#   17.249  -2.474   6.887 ;Mean Elev.(m), Avg Gradient(m/km), RMS Gradient(m/km) - ASTER GDEM
#   32.698  -3.880   7.378 ;Mean Elev.(m), Avg Gradient(m/km), RMS Gradient(m/km) - GMTED2010 
  7  55.392837  66.176359    30.096    30.218  3 52468.70790996 19.028
  8  55.394633  66.178326    27.986    27.952  3 52503.70789799 17.677
  9  55.385135  66.168544    29.879    29.879  2 52538.70788051 16.949
 10  55.389979  66.174151    24.540    24.706  3 52573.70792300 38.925
 11  55.396226  66.179762    26.370    26.370  2 52608.70788260 24.430
 12  55.387872  66.173114    28.452    28.348  3 52643.70787591 15.777
 13  55.397501  66.183200    29.388    29.493  3 52678.70785849 13.581
 15  55.391612  66.177307    30.423    29.915  3 52748.70792394  9.827
 16  55.384226  66.166525    34.499    34.499  2 52783.70786338 35.639
 21  55.389044  66.174916    25.019    25.027  3 52958.70794522 46.039
 22  55.390549  66.176347    29.809    29.602  3 52993.70797352 14.507
 23  55.402334  66.182543    29.311    29.121  3 53028.70793880 12.709
 24  55.392622  66.178405    29.900    29.906  3 53063.70794626 11.428
 25  55.395295  66.180299    32.252    32.124  3 53098.70796104 11.193
 26  55.393114  66.177940    27.530    27.530  2 53133.70794488 20.481
 29  55.398995  66.184463    22.828    22.835  3 53238.70798756 46.304
 30  55.383208  66.168522    29.169    30.098  3 53273.70794649 21.321
 31  55.387788  66.171848    23.599    23.607  3 53308.70800337 47.606
 33  55.385044  66.168922    29.054    29.210  3 53378.70791269 15.525
 34  55.395157  66.179273    28.798    28.798  2 53413.70794731 13.461
 35  55.382404  66.167778    28.690    28.690  2 53448.70793500 14.147
 36  55.385955  66.169752    31.093    30.946  3 53483.70802064  6.339
 39  55.399336  66.182896    25.339    25.339  2 53588.70799150 22.349
 40  55.380068  66.166158    23.513    23.397  3 53623.70796293 41.488
 41  55.386619  66.172717    26.684    26.684  2 53658.70799098 43.927
 42  55.395523  66.179251    29.480    29.480  2 53693.70797130 21.141
 43  55.403324  66.184738    25.607    25.607  2 53728.70789520 24.961
 44  55.389763  66.176002    28.825    28.825  2 53763.70785448 14.409
 45  55.399557  66.184434    29.219    28.886  3 53798.70786412 13.019
 46  55.384811  66.170407    28.125    28.125  2 53833.70785733 13.286
 47  55.388880  66.172553    25.093    25.093  2 53868.70792268 25.032
 50  55.394847  66.180832    29.379    29.894  3 53973.70795314 18.544
 51  55.385723  66.169863    26.879    26.953  3 54008.70794251 41.312
 52  55.393596  66.174534    27.168    27.168  2 54043.70796439 28.560
 53  55.396531  66.180106    29.179    29.365  3 54078.70795892 16.308
 54  55.401224  66.185080    29.037    28.949  3 54113.70789702 15.713
 56  55.401810  66.182874    30.141    29.844  3 54183.70788602 14.160
 57  55.388414  66.172530    27.552    27.552  2 54218.70791215 22.274
 58  55.392869  66.174681    31.441    31.441  2 54253.70793733 28.384
 63  55.398321  66.180433    27.134    26.376  3 54428.70784542 23.386
 64  55.389802  66.174569    29.694    29.976  3 54463.70785730 15.429
 65  55.396784  66.180456    29.875    29.854  3 54498.70785529 12.430
 66  55.392018  66.177478    29.476    29.476  2 54533.70787171 11.410
 67  55.399058  66.184812    29.212    29.231  3 54568.70786010  8.848
 68  55.392305  66.174352    27.617    27.617  2 54603.70786602 20.401
 71  55.399008  66.182488    29.355    29.215  3 54708.70783893 17.198
 72  55.392465  66.173839    29.091    29.091  2 54743.70784539 18.832
 75  55.396374  66.181246    29.593    29.674  3 54848.70782085 14.078
 76  55.390007  66.175011    29.533    29.325  3 54883.70784245 14.264
 77  55.398779  66.184010    30.476    30.314  3 54918.70782355 10.157
 78  55.390083  66.174551    30.177    30.087  3 54953.70783713  8.885
 79  55.389101  66.175816    33.239    33.256  3 54988.70786134 44.892
 82  55.400967  66.182293    28.779    28.856  3 55093.70780322 32.076
 84  55.395886  66.179491    27.218    27.218  2 55163.70776441 24.382
 85  55.388693  66.174959    29.207    29.503  3 55198.70778051 16.941
 86  55.397859  66.181937    28.604    28.604  2 55233.70776943 16.100
 87  55.392265  66.176458    27.530    27.530  2 55268.70777527 16.473
 88  55.401752  66.183767    32.524    32.524  2 55303.70774988  7.855
 92  55.394455  66.179036    29.909    29.909  2 55443.70775751 17.486
