-123085.534    29.925     0.00    1.71
-122711.843    29.302    -1.67    2.18
-122338.074    29.362     0.16    2.47
-121964.226    30.057     1.86    3.59
-121590.300    30.855     2.13    3.79
-121216.295    31.433     1.54    3.59
-120842.212    31.496     0.17    3.14
-120468.049    30.595    -2.41    3.45
-120093.808    28.951    -4.39    2.77
-119719.489    28.364    -1.57    2.56
-119345.090    28.592     0.61    3.21
-118970.613    31.527     7.84    5.61
-118596.056    35.050     9.41    7.05
-118221.421    37.006     5.22    6.24
-117846.707    36.778    -0.61    6.27
-117471.913    34.395    -6.36    5.71
-117097.041    31.768    -7.01    3.52
-116722.089    30.132    -4.36    3.21
-116347.058    29.759    -0.99    4.41
-115971.948    29.708    -0.14    4.60
-115596.758    29.336    -0.99    4.11
-115221.489    29.698     0.96    3.66
-114846.141    31.711     5.36    4.34
-114470.713    33.230     4.04    4.65
-114095.205    34.123     2.38    4.42
-113719.618    34.198     0.20    3.82
-113343.952    34.070    -0.34    3.24
-112968.205    34.815     1.98    3.47
-112592.379    36.357     4.10    5.13
-112216.474    38.394     5.42    6.01
-111840.488    39.101     1.88    6.26
-111464.422    38.544    -1.48    6.30
-111088.277    37.591    -2.53    4.91
-110712.051    36.953    -1.70    2.83
-110335.746    37.501     1.46    2.57
-109959.360    38.126     1.66    2.50
-109582.895    37.839    -0.76    2.32
-109206.349    37.252    -1.56    2.17
-108829.723    36.459    -2.11    1.79
-108453.016    35.715    -1.97    1.37
-108076.230    35.953     0.63    1.56
-107699.363    35.927    -0.07    1.58
-107322.415    35.880    -0.13    2.19
-106945.387    35.863    -0.04    2.66
-106568.279    35.160    -1.86    3.18
-106191.089    35.050    -0.29    3.90
-105813.820    35.140     0.24    4.14
-105436.469    36.007     2.30    4.48
-105059.038    37.469     3.87    3.85
-104681.526    37.337    -0.35    3.43
-104303.933    37.155    -0.48    4.04
-103926.259    36.376    -2.06    5.36
-103548.505    35.028    -3.57    7.60
-103170.669    33.207    -4.82    8.88
-102792.752    30.830    -6.29    8.29
-102414.754    29.300    -4.05    6.57
-102036.675    29.220    -0.21    5.38
-101658.515    28.685    -1.41    5.52
-101280.274    28.339    -0.91    6.07
-100901.951    29.053     1.89    6.41
-100523.547    28.804    -0.66    6.95
-100145.061    26.445    -6.23    8.31
 -99766.494    23.648    -7.39    6.80
 -99387.846    21.529    -5.60    4.74
 -99009.116    20.089    -3.80    3.34
 -98630.304    20.159     0.18    2.80
 -98251.410    19.689    -1.24    2.79
 -97872.435    19.496    -0.51    3.43
 -97493.379    19.985     1.29    3.69
 -97114.240    20.769     2.07    3.73
 -96735.019    21.676     2.39    3.40
 -96355.717    21.698     0.06    2.59
 -95976.332    21.995     0.79    3.07
 -95596.866    23.196     3.16    4.13
 -95217.317    24.603     3.71    3.62
 -94837.686    26.441     4.84    2.54
 -94457.973    27.830     3.66    2.68
 -94078.178    27.496    -0.88    2.85
 -93698.301    27.153    -0.90    2.92
 -93318.341    26.724    -1.13    2.68
 -92938.299    26.357    -0.96    2.55
 -92558.174    26.235    -0.32    2.69
 -92177.967    25.662    -1.51    3.27
 -91797.677    24.840    -2.16    3.40
 -91417.305    23.428    -3.71    3.42
 -91036.850    22.344    -2.85    3.06
 -90656.312    22.583     0.63    3.30
 -90275.691    23.150     1.49    3.39
 -89894.988    23.662     1.35    3.40
 -89514.202    23.413    -0.65    3.14
 -89133.332    22.652    -2.00    2.78
 -88752.380    22.213    -1.15    3.03
 -88371.345    22.756     1.42    5.10
 -88000.703    24.555     4.85    5.99
 -87635.362    27.672     8.53    7.14
 -87269.946    29.963     6.27    8.08
 -86904.454    28.027    -5.30    8.88
 -86538.887    26.751    -3.49    9.31
 -86173.244    23.069   -10.07    8.80
 -85807.526    21.370    -4.64    9.03
 -85441.733    18.480    -7.90    8.53
 -85075.864    15.954    -6.90    6.78
 -84709.920    12.835    -8.52    2.09
 -84343.900    13.176     0.93    2.71
 -83977.804    14.170     2.71    3.52
 -83611.633    15.402     3.36    3.74
 -83245.386    16.453     2.87    3.56
 -82879.063    16.943     1.34    3.06
 -82512.665    17.346     1.10    2.92
 -82146.190    17.931     1.60    3.12
 -81779.640    18.573     1.75    3.20
 -81413.013    19.018     1.21    3.02
 -81046.311    19.325     0.84    2.86
 -80679.532    19.311    -0.04    2.94
 -80312.678    19.016    -0.80    2.80
 -79945.747    18.595    -1.15    3.24
 -79578.740    18.081    -1.40    3.33
 -79211.657    18.387     0.83    4.26
 -78844.498    18.615     0.62    5.52
 -78477.262    18.522    -0.25    6.10
 -78109.950    18.064    -1.24    5.87
 -77742.561    17.631    -1.18    4.76
 -77375.096    17.082    -1.49    3.13
 -77007.554    17.349     0.73    2.76
 -76639.936    17.820     1.28    2.49
 -76272.241    17.059    -2.07    2.68
 -75904.470    16.985    -0.20    2.70
 -75536.621    16.743    -0.66    2.49
 -75168.696    17.253     1.39    2.96
 -74800.694    18.407     3.14    3.23
 -74432.616    18.387    -0.05    4.10
 -74064.460    20.409     5.49    7.34
 -73696.228    21.872     3.97    8.36
 -73327.918    22.942     2.91    8.38
 -72959.531    22.964     0.06    8.25
 -72591.068    20.193    -7.52    7.75
 -72222.527    16.827    -9.13    5.81
 -71853.909    15.356    -3.99    4.78
 -71485.213    13.740    -4.38    2.12
 -71116.441    13.389    -0.95    0.88
 -70747.591    13.659     0.73    0.71
 -70378.663    13.552    -0.29    0.79
 -70009.659    13.463    -0.24    0.83
 -69640.576    13.227    -0.64    0.91
 -69271.417    13.059    -0.46    0.91
 -68902.179    12.860    -0.54    0.89
 -68532.864    12.789    -0.19    0.91
 -68163.471    12.791     0.01    1.00
 -67794.001    12.593    -0.54    0.93
 -67424.453    12.752     0.43    1.02
 -67054.827    12.933     0.49    1.05
 -66685.123    13.170     0.64    0.99
 -66315.341    13.433     0.71    1.01
 -65945.481    13.899     1.26    0.97
 -65575.543    14.422     1.42    0.72
 -65205.527    14.795     1.01    0.39
 -64835.433    14.985     0.51    0.00
 -64465.261    14.985     0.00    0.00
 -64095.011    14.985     0.00    0.00
 -63724.682    14.985     0.00    0.00
 -63354.275    14.985     0.00    0.00
 -62983.790    14.985     0.00    0.00
 -62613.226    14.985     0.00    0.00
 -62242.583    14.985     0.00    0.00
 -61871.863    14.985     0.00    0.00
 -61501.063    14.985     0.00    0.00
 -61130.185    14.985     0.00    0.00
 -60759.229    14.985     0.00    0.00
 -60388.193    14.985     0.00    0.00
 -60017.079    14.985     0.00    0.00
 -59645.886    14.985     0.00    0.00
 -59274.615    14.985     0.00    0.00
 -58903.264    14.985     0.00    0.00
 -58531.834    14.974    -0.03    0.10
 -58160.326    14.944    -0.08    0.20
 -57788.738    14.874    -0.19    0.32
 -57417.071    14.829    -0.12    0.36
 -57045.325    14.831     0.01    0.36
 -56673.500    14.894     0.17    0.29
 -56301.596    14.974     0.22    0.31
 -55929.612    15.129     0.42    1.76
 -55557.549    18.152     8.12    8.44
 -55185.406    19.933     4.79    9.56
 -54813.184    19.779    -0.41    9.14
 -54440.883    18.454    -3.56    8.20
 -54068.502    17.097    -3.64    6.88
 -53696.041    15.963    -3.04    4.44
 -53323.501    18.402     6.55    6.53
 -52950.881    21.018     7.02    6.39
 -52578.181    22.822     4.84    5.54
 -52205.401    22.322    -1.34    5.23
 -51832.542    20.253    -5.55    4.28
 -51459.603    19.243    -2.71    4.26
 -51086.583    17.542    -4.56    3.79
 -50713.484    16.458    -2.90    3.01
 -50340.304    16.109    -0.94    2.45
 -49967.045    15.870    -0.64    2.12
 -49593.705    15.717    -0.41    1.99
 -49220.285    15.516    -0.54    1.88
 -48846.785    15.069    -1.20    1.50
 -48473.204    14.573    -1.33    1.47
 -48099.543    14.412    -0.43    1.34
 -47725.802    14.434     0.06    1.35
 -47351.980    14.572     0.37    1.19
 -46978.078    14.542    -0.08    1.15
 -46604.095    14.567     0.07    1.10
 -46230.031    14.209    -0.96    1.22
 -45855.887    13.844    -0.98    1.03
 -45481.662    13.720    -0.33    1.03
 -45107.356    13.765     0.12    1.10
 -44732.970    13.676    -0.24    1.11
 -44358.502    13.518    -0.42    1.15
 -43983.954    13.260    -0.69    1.12
 -43609.324    13.058    -0.54    1.04
 -43234.614    13.016    -0.11    1.02
 -42859.822    12.922    -0.25    0.98
 -42484.950    12.975     0.14    1.11
 -42109.996    13.153     0.48    1.12
 -41734.961    13.235     0.22    1.20
 -41359.844    13.232    -0.01    1.09
 -40984.646    13.248     0.04    1.12
 -40609.367    13.179    -0.18    1.15
 -40234.006    13.006    -0.46    0.95
 -39858.564    12.838    -0.45    1.01
 -39483.040    12.454    -1.02    1.33
 -39107.435    12.086    -0.98    1.45
 -38731.748    11.953    -0.35    1.60
 -38355.979    12.638     1.82    1.87
 -37980.129    13.268     1.67    1.67
 -37604.196    13.995     1.94    1.46
 -37228.182    14.604     1.62    1.37
 -36852.086    14.717     0.30    1.42
 -36475.907    14.796     0.21    1.50
 -36099.647    15.088     0.78    1.26
 -35723.305    15.441     0.94    0.76
 -35346.880    15.672     0.61    0.98
 -34970.374    16.187     1.37    0.99
 -34593.785    16.490     0.80    0.99
 -34217.113    16.501     0.03    0.90
 -33840.360    16.510     0.02    0.87
 -33463.524    16.449    -0.16    0.87
 -33086.605    16.501     0.14    1.14
 -32709.604    16.672     0.46    1.42
 -32332.521    17.016     0.91    1.40
 -31955.355    17.216     0.53    1.32
 -31578.106    17.860     1.71    1.21
 -31200.774    18.212     0.93    1.24
 -30823.360    18.531     0.85    1.27
 -30445.862    18.593     0.16    1.45
 -30068.282    18.516    -0.20    1.66
 -29690.619    18.532     0.04    1.69
 -29312.873    18.799     0.71    1.63
 -28935.044    18.975     0.46    1.43
 -28557.132    18.985     0.03    1.47
 -28179.136    19.253     0.71    1.43
 -27801.058    19.676     1.12    1.35
 -27422.896    19.892     0.57    1.44
 -27044.651    19.110    -2.07    4.78
 -26666.322    18.516    -1.57    6.48
 -26287.910    18.711     0.52    7.74
 -25909.414    18.689    -0.06    8.66
 -25530.835    18.820     0.35    8.46
 -25152.173    19.428     1.61    7.74
 -24773.426    22.416     7.89    1.42
 -24394.596    21.500    -2.42    3.15
 -24015.682    21.071    -1.13    3.71
 -23636.685    20.311    -2.00    4.17
 -23257.603    19.641    -1.77    4.08
 -22878.438    20.077     1.15    3.15
 -22499.188    19.996    -0.21    2.62
 -22119.855    19.413    -1.53    3.44
 -21740.437    18.464    -2.50    4.90
 -21360.936    18.356    -0.28    5.14
 -20981.350    18.438     0.21    4.79
 -20601.680    17.641    -2.10    5.54
 -20221.925    16.652    -2.61    6.08
 -19842.086    16.803     0.40    5.93
 -19462.163    17.558     1.99    4.85
 -19082.155    18.841     3.38    1.85
 -18702.063    18.370    -1.24    1.87
 -18321.886    17.934    -1.15    1.57
 -17941.625    17.447    -1.28    1.20
 -17561.278    17.359    -0.23    0.91
 -17180.848    17.381     0.06    0.95
 -16800.332    17.329    -0.14    1.04
 -16419.731    16.870    -1.20    1.07
 -16039.046    16.551    -0.84    0.77
 -15658.275    16.609     0.15    0.81
 -15277.419    14.434    -5.71    5.80
 -14896.479    10.797    -9.55    8.01
 -14515.453     8.903    -4.97    8.34
 -14134.342     8.669    -0.61    8.82
 -13753.146    10.207     4.03    8.70
 -13376.795    14.141    10.45    7.12
 -13011.690    16.672     6.93    4.08
 -12646.508    17.670     2.73    1.58
 -12281.249    17.813     0.39    2.09
 -11915.912    17.753    -0.16    2.28
 -11550.499    17.291    -1.27    2.18
 -11185.009    17.387     0.26    1.99
 -10819.441    17.619     0.64    2.22
 -10453.796    18.077     1.25    1.95
 -10088.074    18.398     0.88    1.88
  -9722.274    18.699     0.82    1.75
  -9356.397    18.860     0.44    1.17
  -8990.443    18.924     0.17    1.23
  -8624.411    18.995     0.20    1.84
  -8258.301    19.216     0.60    2.07
  -7892.114    18.985    -0.63    2.79
  -7525.850    18.518    -1.28    3.32
  -7159.507    18.429    -0.24    2.96
  -6793.087    17.891    -1.47    2.76
  -6426.589    17.439    -1.23    2.21
  -6060.013    17.506     0.18    1.62
  -5693.359    17.183    -0.88    1.29
  -5326.627    17.095    -0.24    1.27
  -4959.817    16.985    -0.30    1.38
  -4592.930    17.155     0.46    1.50
  -4225.964    17.213     0.16    1.66
  -3858.920    17.248     0.09    1.81
  -3491.797    16.827    -1.15    1.77
  -3124.597    16.385    -1.20    1.46
  -2757.318    15.823    -1.53    3.41
  -2389.961    14.719    -3.01    6.32
  -2022.525    11.699    -8.22    8.38
  -1655.011     8.713    -8.12    9.25
  -1287.419     5.355    -9.14    8.56
   -919.748     3.080    -6.19    7.06
   -551.998     1.763    -3.58    5.11
   -184.170     2.046     0.77    5.54
    183.737     1.764    -0.77    5.20
    551.723     1.965     0.55    5.17
    919.788     2.641     1.84    5.75
   1287.931     4.085     3.92    6.64
   1656.153     5.539     3.95    7.19
   2024.455     5.695     0.42    7.07
   2392.835     6.391     1.89    7.29
   2761.294     6.258    -0.36    6.96
   3129.833     6.450     0.52    6.78
   3498.450     5.148    -3.53    6.20
   3867.147     3.783    -3.70    5.62
   4235.923     4.016     0.63    7.32
   4604.778     9.215    14.09   13.05
   4973.713    17.716    23.04   16.64
   5342.727    29.207    31.14   15.39
   5711.820    40.789    31.38   13.73
   6080.993    51.813    29.86   16.27
   6450.246    60.038    22.27   14.84
   6819.578    65.965    16.05    8.91
   7188.990    66.545     1.57    7.39
   7558.481    61.764   -12.94    7.04
   7928.053    55.470   -17.03    7.21
   8297.704    49.387   -16.46    7.98
   8667.435    43.220   -16.68    8.81
   9037.246    37.383   -15.78    8.43
   9407.136    32.195   -14.03    7.91
   9777.107    30.158    -5.50    6.02
  10147.158    31.500     3.63    6.84
  10517.289    31.601     0.27    7.62
  10887.500    33.230     4.40    8.99
  11257.792    34.035     2.18    9.67
  11628.164    32.496    -4.16    8.99
  11998.616    30.107    -6.45    7.13
  12369.148    30.311     0.55    5.72
  12739.761    33.237     7.90    6.68
  13110.454    37.224    10.76    6.71
  13481.228    40.915     9.95    6.11
  13852.082    42.854     5.23    6.04
  14223.017    43.469     1.66    6.03
  14594.033    43.763     0.79    5.82
  14965.130    45.046     3.46    6.33
  15336.307    46.924     5.06    7.13
  15707.565    50.322     9.15    8.15
  16078.904    54.409    11.01    8.07
  16450.324    56.148     4.68    6.82
  16821.825    53.975    -5.85    8.36
  17193.407    51.665    -6.22    8.20
  17565.070    51.510    -0.42    7.16
  17936.814    52.454     2.54    6.36
  18308.640    53.985     4.12    4.36
  18680.547    54.874     2.39    2.39
  19052.535    53.490    -3.72    4.14
  19424.604    50.067    -9.20    7.01
  19796.755    48.016    -5.51    7.55
  20168.987    46.539    -3.97    7.17
  20541.301    48.181     4.41    6.62
  20913.696    52.737    12.24    4.82
  21286.174    54.748     5.40    4.51
  21658.732    55.084     0.90    4.62
  22031.373    52.985    -5.63    6.57
  22404.095    51.147    -4.93    6.48
  22776.899    49.295    -4.97    5.15
  23149.785    50.875     4.24    5.90
  23522.753    53.803     7.85    5.11
  23895.803    54.352     1.47    5.11
  24268.935    53.262    -2.92    5.46
  24642.149    50.245    -8.08    6.53
  25015.446    49.421    -2.21    7.31
  25388.824    49.189    -0.62    7.76
  25762.285    51.873     7.19    7.87
  26135.828    56.372    12.05    5.15
  26509.454    57.665     3.46    6.77
  26883.162    58.297     1.69    7.45
  27256.952    57.084    -3.25    7.57
  27630.825    56.077    -2.69    6.15
  28004.781    54.914    -3.11    5.06
  28378.819    55.605     1.85    6.11
  28752.940    58.735     8.37    7.87
  29127.143    62.217     9.31    9.69
  29501.430    66.618    11.76    8.12
  29875.799    68.916     6.14    8.16
  30250.252    68.620    -0.79    7.61
  30624.787    69.114     1.32    6.63
  30999.405    71.533     6.46    5.50
  31374.107    70.675    -2.29    4.84
  31748.891    70.727     0.14    5.63
  32123.759    68.708    -5.39    6.98
  32498.710    66.581    -5.67    7.50
  32873.744    65.308    -3.39    7.86
  33248.862    63.696    -4.30    7.07
  33624.063    65.405     4.55    6.83
  33999.347    67.905     6.66    6.65
  34374.715    71.581     9.79    7.56
  34750.167    74.253     7.12    6.27
  35125.702    73.717    -1.43    6.74
  35501.321    72.298    -3.78    7.00
  35877.024    72.225    -0.19    8.15
  36252.810    77.692    14.55   10.78
  36628.681    84.707    18.66    9.30
  37004.635    88.185     9.25    7.70
  37380.673    90.553     6.30    7.30
  37756.795    92.470     5.10    7.03
  38133.001    94.283     4.82    7.17
  38509.292    92.695    -4.22    7.53
  38885.666    89.854    -7.55    9.09
  39262.125    87.355    -6.64    8.21
  39638.668    86.102    -3.33    6.70
  40015.296    89.421     8.81    7.89
  40392.008    91.911     6.61    7.28
  40768.804    95.475     9.46    7.70
  41145.685    99.696    11.20    8.33
  41522.651   104.064    11.59    7.88
  41899.701   103.601    -1.23    8.65
  42276.836   100.715    -7.65    9.55
  42654.055    96.587   -10.94    8.81
  43031.360    93.439    -8.34    6.07
  43408.749    92.105    -3.54    5.31
  43786.223    88.294   -10.10    9.48
  44163.782    81.318   -18.48   13.60
  44541.426    72.034   -24.58   13.75
  44919.155    66.285   -15.22   10.47
  45296.970    63.852    -6.44    5.80
  45674.869    66.454     6.89    6.94
  46052.854    70.230     9.99    7.91
  46430.924    72.569     6.19    9.15
  46809.080    74.366     4.75    8.50
  47187.321    74.645     0.74    7.77
  47565.647    72.953    -4.47    7.26
  47944.059    70.975    -5.23    7.12
  48322.557    69.459    -4.01    5.48
  48701.140    70.163     1.86    5.58
  49079.809    71.168     2.65    5.12
  49458.563    71.005    -0.43    4.93
  49837.404    71.412     1.07    4.27
  50216.330    70.777    -1.68    5.06
  50595.343    70.181    -1.57    5.30
  50974.441    68.609    -4.15    5.24
  51353.625    67.347    -3.33    4.79
  51732.896    65.064    -6.02    5.04
  52112.253    64.910    -0.41    4.79
  52491.696    68.357     9.08    6.48
  52871.225    71.753     8.95    6.89
  53250.840    74.341     6.82    5.50
  53630.542    74.714     0.98    5.07
  54010.331    76.995     6.01    6.58
  54390.206    80.882    10.23    7.67
  54770.167    86.153    13.87    6.75
  55150.215    90.573    11.63    3.67
  55530.350    93.965     8.93    4.11
  55910.572    96.669     7.11    4.24
  56290.880    97.005     0.88    3.97
  56671.275    96.459    -1.43    3.46
  57051.758    95.955    -1.32    2.84
  57432.327    95.913    -0.11    2.83
  57812.983    98.106     5.76    3.65
  58193.726    99.652     4.06    3.91
  58574.557    98.732    -2.41    6.21
  58955.475    95.516    -8.45    8.65
  59336.480    90.705   -12.63    8.81
  59717.572    85.894   -12.62    7.41
  60098.752    81.046   -12.72    7.38
  60480.019    78.450    -6.81    7.23
  60861.374    75.885    -6.73    6.14
  61242.816    74.944    -2.47    6.40
  61608.753    76.955     5.50    8.38
  61973.696    77.125     0.47    8.60
  62338.717    76.490    -1.74    9.00
  62703.818    75.054    -3.93    9.14
  63068.997    71.679    -9.24    7.72
  63434.255    70.635    -2.86    7.75
  63799.592    70.658     0.06    7.26
  64165.008    72.375     4.70    6.15
  64530.504    74.688     6.33    5.74
  64896.078    77.745     8.36    6.80
  65261.732    81.397     9.99    6.80
  65627.465    84.090     7.36    6.11
  65993.277    84.025    -0.18    5.45
  66359.169    81.490    -6.93    5.69
  66725.139    78.763    -7.45    5.56
  67091.190    77.328    -3.92    5.46
  67457.320    76.856    -1.29    4.79
  67823.529    78.173     3.60    4.37
  68189.818    78.624     1.23    3.80
  68556.187    77.395    -3.36    5.19
  68922.636    75.475    -5.24    6.05
  69289.164    71.954    -9.61    5.35
  69655.772    70.621    -3.64    5.13
  70022.460    69.251    -3.74    5.60
  70389.228    69.411     0.44    6.71
  70756.075    69.562     0.41    8.40
  71123.003    67.460    -5.73    9.20
  71490.011    66.718    -2.02    9.22
  71857.099    67.485     2.09    8.40
  72224.267    69.455     5.37    8.80
  72591.516    74.006    12.39    7.32
  72958.845    77.767    10.24    7.51
  73326.254    82.779    13.64   10.02
  73693.743    90.024    19.72   11.75
  74061.313    94.826    13.07    9.94
  74428.963    99.248    12.03    7.03
  74796.694   102.232     8.12    7.06
  75164.506   104.318     5.67    7.27
  75532.398   108.742    12.03    8.35
  75900.371   115.716    18.95    9.49
  76268.425   123.926    22.31   10.22
  76636.559   127.005     8.36    8.36
  77004.774   128.895     5.13    8.57
  77373.071   129.755     2.34    9.68
  77741.448   131.383     4.42    9.10
  78109.906   134.648     8.86    9.31
  78478.445   139.882    14.20    9.42
  78847.066   145.406    14.99    9.34
  79215.767   147.658     6.11    7.71
  79584.550   151.470    10.34    7.93
  79953.414   154.795     9.01    7.76
  80322.360   157.066     6.16    5.87
  80691.387   157.906     2.28    5.44
  81060.495   153.474   -12.01    9.50
  81429.685   144.201   -25.12   15.55
  81798.956   132.597   -31.42   18.65
  82168.309   121.426   -30.25   19.84
  82537.743   113.165   -22.36   16.04
  82907.260   107.628   -14.98   10.76
  83276.858   101.529   -16.50   10.71
  83646.538    92.539   -24.32   12.84
  84016.299    86.612   -16.03   12.54
  84386.143    80.609   -16.23   12.46
  84756.069    74.210   -17.30   14.66
  85126.077    68.381   -15.76   15.29
  85496.166    62.034   -17.15   14.27
  85866.338    58.625    -9.21   11.02
  86236.592    60.365     4.70   11.26
  86606.929    64.203    10.36    9.38
  86977.348    66.322     5.72    6.16
  87347.849    63.391    -7.91    7.49
  87718.432    59.224   -11.24    5.32
  88089.098    61.377     5.81    7.99
  88459.846    65.753    11.80   10.38
  88830.677    72.926    19.34   10.19
  89201.591    78.470    14.95    7.36
  89572.587    81.348     7.76    6.33
  89943.667    81.365     0.05    6.80
  90314.828    78.005    -9.05    7.80
  90686.073    76.279    -4.65    9.04
  91057.401    73.444    -7.64    9.26
  91428.811    73.480     0.10    9.19
  91800.305    75.421     5.23    9.37
  92171.882    78.436     8.11    9.82
  92543.542    81.015     6.94    8.93
  92915.285    84.299     8.83    8.23
  93287.111    86.599     6.19    6.57
  93659.020    88.005     3.78    4.43
  94031.013    89.416     3.79    5.72
  94403.090    90.843     3.84    7.42
  94775.249    93.441     6.98    9.08
  95147.493    98.597    13.85   10.05
  95519.819   103.131    12.18    8.44
  95892.230   105.693     6.88    7.38
  96264.724   105.681    -0.03    7.13
  96637.302   103.505    -5.84    7.32
  97009.963    98.063   -14.60    7.39
  97382.709    92.985   -13.63    7.07
  97755.538    88.875   -11.02    6.82
  98128.452    86.750    -5.70    6.11
  98501.449    83.542    -8.60    6.50
  98874.531    79.906    -9.74    8.07
  99247.696    74.220   -15.24    7.82
  99620.946    70.393   -10.25    5.85
  99994.280    69.006    -3.71    5.47
 100367.698    69.063     0.15    6.18
 100741.201    69.722     1.76    6.21
 101114.788    70.171     1.20    5.64
 101488.459    69.361    -2.17    5.14
 101862.216    67.215    -5.74    5.00
 102236.056    63.295   -10.49    6.39
 102609.981    59.480   -10.20    6.29
 102983.991    56.916    -6.85    5.83
 103358.086    54.601    -6.19    5.48
 103732.266    53.859    -1.98    7.00
 104106.530    53.329    -1.42    6.87
 104480.879    51.140    -5.85    6.68
 104855.314    47.201   -10.52    7.62
 105229.833    41.495   -15.24    6.84
 105604.437    36.171   -14.21    5.44
 105979.127    31.093   -13.55    6.84
 106353.902    27.328   -10.05    6.70
 106728.762    23.955    -9.00    5.63
 107103.707    22.495    -3.90    4.69
 107478.738    20.866    -4.34    4.18
 107853.854    19.367    -4.00    4.22
 108229.055    17.243    -5.66    4.03
 108604.343    14.779    -6.57    3.88
 108979.715    12.490    -6.10    3.59
 109355.174    10.131    -6.29    3.32
 109730.718     8.403    -4.60    2.45
 110106.348     7.023    -3.67    2.50
 110482.064     5.679    -3.58    2.02
 110857.866     4.838    -2.24    1.47
 111233.753     4.415    -1.13    1.08
 111609.727     3.781    -1.69    1.03
 111985.787     2.995    -2.09    1.70
 112361.933     1.698    -3.45    2.10
 112738.165     0.083    -4.29    2.09
 113114.483    -1.385    -3.90    1.69
 113490.888    -2.339    -2.53    1.05
 113867.379    -2.855    -1.37    0.47
 114243.956    -3.015    -0.42    0.00
 114620.620    -3.015     0.00    0.00
 114997.371    -3.015     0.00    0.00
 115374.208    -3.015     0.00    0.00
 115751.131    -3.015     0.00    0.00
 116128.142    -3.015     0.00    0.00
 116505.239    -3.015     0.00    0.00
 116882.423    -3.015     0.00    0.00
 117259.694    -3.015     0.00    0.00
 117637.052    -3.015     0.00    0.00
 118014.497    -3.015     0.00    0.00
 118392.029    -3.015     0.00    0.00
 118769.648    -3.015     0.00    0.00
 119147.354    -3.015     0.00    0.00
 119525.148    -3.015     0.00    0.00
 119903.029    -3.015     0.00    0.00
 120280.997    -3.015     0.00    0.00
 120659.053    -3.015     0.00    0.00
 121037.196    -3.015     0.00    0.00
 121415.427    -3.015     0.00    0.00
 121793.745    -3.015     0.00    0.00
 122172.151    -3.015     0.00    0.00
 122550.645    -3.015     0.00    0.00
 122929.226    -3.015     0.00    0.00
 123307.896    -3.015     0.00    0.00
 123686.653    -3.015     0.00    0.00
 124065.498    -3.015     0.00    0.00
 124444.431    -3.015     0.00    0.00
 124823.453    -3.015     0.00    0.00
 125202.562    -3.015     0.00    0.00
 125581.760    -3.015     0.00    0.00
 125961.046    -3.015     0.00    0.00
 126340.420    -3.015     0.00    0.00
 126719.883    -3.015     0.00    0.00
 127099.434    -3.015     0.00    0.00
 127479.074    -3.015     0.00    0.00
 127858.802    -3.015     0.00    0.00
 128238.619    -3.015     0.00    0.00
 128618.525    -3.015     0.00    0.00
 128998.519    -3.015     0.00    0.00
 129378.603    -3.015     0.00    0.00
 129758.775    -3.015     0.00    0.00
 130139.036    -3.015     0.00    0.00
 130519.386    -3.015     0.00    0.00
 130899.825    -3.015     0.00    0.00
 131280.353    -3.015     0.00    0.00
 131660.971    -3.015     0.00    0.00
 132041.677    -3.015     0.00    0.00
 132422.473    -3.015     0.00    0.00
 132803.359    -3.015     0.00    0.00
 133184.334    -3.015     0.00    0.00
 133565.398    -3.015     0.00    0.00
 133946.552    -3.015     0.00    0.00
 134327.795    -3.015     0.00    0.00
 134709.128    -3.015     0.00    0.00
 135090.551    -3.015     0.00    0.00
 135472.064    -3.015     0.00    0.00
 135853.667    -3.015     0.00    0.00
 136225.798    -3.015     0.00    0.00
 136590.498    -3.015     0.00    0.00
 136955.279    -3.015     0.00    0.00
 137320.140    -3.015     0.00    0.00
 137685.081    -3.015     0.00    0.00
 138050.104    -3.015     0.00    0.00
 138415.207    -3.015     0.00    0.00
 138780.391    -3.015     0.00    0.00
 139145.656    -3.015     0.00    0.00
 139511.002    -3.015     0.00    0.00
 139876.429    -3.015     0.00    0.00
 140241.937    -3.015     0.00    0.00
 140607.526    -3.015     0.00    0.00
 140973.197    -3.015     0.00    0.00
 141338.948    -3.015     0.00    0.00
 141704.781    -3.015     0.00    0.00
 142070.695    -3.015     0.00    0.00
 142436.690    -3.015     0.00    0.00
 142802.767    -3.015     0.00    0.00
 143168.926    -3.015     0.00    0.00
 143535.165    -3.015     0.00    0.00
 143901.487    -3.015     0.00    0.00
 144267.890    -3.015     0.00    0.00
 144634.375    -3.015     0.00    0.00
 145000.941    -3.015     0.00    0.00
 145367.590    -3.015     0.00    0.00
 145734.320    -3.015     0.00    0.00
 146101.132    -3.015     0.00    0.00
 146468.026    -3.015     0.00    0.00
 146835.002    -3.015     0.00    0.00
 147202.060    -3.015     0.00    0.00
 147569.200    -3.015     0.00    0.00
 147936.423    -3.015     0.00    0.00
 148303.728    -3.015     0.00    0.00
 148671.114    -3.015     0.00    0.00
 149038.584    -3.015     0.00    0.00
 149406.136    -3.015     0.00    0.00
 149773.770    -3.015     0.00    0.00
 150141.486    -3.015     0.00    0.00
 150509.286    -3.015     0.00    0.00
 150877.168    -3.015     0.00    0.00
 151245.132    -3.015     0.00    0.00
 151613.180    -3.015     0.00    0.00
 151981.310    -3.015     0.00    0.00
 152349.523    -3.015     0.00    0.00
 152717.818    -3.015     0.00    0.00
 153086.197    -3.015     0.00    0.00
 153454.659    -3.015     0.00    0.00
 153823.204    -3.015     0.00    0.00
 154191.832    -3.015     0.00    0.00
 154560.543    -3.015     0.00    0.00
 154929.338    -3.015     0.00    0.00
 155298.215    -3.015     0.00    0.00
 155667.176    -3.015     0.00    0.00
 156036.221    -3.015     0.00    0.00
 156405.349    -3.015     0.00    0.00
 156774.560    -3.015     0.00    0.00
 157143.855    -3.015     0.00    0.00
 157513.234    -3.015     0.00    0.00
 157882.696    -3.015     0.00    0.00
 158252.242    -3.015     0.00    0.00
 158621.872    -3.015     0.00    0.00
 158991.585    -3.015     0.00    0.00
 159361.383    -3.015     0.00    0.00
 159731.265    -3.015     0.00    0.00
 160101.230    -3.015     0.00    0.00
 160471.280    -3.015     0.00    0.00
 160841.414    -3.015     0.00    0.00
 161211.632    -3.015     0.00    0.00
 161581.934    -3.015     0.00    0.00
 161952.320    -3.015     0.00    0.00
 162322.791    -3.015     0.00    0.00
 162693.346    -3.015     0.00    0.00
 163063.986    -3.015     0.00    0.00
 163434.711    -3.015     0.00    0.00
 163805.519    -3.015     0.00    0.00
 164176.413    -3.015     0.00    0.00
 164547.391    -3.015     0.00    0.00
 164918.454    -3.015     0.00    0.00
 165289.602    -3.015     0.00    0.00
 165660.835    -3.015     0.00    0.00
 166032.152    -3.015     0.00    0.00
 166403.555    -3.015     0.00    0.00
 166775.043    -3.015     0.00    0.00
 167146.616    -3.015     0.00    0.00
 167518.274    -3.015     0.00    0.00
 167890.017    -3.015     0.00    0.00
 168261.845    -3.015     0.00    0.00
 168633.759    -3.015     0.00    0.00
 169005.758    -3.015     0.00    0.00
 169377.843    -3.015     0.00    0.00
 169750.013    -3.015     0.00    0.00
 170122.269    -3.015     0.00    0.00
 170494.610    -3.015     0.00    0.00
 170867.037    -3.015     0.00    0.00
 171239.550    -3.015     0.00    0.00
 171612.149    -3.015     0.00    0.00
 171984.833    -3.015     0.00    0.00
 172357.604    -3.015     0.00    0.00
 172730.460    -3.015     0.00    0.00
 173103.402    -3.015     0.00    0.00
 173476.431    -3.015     0.00    0.00
 173849.546    -3.015     0.00    0.00
 174222.747    -3.015     0.00    0.00
 174596.034    -3.015     0.00    0.00
 174969.407    -3.015     0.00    0.00
 175342.867    -3.015     0.00    0.00
 175716.414    -3.015     0.00    0.00
 176090.047    -3.015     0.00    0.00
 176463.766    -3.015     0.00    0.00
 176837.572    -3.015     0.00    0.00
 177211.465    -3.015     0.00    0.00
 177585.444    -3.015     0.00    0.00
 177959.511    -3.015     0.00    0.00
 178333.664    -3.015     0.00    0.00
 178707.904    -3.015     0.00    0.00
 179082.231    -3.015     0.00    0.00
 179456.646    -3.015     0.00    0.00
 179831.147    -3.015     0.00    0.00
 180205.735    -3.015     0.00    0.00
 180580.411    -3.015     0.00    0.00
 180955.174    -3.015     0.00    0.00
 181330.025    -3.015     0.00    0.00
 181704.962    -3.015     0.00    0.00
 182079.988    -3.015     0.00    0.00
 182455.100    -3.015     0.00    0.00
 182830.301    -3.015     0.00    0.00
 183205.589    -3.015     0.00    0.00
 183580.964    -3.015     0.00    0.00
 183956.428    -3.005     0.03    0.10
 184331.979    -0.617     6.36    5.17
 184707.619     2.966     9.54    6.85
 185083.346     4.589     4.32    6.96
 185459.161     4.079    -1.36    7.05
 185835.064     0.822    -8.67    6.30
 186211.056    -2.148    -7.90    3.22
 186587.135    -3.015    -2.30    0.00
 186963.303    -3.015     0.00    0.00
 187339.560    -3.015     0.00    0.00
 187715.904    -3.015     0.00    0.00
 188092.337    -3.015     0.00    0.00
 188468.859    -3.015     0.00    0.00
 188845.469    -3.015     0.00    0.00
 189222.168    -3.015     0.00    0.00
 189598.955    -3.015     0.00    0.00
 189975.832    -3.015     0.00    0.00
 190352.797    -3.015     0.00    0.00
 190729.851    -3.015     0.00    0.00
 191106.993    -3.015     0.00    0.00
 191484.225    -3.015     0.00    0.00
 191861.546    -3.015     0.00    0.00
 192238.956    -3.015     0.00    0.00
 192616.456    -3.015     0.00    0.00
 192994.044    -2.861     0.41    1.04
 193371.722    -1.891     2.57    3.78
 193749.489    -1.146     1.97    5.00
 194127.346    -0.923     0.59    5.17
