# NaN NaN NaN ;Mean Elev.(m), Avg Gradient(m/km), RMS Gradient(m/km) - SRTM1     
#    0.255  -0.483   6.991 ;Mean Elev.(m), Avg Gradient(m/km), RMS Gradient(m/km) - ASTER GDEM
#    3.336  -0.182   8.328 ;Mean Elev.(m), Avg Gradient(m/km), RMS Gradient(m/km) - GMTED2010 
  8  52.299552  67.140012     3.486     3.486  2 52492.32914389 19.818
 12  52.302707  67.139322     4.627     4.627  2 52632.32913181 17.749
 13  52.294541  67.142772     4.551     4.551  2 52667.32915040 14.077
 14  52.309829  67.136394     3.718     3.718  2 52702.32912286  9.840
 15  52.293120  67.143361    31.840    31.277  3 52737.32916392  6.196
 16  52.287355  67.144897     4.225     4.410  3 52772.32913026 30.592
 18  52.303120  67.138937     6.934     6.934  2 52842.32924618 15.039
 19  52.296409  67.139160     4.418     4.418  2 52877.32928487 25.422
 20  52.291833  67.141746    31.431    31.431  2 52912.32924296 12.767
 23  52.288383  67.143573     5.497     5.726  3 53017.32923130 15.317
 25  52.282656  67.146421    31.358    31.216  3 53087.32924751 12.405
 27  52.295295  67.142626    20.166    20.166  2 53157.32927399 26.035
 28  52.296685  67.139439     5.730     5.730  2 53192.32926740 46.733
 29  52.294623  67.141519     5.109     6.927  3 53227.32926745 17.051
 30  52.282747  67.146008    19.031    19.031  2 53262.32924022 18.752
 31  52.292832  67.140982    31.246    31.246  2 53297.32927749 19.465
 32  52.296401  67.142448     2.736     2.736  2 53332.32924901 24.784
 33  52.289045  67.146006    31.312    31.312  2 53367.32919359 18.560
 34  52.297939  67.138726     5.348     5.348  2 53402.32922289 14.441
 35  52.290032  67.144790    13.638     5.453  3 53437.32921113 15.096
 36  52.296184  67.138595    31.246    31.246  2 53472.32926532  8.570
 37  52.293748  67.142490    18.488    18.488  2 53507.32929387 33.690
 38  52.292375  67.143286     6.588     7.371  3 53542.32930128 23.040
 39  52.288217  67.144655     5.645     7.018  3 53577.32928789 23.881
 40  52.282012  67.145079     4.718     4.718  2 53612.32924032 19.570
 41  52.303074  67.137907     3.367     3.367  2 53647.32924588 21.816
 42  52.289378  67.144790     4.474     4.451  3 53682.32926070 45.917
 43  52.291118  67.144887     2.665     2.711  3 53717.32918801 37.175
 44  52.309097  67.136017     4.095     4.095  2 53752.32910868 12.920
 45  52.296097  67.142254     4.179     4.179  2 53787.32913808 12.347
 46  52.312120  67.134284     3.661     3.661  2 53822.32909323 11.563
 47  52.296534  67.140552     4.206     5.008  3 53857.32918431 16.069
 48  52.299583  67.137836     8.081     8.081  2 53892.32919812 28.972
 49  52.289804  67.144267     5.013     5.013  2 53927.32925724 24.420
 50  52.284069  67.144628     6.007     6.717  3 53962.32924139 30.422
 52  52.303707  67.139477     2.679     2.679  2 54032.32923753 35.459
 54  52.287963  67.146843     2.632     2.602  3 54102.32919084 14.916
 55  52.299596  67.137885    18.287    18.287  2 54137.32916000 12.286
 56  52.290101  67.145697     3.610     4.001  3 54172.32916816 13.171
 58  52.295440  67.140911     8.112     8.117  3 54242.32919735 50.206
 59  52.296590  67.141777     7.114     7.114  2 54277.32921120 34.597
 60  52.295365  67.141043     4.048     4.109  3 54312.32921210 41.490
 61  52.286648  67.144318    23.136    30.522  3 54347.32918415 22.885
 63  52.289436  67.143012     3.658     3.698  3 54417.32913362 43.911
 65  52.294556  67.140722    18.794    18.794  2 54487.32913120 12.277
 66  52.301412  67.140103    17.804    17.804  2 54522.32913199 12.645
 67  52.288960  67.143806     8.333     7.782  3 54557.32914092  3.978
 68  52.297314  67.141578    17.344    17.344  2 54592.32912771 10.057
 69  52.293008  67.141916     9.444     9.444  2 54627.32914333 46.837
 70  52.293596  67.140545     6.881     6.881  2 54662.32915116 19.128
 71  52.289128  67.143304     5.454     6.598  3 54697.32912597 20.346
 73  52.294699  67.141672    17.507    17.507  2 54767.32910552 23.211
 75  52.294660  67.141435     4.524     4.524  2 54837.32909807 13.649
 76  52.300020  67.138332     5.303     5.303  2 54872.32910070 13.195
 77  52.284398  67.144163     6.402     6.402  2 54907.32910558 17.747
 78  52.298947  67.138708    31.138    31.138  2 54942.32909339 14.049
 79  52.295295  67.142109     7.703     7.703  2 54977.32912055 30.441
 81  52.296328  67.140893     6.011     6.355  3 55047.32912078 16.542
 82  52.288026  67.146636     5.181     6.338  3 55082.32909155 20.132
 83  52.302043  67.139767     4.187     4.187  2 55117.32905283 34.938
 84  52.293066  67.143389     2.436     2.137  3 55152.32905017 41.899
 86  52.292587  67.142656     4.756     4.756  2 55222.32904897 15.289
 87  52.300127  67.141129     3.869     3.869  2 55257.32903577 13.716
 88  52.287461  67.145232    31.198    31.174  3 55292.32903658 10.821
 89  52.294943  67.142193     7.881     7.881  2 55327.32901953 49.224
 90  52.290926  67.142920    19.096    19.096  2 55362.32901566 18.570
 91  52.299368  67.138301     2.669     2.669  2 55397.32902389 34.335
 93  52.285313  67.145548    19.128    19.128  2 55467.32898964 17.423
