# NaN NaN NaN ;Mean Elev.(m), Avg Gradient(m/km), RMS Gradient(m/km) - SRTM1     
#   23.943     NaN     NaN ;Mean Elev.(m), Avg Gradient(m/km), RMS Gradient(m/km) - ASTER GDEM
#   36.867  -6.168   7.026 ;Mean Elev.(m), Avg Gradient(m/km), RMS Gradient(m/km) - GMTED2010 
  9    45.233 52547.30939166 24.12  58.529784  66.264250  9.382
  9    47.576 52547.30939231 22.22  58.526524  66.261170  9.382
  9    47.494 52547.30939295 24.21  58.523274  66.258080  9.382
 10    37.380 52582.30940128 36.61  58.524377  66.266656 22.152
 10    37.280 52582.30940193 33.19  58.521127  66.263576 22.152
 12    46.598 52652.30934912  9.14  58.530738  66.262991  2.702
 12    46.669 52652.30934976  9.40  58.527488  66.259901  2.702
 13    54.012 52687.30934438  7.05  58.517370  66.271621  3.507
 13    52.650 52687.30934502  7.11  58.514120  66.268541  3.507
 14    54.824 52722.30939259  6.52  58.522590  66.267529  4.838
 14    53.598 52722.30939323  6.78  58.519330  66.264449  4.838
 19    45.324 52897.30950854 24.68  58.521185  66.273486 14.222
 19    38.974 52897.30950918 25.59  58.517925  66.270406 14.222
 19    37.785 52897.30950983 36.21  58.514665  66.267316 14.222
 21    37.393 52967.30946058 24.05  58.528015  66.261440  9.822
 21    37.314 52967.30946123 31.98  58.524765  66.258350  9.822
 22    44.846 53002.30948459 18.37  58.519883  66.274528  6.146
 22    44.018 53002.30948523 18.87  58.516623  66.271448  6.146
 22    37.107 53002.30948587 19.15  58.513363  66.268358  6.146
 23    43.937 53037.30943354 13.87  58.513459  66.275921  6.198
 23    37.791 53037.30943418 16.53  58.510209  66.272841  6.198
 24    53.260 53072.30945897 10.12  58.523120  66.271293  3.387
 24    55.925 53072.30945961  9.80  58.519860  66.268213  3.387
 24    56.782 53072.30946026  9.41  58.516610  66.265123  3.387
 25    61.614 53107.30943366  4.61  58.513044  66.279628  3.095
 25    73.949 53107.30943430  4.30  58.509794  66.276548  3.095
 26    51.277 53142.30946837 13.07  58.525928  66.265277  3.756
 26    46.342 53142.30946901 14.05  58.522671  66.262195  2.896
 27    45.577 53177.30949274 24.84  58.523609  66.267311 18.457
 27    50.125 53177.30949339 22.92  58.520359  66.264221 18.457
 28    36.865 53212.30951229 50.05  58.520997  66.270448 39.870
 28    36.889 53212.30951293 49.84  58.517737  66.267358 39.870
 29    45.207 53247.30948037 23.90  58.520554  66.274022 25.045
 29    43.753 53247.30948101 21.41  58.517294  66.270932 25.045
 29    37.794 53247.30948166 33.86  58.514044  66.267852 25.045
 30    37.677 53282.30947034 47.32  58.529336  66.265789 16.538
 30    37.644 53282.30947099 49.49  58.526072  66.262710 23.808
 30    37.661 53282.30947163 49.43  58.522812  66.259630 23.808
 31    38.056 53317.30947517 40.75  58.525282  66.264831 20.864
 31    38.041 53317.30947581 33.68  58.522022  66.261751 20.864
 32    44.667 53352.30943957 15.07  58.522962  66.272165  5.047
 32    44.083 53352.30944022 15.42  58.519702  66.269085  5.047
 32    44.443 53352.30944086 16.11  58.516452  66.266005  5.047
 33    44.881 53387.30943256 14.60  58.528348  66.262090  4.230
 33    45.027 53387.30943321 15.28  58.525090  66.259011  7.416
 33    37.111 53387.30943385 17.44  58.521840  66.255931  7.416
 34    45.835 53422.30943344 10.55  58.526209  66.266802  3.055
 34    47.049 53422.30943408  9.59  58.522949  66.263722  3.055
 36    51.895 53492.30952333  7.12  58.520917  66.270982  3.140
 36    69.781 53492.30952398  5.25  58.517657  66.267892  3.140
 38    39.008 53562.30953192 46.41  58.517684  66.275505 17.313
 38    39.115 53562.30953256 47.69  58.514424  66.272425 17.313
 39    36.690 53597.30947197 53.17  58.521570  66.272658 30.898
 39    36.697 53597.30947262 52.62  58.518310  66.269578 30.898
 39    36.787 53597.30947326 44.69  58.515060  66.266488 30.898
 40    45.507 53632.30946824 23.45  58.529558  66.264640 18.667
 40    46.549 53632.30946889 19.88  58.526298  66.261550 18.667
 40    47.365 53632.30946953 18.32  58.523046  66.258471  8.388
 41    38.199 53667.30949022 46.47  58.520069  66.269116 20.726
 41    37.897 53667.30949087 48.53  58.516809  66.266036 20.726
 42    37.791 53702.30943631 45.68  58.523931  66.271434 16.146
 42    37.480 53702.30943696 46.08  58.520671  66.268354 16.146
 42    37.522 53702.30943760 39.74  58.517421  66.265274 16.146
 43    44.465 53737.30934536 21.64  58.516408  66.277059  6.907
 43    43.958 53737.30934601 21.77  58.513148  66.273969  6.907
 44    43.679 53772.30935653 15.16  58.529710  66.264940  4.195
 44    41.848 53772.30935717 16.09  58.526450  66.261860  4.195
 44    41.209 53772.30935782 14.85  58.523190  66.258780  4.195
 45    45.058 53807.30934442 10.38  58.517501  66.272104  3.531
 45    45.147 53807.30934507 10.67  58.514251  66.269024  3.531
 47    39.832 53877.30941423 40.46  58.526006  66.263882 18.242
 47    39.699 53877.30941487 39.66  58.522756  66.260792 18.242
 48    44.513 53912.30946417 22.38  58.522233  66.271079 22.019
 48    38.660 53912.30946481 23.75  58.518973  66.267989 22.019
 49    45.530 53947.30947917 22.85  58.517417  66.275458 10.038
 49    52.308 53947.30947982 18.61  58.514157  66.272368 10.038
 50    38.099 53982.30942267 48.84  58.516104  66.273193 17.503
 50    36.355 53982.30942332 46.94  58.512854  66.270103 17.503
 52    46.372 54052.30944660 18.97  58.527500  66.263321  7.312
 52    44.061 54052.30944725 19.89  58.524250  66.260241  7.312
 52    47.332 54052.30944789 19.83  58.520990  66.257151  7.312
 53    44.275 54087.30943697 19.71  58.522158  66.272783  7.612
 53    38.484 54087.30943762 20.50  58.518898  66.269693  7.612
 53    38.199 54087.30943826 20.84  58.515648  66.266613  7.612
 55    51.640 54157.30939905 10.31  58.522754  66.269041  3.594
 55    51.929 54157.30939970 10.38  58.519494  66.265961  3.594
 56    56.097 54192.30935952 12.08  58.515213  66.277489  3.170
 56    58.461 54192.30936016 11.47  58.511963  66.274409  3.170
 57    39.646 54227.30941080 30.55  58.524184  66.267859 15.174
 57    39.575 54227.30941144 31.33  58.520924  66.264779 15.174
 58    49.507 54262.30943015 20.03  58.523602  66.266835 11.387
 58    47.594 54262.30943080 23.74  58.520342  66.263755 11.387
 59    44.388 54297.30943464 22.22  58.522471  66.269601 20.353
 59    47.100 54297.30943528 21.66  58.519211  66.266521 20.353
 60    38.790 54332.30942520 33.90  58.518501  66.269434 14.725
 60    37.872 54332.30942584 37.21  58.515241  66.266354 14.725
 61    38.655 54367.30936555 42.95  58.515227  66.275633 17.957
 61    37.995 54367.30936619 46.48  58.511977  66.272553 17.957
 62    45.605 54402.30936779 22.43  58.523169  66.270211 14.468
 62    50.985 54402.30936844 18.27  58.519909  66.267121 14.468
 63    37.931 54437.30932438 25.97  58.517690  66.274384 12.792
 63    37.885 54437.30932503 27.96  58.514430  66.271304 12.792
 64    46.525 54472.30935357 16.12  58.528450  66.265478  3.537
 64    46.004 54472.30935421 16.21  58.525200  66.262398  3.537
 64    46.657 54472.30935486 15.66  58.521940  66.259318  3.537
 65    45.848 54507.30933592 10.92  58.515959  66.274815  3.696
 65    46.495 54507.30933656 10.22  58.512699  66.271735  3.696
 66    52.575 54542.30936767  8.56  58.523693  66.268948  3.520
 66    53.848 54542.30936831  8.20  58.520443  66.265868  3.520
 67    37.474 54577.30933748 24.00  58.516895  66.277057 11.834
 67    36.995 54577.30933812 27.25  58.513635  66.273967 11.834
 68    40.109 54612.30935885 31.98  58.521854  66.268061 25.731
 68    40.111 54612.30935949 36.99  58.518594  66.264971 25.731
 69    49.985 54647.30936598 15.27  58.521642  66.268345 19.535
 69    47.368 54647.30936663 24.30  58.518382  66.265255 19.535
 70    37.371 54682.30936615 51.84  58.520560  66.270970 27.151
 70    37.381 54682.30936679 52.24  58.517300  66.267890 27.151
 71    45.503 54717.30931376 21.91  58.515531  66.275019 13.281
 71    44.943 54717.30931441 20.66  58.512281  66.271939 13.281
 73    37.510 54787.30930446 41.62  58.517082  66.272948 18.916
 73    38.525 54787.30930510 39.80  58.513832  66.269868 18.916
 74    43.972 54822.30933353 15.36  58.525360  66.264400  5.737
 74    42.969 54822.30933417 16.20  58.522102  66.261317  5.261
 75    45.898 54857.30930035  8.60  58.518501  66.272757  2.988
 75    46.495 54857.30930100  8.07  58.515241  66.269677  2.988
 76    48.985 54892.30933528  8.72  58.521808  66.272438  5.663
 76    50.349 54892.30933592  8.53  58.518548  66.269348  5.663
 76    51.236 54892.30933657  8.49  58.515298  66.266268  5.663
 77    46.141 54927.30929776 14.01  58.514373  66.277381  3.606
 77    46.910 54927.30929840 13.31  58.511123  66.274291  3.606
 78    36.705 54962.30933464 17.81  58.524773  66.268676 10.913
 78    36.665 54962.30933528 19.10  58.521513  66.265586 10.913
 79    44.620 54997.30935559 52.13  58.520738  66.270248 25.755
 79    44.566 54997.30935624 51.28  58.517488  66.267158 25.755
 80    45.361 55032.30934517 18.10  58.521422  66.270230 20.330
 80    48.666 55032.30934582 19.10  58.518172  66.267140 20.330
 81    45.074 55067.30933349 23.79  58.520332  66.272543 26.063
 81    37.935 55067.30933414 30.00  58.517072  66.269463 26.063
 82    45.125 55102.30927284 21.41  58.512682  66.276762 12.510
 82    44.890 55102.30927349 19.29  58.509432  66.273672 12.510
 83    37.181 55137.30928101 25.50  58.523915  66.266957 15.297
 83    45.099 55137.30928165 26.52  58.520665  66.263867 15.297
 84    44.897 55172.30924136 16.62  58.517733  66.274532  6.024
 84    44.952 55172.30924200 15.31  58.514473  66.271452  6.024
 85    44.096 55207.30927506 13.38  58.525171  66.266343  5.046
 85    43.657 55207.30927571 12.74  58.521911  66.263253  5.046
 86    45.702 55242.30924600 12.18  58.516148  66.276993  3.483
 86    45.511 55242.30924664 12.03  58.512898  66.273903  3.483
 87    46.571 55277.30926813 10.40  58.520620  66.271825  3.372
 87    50.000 55277.30926877  9.87  58.517370  66.268735  3.372
 88    44.122 55312.30923133 24.40  58.516242  66.274754 17.397
 88    36.972 55312.30923198 29.13  58.512992  66.271664 17.397
 89    45.585 55347.30923803 20.53  58.523129  66.271253 18.452
 89    49.726 55347.30923868 15.88  58.519879  66.268173 18.452
 89    47.838 55347.30923932 22.71  58.516619  66.265083 18.452
 90    39.056 55382.30922911 51.50  58.521058  66.273176 30.025
 90    38.985 55382.30922976 50.96  58.517798  66.270096 30.025
 90    39.032 55382.30923040 44.15  58.514538  66.267006 30.025
 92    38.505 55452.30923932 40.48  58.517195  66.271471 20.287
 92    38.439 55452.30923996 34.32  58.513945  66.268391 20.287
 93    39.067 55487.30916103 38.19  58.514519  66.276480 20.259
 93    39.073 55487.30916168 41.58  58.511259  66.273400 20.259
