# NaN NaN NaN ;Mean Elev.(m), Avg Gradient(m/km), RMS Gradient(m/km) - SRTM1     
#    2.434   0.099   4.363 ;Mean Elev.(m), Avg Gradient(m/km), RMS Gradient(m/km) - ASTER GDEM
#    0.001   0.047   3.687 ;Mean Elev.(m), Avg Gradient(m/km), RMS Gradient(m/km) - GMTED2010 
  7     7.942 52473.32697253 21.70  54.230335  68.171898 10.157
  7     7.964 52473.32697317 20.97  54.226555  68.168858 10.157
  7     7.869 52473.32697382 19.12  54.222785  68.165818 10.157
  7     7.628 52473.32697446 17.60  54.219015  68.162778 10.157
  7     6.745 52473.32697511 17.87  54.215235  68.159738 10.157
  7     6.259 52473.32697575 19.50  54.211465  68.156698 10.157
  7     0.273 52473.32697640 23.91  54.207695  68.153658 10.157
  7     0.273 52473.32697704 22.74  54.203925  68.150608 10.157
  7     9.961 52473.32697769 15.55  54.200155  68.147568 10.157
  7    10.090 52473.32697833 14.31  54.196385  68.144528 10.157
  7    11.518 52473.32697897 13.22  54.192625  68.141488 10.157
  7     9.285 52473.32697962 14.77  54.188855  68.138448 10.157
  7     9.367 52473.32698026 13.93  54.185085  68.135408 10.157
  7     9.449 52473.32698091 12.90  54.181325  68.132368 10.157
  7     9.344 52473.32698155 14.43  54.177566  68.129321  7.454
  7     7.132 52473.32698220 16.47  54.173796  68.126281  7.454
  7     4.022 52473.32698284 18.65  54.170036  68.123241  7.454
  7    10.049 52473.32698349 18.29  54.166276  68.120191  7.454
  7    -0.245 52473.32698413 17.90  54.162516  68.117151  7.454
  7    -0.181 52473.32698478 17.70  54.158756  68.114111  7.454
  7    -0.005 52473.32698542 17.52  54.155006  68.111071  7.454
  7    -0.004 52473.32698607 17.69  54.151246  68.108031  7.454
  7     0.013 52473.32698671 17.01  54.147486  68.104981  7.454
  7    -0.017 52473.32698736 18.27  54.143736  68.101941  7.454
  7     0.076 52473.32698800 19.03  54.139976  68.098901  7.454
  8     7.998 52508.32694215 22.17  54.228476  68.170661 11.238
  8     8.030 52508.32694279 20.83  54.224696  68.167621 11.238
  8     7.913 52508.32694344 19.04  54.220926  68.164581 11.238
  8     7.489 52508.32694408 18.37  54.217156  68.161541 11.238
  8     6.343 52508.32694472 22.68  54.213386  68.158501 11.238
  8     6.080 52508.32694537 21.75  54.209606  68.155461 11.238
  8     0.540 52508.32694601 25.12  54.205846  68.152421 11.238
  8     9.505 52508.32694666 22.85  54.202076  68.149381 11.238
  8    10.279 52508.32694730 17.25  54.198306  68.146331 11.238
  8    12.081 52508.32694795 14.28  54.194536  68.143291 11.238
  8     9.440 52508.32694859 21.08  54.190776  68.140251 11.238
  8     9.355 52508.32694924 19.33  54.187006  68.137211 11.238
  8     9.527 52508.32694988 17.56  54.183246  68.134171 11.238
  8     9.527 52508.32695053 18.23  54.179476  68.131121 11.238
  8     9.896 52508.32695117 15.93  54.175716  68.128081 11.238
  8    10.243 52508.32695182 15.11  54.171960  68.125039  4.512
  8    10.984 52508.32695246 14.62  54.168200  68.121999  4.512
  8    11.790 52508.32695311 14.98  54.164440  68.118959  4.512
  8    12.204 52508.32695375 15.42  54.160680  68.115919  4.512
  8     9.426 52508.32695439 16.37  54.156920  68.112869  4.512
  8     8.800 52508.32695504 17.68  54.153160  68.109829  4.512
  8     0.340 52508.32695568 17.49  54.149410  68.106789  4.512
  8    10.476 52508.32695633 15.10  54.145650  68.103749  4.512
  8    10.619 52508.32695697 15.02  54.141900  68.100699  4.512
  8    10.158 52508.32695762 15.88  54.138150  68.097659  4.512
  9    14.166 52543.32694111 17.60  54.179949  68.109243 22.444
  9    14.662 52543.32694175 16.29  54.176199  68.106203 22.444
  9     0.885 52543.32694240 23.80  54.172439  68.103163 22.444
  9     0.757 52543.32694304 28.52  54.168679  68.100123 22.444
 10     0.530 52578.32697941 37.79  54.222509  68.161036 17.886
 10     0.596 52578.32698198 37.99  54.207427  68.148872 37.448
 10     0.631 52578.32698263 42.35  54.203657  68.145822 37.448
 10     0.475 52578.32698327 39.62  54.199887  68.142782 37.448
 10     0.584 52578.32698392 41.25  54.196117  68.139742 37.448
 10     0.497 52578.32698585 41.93  54.184827  68.130622 37.448
 10     0.480 52578.32698650 40.87  54.181067  68.127582 37.448
 10     0.515 52578.32698714 44.44  54.177297  68.124532 37.448
 10     0.555 52578.32698843 42.00  54.169777  68.118452 37.448
 10     0.575 52578.32698908 41.32  54.166017  68.115412 37.448
 10     0.508 52578.32698972 42.01  54.162257  68.112372 37.448
 10     0.399 52578.32699101 39.67  54.154747  68.106282 37.448
 10     0.456 52578.32699165 42.30  54.150987  68.103242 37.448
 10     0.537 52578.32699230 38.66  54.147227  68.100202 37.448
 10     0.519 52578.32699294 39.90  54.143477  68.097152 37.448
 10     0.475 52578.32699359 39.08  54.139727  68.094112 37.448
 11     0.109 52613.32694005 16.25  54.239154  68.184637  3.169
 11     0.262 52613.32694069 15.78  54.235374  68.181597  3.169
 11     0.231 52613.32694134 16.87  54.231594  68.178557  3.169
 11     0.382 52613.32694198 16.17  54.227824  68.175517  3.169
 11     0.244 52613.32694263 16.23  54.224044  68.172477  3.169
 11     0.272 52613.32694327 15.88  54.220274  68.169437  3.169
 11     0.276 52613.32694392 16.25  54.216494  68.166397  3.169
 11     0.224 52613.32694456 16.65  54.212724  68.163357  3.169
 11     0.253 52613.32694521 16.51  54.208954  68.160307  3.169
 11     0.275 52613.32694585 16.51  54.205184  68.157267  3.169
 11     0.144 52613.32694650 16.95  54.201414  68.154227  3.169
 11     0.214 52613.32694714 16.74  54.197644  68.151187  3.169
 11     0.294 52613.32694779 16.80  54.193874  68.148147  3.169
 11     0.236 52613.32694843 16.74  54.190114  68.145107  3.169
 11     0.110 52613.32694908 16.88  54.186344  68.142064  3.664
 11     0.308 52613.32694972 16.83  54.182574  68.139024  3.664
 11     0.263 52613.32695036 17.37  54.178814  68.135984  3.664
 11     0.358 52613.32695101 17.57  54.175054  68.132934  3.664
 11     0.236 52613.32695165 16.95  54.171294  68.129894  3.664
 11     0.176 52613.32695230 18.17  54.167524  68.126854  3.664
 11     0.298 52613.32695294 17.60  54.163764  68.123814  3.664
 11     0.305 52613.32695359 17.84  54.160004  68.120774  3.664
 11     0.298 52613.32695423 18.18  54.156254  68.117724  3.664
 11     0.346 52613.32695488 17.84  54.152494  68.114684  3.664
 11     0.420 52613.32695552 17.43  54.148734  68.111644  3.664
 11     0.268 52613.32695617 17.27  54.144984  68.108604  3.664
 11     0.361 52613.32695681 17.22  54.141224  68.105554  3.664
 11     0.426 52613.32695746 17.24  54.137474  68.102514  3.664
 12     0.182 52648.32693644 12.74  54.173987  68.115449  3.211
 12    -0.041 52648.32693708 13.76  54.170227  68.112409  3.211
 12    -0.013 52648.32693773 13.57  54.166477  68.109359  3.211
 12     0.041 52648.32693966 13.03  54.155207  68.100239  3.211
 12     0.026 52648.32694031 13.05  54.151447  68.097189  3.211
 12    -0.018 52648.32694095 12.56  54.147697  68.094149  3.211
 12     0.292 52648.32694159 12.93  54.143947  68.091109  3.211
 13    -0.008 52683.32690138 10.39  54.231935  68.169345  2.589
 13    -0.029 52683.32690267 10.40  54.224395  68.163255  2.589
 13    -0.044 52683.32690331 10.62  54.220625  68.160215  2.589
 13     0.303 52683.32690524 10.50  54.209315  68.151095  2.589
 13     0.146 52683.32690589 10.50  54.205542  68.148054  3.135
 13    -0.090 52683.32690653 11.26  54.201772  68.145014  3.135
 13    -0.007 52683.32690718 10.90  54.198012  68.141974  3.135
 13     0.013 52683.32690782 10.59  54.194242  68.138924  3.135
 13     0.112 52683.32690911 10.68  54.186712  68.132844  3.135
 13     0.025 52683.32690976 11.19  54.182952  68.129804  3.135
 13     0.053 52683.32691040 10.97  54.179192  68.126764  3.135
 13     0.127 52683.32691169 11.18  54.171672  68.120674  3.135
 13     0.190 52683.32691234 11.38  54.167912  68.117634  3.135
 13     0.339 52683.32691298 11.49  54.164152  68.114594  3.135
 13     0.143 52683.32691363 11.79  54.160402  68.111554  3.135
 13     0.101 52683.32691492 11.55  54.152882  68.105464  3.135
 13     0.245 52683.32691556 10.75  54.149132  68.102424  3.135
 13     0.088 52683.32691620 10.47  54.145382  68.099374  3.135
 13     0.176 52683.32691685 10.87  54.141622  68.096334  3.135
 15     8.130 52753.32697795  6.18  54.239328  68.193145  2.880
 15     5.453 52753.32697859  6.18  54.235548  68.190105  2.880
 15    10.818 52753.32697924  6.12  54.231768  68.187065  2.880
 15     5.240 52753.32697988  6.46  54.227988  68.184025  2.880
 15     5.057 52753.32698053  7.09  54.224218  68.180985  2.880
 15     6.999 52753.32698117  7.04  54.220438  68.177945  2.880
 15     1.553 52753.32698182  7.52  54.216658  68.174905  2.880
 15     5.756 52753.32698246  7.40  54.212888  68.171865  2.880
 15     5.300 52753.32698311  7.24  54.209108  68.168825  2.880
 15     4.797 52753.32698375  7.74  54.205338  68.165785  2.880
 15     3.537 52753.32698440  7.76  54.201568  68.162745  2.880
 15     0.730 52753.32698504  7.67  54.197798  68.159695  2.880
 15     0.480 52753.32698569  7.82  54.194028  68.156655  2.880
 15     0.378 52753.32698633  8.06  54.190258  68.153615  2.880
 15     0.621 52753.32698698  7.52  54.186488  68.150575  2.880
 15     0.428 52753.32698762  8.07  54.182718  68.147535  2.880
 15     0.564 52753.32698826  7.39  54.178957  68.144491  3.537
 15     0.343 52753.32698891  7.93  54.175187  68.141451  3.537
 15     7.794 52753.32698955  7.11  54.171427  68.138411  3.537
 15     7.217 52753.32699020  7.34  54.167657  68.135361  3.537
 15     0.473 52753.32699084  7.65  54.163897  68.132321  3.537
 15     0.341 52753.32699149  7.99  54.160137  68.129281  3.537
 15     0.648 52753.32699213  7.53  54.156377  68.126241  3.537
 15     0.466 52753.32699278  8.49  54.152617  68.123201  3.537
 15     0.610 52753.32699342  8.71  54.148857  68.120151  3.537
 15     0.352 52753.32699407 10.28  54.145097  68.117111  3.537
 15     0.834 52753.32699471  8.67  54.141337  68.114071  3.537
 15     0.746 52753.32699536  9.49  54.137577  68.111031  3.537
 15     0.324 52753.32699600 11.60  54.133827  68.107981  3.537
 15     0.328 52753.32699665 10.83  54.130067  68.104941  3.537
 16    10.542 52788.32693992 23.03  54.181258  68.112911 18.054
 16    14.851 52788.32694056 15.85  54.177498  68.109871 18.054
 16    15.483 52788.32694121 16.51  54.173738  68.106831 18.054
 16    15.192 52788.32694185 19.33  54.169978  68.103791 18.054
 16     8.151 52788.32694250 21.96  54.166218  68.100741 18.054
 17     0.775 52823.32701138 53.19  54.177035  68.113492 45.699
 17     0.933 52823.32701202 52.19  54.173275  68.110452 45.699
 17     0.836 52823.32701267 52.90  54.169515  68.107412 45.699
 17     0.836 52823.32701331 54.72  54.165755  68.104372 45.699
 17     0.930 52823.32701654 52.28  54.146985  68.089162 45.699
 18    -0.281 52858.32705812 29.36  54.175691  68.112706 21.087
 18    -0.019 52858.32705876 28.00  54.171931  68.109666 21.087
 18     0.073 52858.32705941 31.40  54.168171  68.106626 21.087
 18    -0.127 52858.32706263 32.73  54.149391  68.091416 21.087
 18     0.081 52858.32706328 32.32  54.145641  68.088366 21.087
 19     7.881 52893.32707777 24.23  54.231722  68.171604 17.483
 19     8.172 52893.32707841 20.80  54.227942  68.168564 17.483
 19     0.877 52893.32707906 25.88  54.224172  68.165524 17.483
 19     7.728 52893.32707970 18.07  54.220392  68.162484 17.483
 19     6.455 52893.32708035 21.67  54.216622  68.159444 17.483
 19     6.022 52893.32708099 21.51  54.212852  68.156394 17.483
 19     0.636 52893.32708163 25.49  54.209082  68.153354 17.483
 19     0.734 52893.32708228 25.67  54.205312  68.150314 17.483
 19     9.872 52893.32708292 18.11  54.201542  68.147274 17.483
 19    10.019 52893.32708357 15.29  54.197772  68.144234 17.483
 19     9.781 52893.32708421 16.83  54.194012  68.141194 17.483
 19     9.378 52893.32708486 18.60  54.190238  68.138152  5.838
 19     9.572 52893.32708615 14.90  54.182708  68.132062  5.838
 19     9.437 52893.32708679 16.61  54.178948  68.129022  5.838
 19    10.114 52893.32708744 16.60  54.175188  68.125982  5.838
 19    10.529 52893.32708808 16.16  54.171428  68.122942  5.838
 19    10.805 52893.32708873 15.35  54.167658  68.119902  5.838
 19    10.302 52893.32708937 15.92  54.163898  68.116852  5.838
 19     0.437 52893.32709002 17.39  54.160148  68.113812  5.838
 19     3.882 52893.32709066 16.66  54.156388  68.110772  5.838
 19     0.285 52893.32709130 17.63  54.152628  68.107732  5.838
 19     0.078 52893.32709195 17.10  54.148878  68.104692  5.838
 19     0.042 52893.32709259 17.75  54.145118  68.101642  5.838
 19     0.010 52893.32709324 19.29  54.141368  68.098602  5.838
 20    12.953 52928.32702534 14.03  54.237378  68.189252  6.791
 20    11.506 52928.32702598 14.42  54.233598  68.186212  6.791
 20     9.194 52928.32702663 16.55  54.229818  68.183172  6.791
 20     8.433 52928.32702727 15.89  54.226038  68.180122  6.791
 20     7.805 52928.32702792 15.25  54.222268  68.177082  6.791
 20     7.460 52928.32702856 14.83  54.218488  68.174042  6.791
 20     8.037 52928.32702921 15.15  54.214718  68.171002  6.791
 20     7.394 52928.32702985 14.72  54.210948  68.167962  6.791
 20     6.546 52928.32703049 16.01  54.207168  68.164922  6.791
 20     5.307 52928.32703114 18.18  54.203398  68.161882  6.791
 20     0.581 52928.32703178 18.22  54.199628  68.158842  6.791
 20     5.235 52928.32703243 17.74  54.195858  68.155792  6.791
 20     0.749 52928.32703307 17.12  54.192098  68.152752  6.791
 20     8.585 52928.32703372 16.91  54.188328  68.149712  6.791
 20     8.565 52928.32703436 16.85  54.184558  68.146672  6.791
 20    -0.173 52928.32703501 21.31  54.180798  68.143632  6.791
 20    -1.441 52928.32703565 32.59  54.177028  68.140592  6.791
 20    -1.555 52928.32703630 33.10  54.173268  68.137542  6.791
 20     0.170 52928.32703694 26.04  54.169507  68.134500 22.670
 20     0.199 52928.32703759 27.15  54.165747  68.131460 22.670
 20     0.954 52928.32703823 26.55  54.161977  68.128420 22.670
 20     0.959 52928.32703888 36.23  54.158227  68.125380 22.670
 20     0.766 52928.32703952 37.45  54.154467  68.122330 22.670
 20     1.130 52928.32704016 35.50  54.150707  68.119290 22.670
 20     0.726 52928.32704081 42.31  54.146947  68.116250 22.670
 20     1.143 52928.32704145 38.13  54.143197  68.113210 22.670
 20     0.962 52928.32704210 39.27  54.139437  68.110160 22.670
 20     0.895 52928.32704274 33.15  54.135687  68.107120 22.670
 20     0.159 52928.32704339 36.95  54.131927  68.104080 22.670
 21     5.913 52963.32701945 22.23  54.181274  68.111048  3.660
 21     5.720 52963.32702010 23.12  54.177514  68.108008  3.660
 21     0.185 52963.32702074 22.91  54.173754  68.104968  3.660
 21     0.200 52963.32702138 23.15  54.169994  68.101928  3.660
 21     7.543 52963.32702203 23.21  54.166244  68.098878  3.660
 22     5.775 52998.32704577 15.57  54.231772  68.172292  2.655
 22     5.772 52998.32704642 15.62  54.227992  68.169252  2.655
 22     4.584 52998.32704771 15.61  54.220442  68.163172  2.655
 22     0.202 52998.32704835 16.05  54.216672  68.160122  2.655
 22     1.849 52998.32704900 16.24  54.212902  68.157082  2.655
 22     2.250 52998.32704964 16.13  54.209132  68.154042  2.655
 22     0.376 52998.32705029 15.87  54.205359  68.151008  3.322
 22     0.058 52998.32705093 15.85  54.201589  68.147958  3.322
 22     0.086 52998.32705158 16.29  54.197819  68.144918  3.322
 22     4.116 52998.32705222 15.28  54.194049  68.141878  3.322
 22     3.966 52998.32705286 15.74  54.190289  68.138838  3.322
 22     0.273 52998.32705415 15.85  54.182759  68.132758  3.322
 22     3.718 52998.32705480 15.86  54.178999  68.129708  3.322
 22     0.189 52998.32705544 16.13  54.175229  68.126668  3.322
 22     2.537 52998.32705609 16.03  54.171469  68.123628  3.322
 22     0.315 52998.32705673 16.33  54.167709  68.120588  3.322
 22     0.845 52998.32705738 16.24  54.163949  68.117548  3.322
 22     0.585 52998.32705802 16.08  54.160189  68.114508  3.322
 22     1.240 52998.32705867 15.60  54.156429  68.111458  3.322
 22     2.937 52998.32705931 16.07  54.152679  68.108418  3.322
 22     0.285 52998.32705996 16.10  54.148919  68.105378  3.322
 22     0.313 52998.32706060 16.20  54.145159  68.102338  3.322
 22     0.387 52998.32706125 15.54  54.141409  68.099288  3.322
 22     0.114 52998.32706189 15.79  54.137659  68.096248  3.322
 23    -0.302 53033.32699777 12.14  54.235800  68.185567  3.162
 23    -0.052 53033.32699842 13.01  54.232020  68.182527  3.162
 23    -0.065 53033.32699906 12.96  54.228240  68.179487  3.162
 23    -0.119 53033.32699971 13.44  54.224470  68.176447  3.162
 23    -0.030 53033.32700035 13.22  54.220690  68.173407  3.162
 23    -0.119 53033.32700099 13.16  54.216920  68.170367  3.162
 23    -0.228 53033.32700164 13.77  54.213140  68.167327  3.162
 23     2.260 53033.32700228 13.06  54.209370  68.164287  3.162
 23    -0.220 53033.32700293 13.31  54.205600  68.161247  3.162
 23    -0.150 53033.32700357 13.36  54.201830  68.158197  3.162
 23     0.432 53033.32700422 13.29  54.198060  68.155157  3.162
 23    -0.400 53033.32700486 13.48  54.194290  68.152117  3.162
 23    -0.358 53033.32700551 12.79  54.190530  68.149077  3.162
 23    -0.326 53033.32700615 12.74  54.186760  68.146037  3.162
 23    -0.501 53033.32700680 13.44  54.182999  68.142991  3.429
 23    -0.534 53033.32700744 13.46  54.179229  68.139951  3.429
 23    -0.446 53033.32700809 13.34  54.175469  68.136911  3.429
 23    -0.280 53033.32700873 12.92  54.171709  68.133861  3.429
 23    -0.388 53033.32700938 12.89  54.167939  68.130821  3.429
 23    -0.462 53033.32701002 13.30  54.164179  68.127781  3.429
 23    -0.257 53033.32701066 12.88  54.160419  68.124741  3.429
 23    -0.295 53033.32701131 13.41  54.156659  68.121701  3.429
 23    -0.039 53033.32701195 13.52  54.152909  68.118651  3.429
 23    -0.042 53033.32701260 13.46  54.149149  68.115611  3.429
 23     0.141 53033.32701324 13.20  54.145389  68.112571  3.429
 23     0.294 53033.32701389 12.84  54.141639  68.109531  3.429
 23     0.672 53033.32701453 12.98  54.137879  68.106481  3.429
 23     0.253 53033.32701518 12.67  54.134129  68.103441  3.429
 24     3.732 53068.32702535  8.79  54.173903  68.117100  2.778
 24     6.031 53068.32702599  8.97  54.170143  68.114060  2.778
 24     4.949 53068.32702664  9.18  54.166383  68.111020  2.778
 24     0.482 53068.32702857 10.15  54.155113  68.101890  2.778
 24     0.465 53068.32702921  9.90  54.151363  68.098850  2.778
 24     0.316 53068.32702986 10.31  54.147603  68.095800  2.778
 24     0.313 53068.32703050  9.88  54.143853  68.092760  2.778
 25    12.233 53103.32699902  7.61  54.237067  68.190202  2.868
 25    12.017 53103.32699966  8.17  54.233297  68.187162  2.868
 25     8.684 53103.32700031  8.72  54.229517  68.184112  2.868
 25     7.696 53103.32700095  8.90  54.225737  68.181072  2.868
 25     6.209 53103.32700160  9.22  54.221967  68.178032  2.868
 25     7.257 53103.32700224  9.26  54.218187  68.174992  2.868
 25     6.084 53103.32700289  9.41  54.214417  68.171952  2.868
 25     6.545 53103.32700353  9.06  54.210637  68.168912  2.868
 25     5.767 53103.32700418  9.29  54.206867  68.165872  2.868
 25     6.116 53103.32700482  9.41  54.203097  68.162832  2.868
 25     3.653 53103.32700547  9.44  54.199327  68.159792  2.868
 25     2.086 53103.32700611 10.03  54.195557  68.156742  2.868
 25     0.210 53103.32700675 10.01  54.191787  68.153702  2.868
 25     0.399 53103.32700740  9.87  54.188027  68.150662  2.868
 25     0.167 53103.32700804 10.16  54.184257  68.147622  2.868
 25     0.247 53103.32700869 10.28  54.180487  68.144582  2.868
 25     0.074 53103.32700933 10.12  54.176727  68.141532  2.868
 25     0.462 53103.32700998  9.99  54.172965  68.138492  2.801
 25     0.218 53103.32701062 10.17  54.169205  68.135452  2.801
 25     5.232 53103.32701127  9.71  54.165435  68.132412  2.801
 25     4.920 53103.32701191  9.97  54.161675  68.129372  2.801
 25     4.732 53103.32701256 10.07  54.157915  68.126322  2.801
 25     1.454 53103.32701320 10.15  54.154155  68.123282  2.801
 25     1.457 53103.32701385 10.38  54.150405  68.120242  2.801
 25     2.872 53103.32701449 10.33  54.146645  68.117202  2.801
 25     1.033 53103.32701514 10.35  54.142885  68.114152  2.801
 25     1.063 53103.32701578 10.87  54.139135  68.111112  2.801
 25     1.924 53103.32701642 10.68  54.135375  68.108072  2.801
 25     1.364 53103.32701707 11.05  54.131625  68.105032  2.801
 26     8.055 53138.32702947  1.70  54.176946  68.115448  2.228
 26     8.343 53138.32703011  1.92  54.173186  68.112408  2.228
 26     8.883 53138.32703076  1.87  54.169426  68.109358  2.228
 26     7.044 53138.32703140  2.60  54.165666  68.106318  2.228
 26     9.287 53138.32703463  3.13  54.146896  68.091108  2.228
 27     6.396 53173.32706274 23.72  54.224636  68.160618 21.018
 27    12.114 53173.32706661 23.28  54.202016  68.142368 21.018
 27     9.805 53173.32706725 23.90  54.198246  68.139328 21.018
 27     9.522 53173.32706918 24.08  54.186949  68.130207  4.667
 27    12.368 53173.32707176 16.89  54.171899  68.118037  4.667
 27    10.785 53173.32707241 16.87  54.168139  68.114997  4.667
 27    12.895 53173.32707305 17.45  54.164389  68.111947  4.667
 27     8.146 53173.32707499 18.66  54.153109  68.102827  4.667
 27     9.680 53173.32707563 17.76  54.149359  68.099777  4.667
 27    10.655 53173.32707628 17.85  54.145609  68.096737  4.667
 27    11.174 53173.32707692 17.58  54.141849  68.093697  4.667
 28     7.522 53208.32707638 19.00  54.231601  68.172012 16.170
 28     6.148 53208.32707703 18.06  54.227831  68.168972 16.170
 28     0.652 53208.32707767 29.25  54.224051  68.165932 16.170
 28     0.348 53208.32707832 25.99  54.220281  68.162892 16.170
 28     3.756 53208.32707896 19.65  54.216511  68.159852 16.170
 28     3.436 53208.32707961 20.01  54.212731  68.156812 16.170
 28     0.407 53208.32708025 25.73  54.208961  68.153762 16.170
 28     0.438 53208.32708090 22.27  54.205191  68.150722 16.170
 28     0.260 53208.32708154 19.24  54.201421  68.147682 16.170
 28     0.162 53208.32708219 16.89  54.197661  68.144642 16.170
 28     5.636 53208.32708283 17.17  54.193892  68.141601  7.743
 28     5.808 53208.32708348 18.10  54.190122  68.138561  7.743
 28     5.524 53208.32708476 16.83  54.182592  68.132471  7.743
 28     1.147 53208.32708541 19.27  54.178832  68.129431  7.743
 28     0.411 53208.32708605 21.77  54.175072  68.126391  7.743
 28     0.500 53208.32708670 22.79  54.171312  68.123351  7.743
 28     0.226 53208.32708734 22.25  54.167552  68.120311  7.743
 28     0.037 53208.32708799 23.74  54.163792  68.117261  7.743
 28     0.047 53208.32708863 25.49  54.160032  68.114221  7.743
 28     0.236 53208.32708928 26.17  54.156272  68.111181  7.743
 28     0.195 53208.32708992 27.22  54.152512  68.108141  7.743
 28    -0.022 53208.32709057 24.74  54.148762  68.105091  7.743
 28    -0.159 53208.32709121 24.18  54.145002  68.102051  7.743
 28    -0.263 53208.32709186 24.59  54.141252  68.099011  7.743
 28    -0.167 53208.32709250 23.24  54.137502  68.095971  7.743
 29     7.947 53243.32704442 18.25  54.228663  68.170328 11.234
 29     7.566 53243.32704507 17.37  54.224883  68.167288 11.234
 29     0.665 53243.32704571 21.64  54.221113  68.164248 11.234
 29     6.873 53243.32704636 16.79  54.217343  68.161208 11.234
 29     6.248 53243.32704700 18.26  54.213573  68.158158 11.234
 29     0.177 53243.32704764 21.17  54.209803  68.155118 11.234
 29     0.365 53243.32704829 20.62  54.206033  68.152078 11.234
 29     0.247 53243.32704893 20.44  54.202263  68.149038 11.234
 29     9.650 53243.32704958 19.75  54.198493  68.145998 11.234
 29     9.386 53243.32705022 20.56  54.194731  68.142955 19.122
 29     8.971 53243.32705087 20.82  54.190961  68.139915 19.122
 29    -1.807 53243.32705216 22.62  54.183431  68.133825 19.122
 29    -2.111 53243.32705280 26.26  54.179671  68.130785 19.122
 29    -2.064 53243.32705345 26.52  54.175911  68.127745 19.122
 29    -1.894 53243.32705409 27.37  54.172151  68.124705 19.122
 29    -1.528 53243.32705474 28.07  54.168391  68.121665 19.122
 29    -0.907 53243.32705538 25.50  54.164631  68.118615 19.122
 29    -0.297 53243.32705603 25.13  54.160871  68.115575 19.122
 29    -0.050 53243.32705667 26.32  54.157111  68.112535 19.122
 29    -0.147 53243.32705731 29.35  54.153351  68.109495 19.122
 29    -0.064 53243.32705796 31.19  54.149601  68.106445 19.122
 29    -0.330 53243.32705860 35.14  54.145841  68.103405 19.122
 29    -0.578 53243.32705925 35.56  54.142091  68.100365 19.122
 29    -0.708 53243.32705989 33.08  54.138341  68.097325 19.122
 30    10.608 53278.32703249 18.61  54.179874  68.112481 24.696
 30    14.621 53278.32703314 18.21  54.176114  68.109431 24.696
 30    14.912 53278.32703378 17.16  54.172354  68.106391 24.696
 30    14.110 53278.32703443 19.37  54.168594  68.103351 24.696
 30     0.552 53278.32703507 24.37  54.164834  68.100311 24.696
 31     1.059 53313.32705152 28.13  54.225350  68.162289 12.134
 31     4.098 53313.32705216 27.78  54.221580  68.159249 12.134
 31     0.816 53313.32705539 30.22  54.202730  68.144039 12.134
 31     0.874 53313.32705603 29.42  54.198960  68.140999 12.134
 31     0.776 53313.32705797 31.13  54.187660  68.131879 12.134
 31     0.708 53313.32705861 31.90  54.183900  68.128839 12.134
 31     0.999 53313.32705926 31.32  54.180140  68.125789 12.134
 31     1.013 53313.32706054 33.66  54.172610  68.119709 12.134
 31     0.945 53313.32706119 35.12  54.168850  68.116669 12.134
 31     0.969 53313.32706183 36.02  54.165090  68.113629 12.134
 31     1.097 53313.32706248 37.52  54.161330  68.110579 12.134
 31     0.958 53313.32706377 36.28  54.153822  68.104502 17.653
 31     0.997 53313.32706441 36.25  54.150062  68.101452 17.653
 31     0.981 53313.32706506 37.24  54.146312  68.098412 17.653
 31     0.911 53313.32706570 35.62  54.142562  68.095372 17.653
 32     6.210 53348.32701608 17.39  54.229159  68.168404  2.464
 32     5.437 53348.32701737 18.26  54.221611  68.162324  3.729
 32     4.423 53348.32701801 18.14  54.217841  68.159284  3.729
 32     3.242 53348.32701866 18.10  54.214071  68.156244  3.729
 32     2.553 53348.32701930 18.19  54.210301  68.153204  3.729
 32     0.285 53348.32701995 18.20  54.206531  68.150164  3.729
 32     3.208 53348.32702059 18.45  54.202761  68.147124  3.729
 32     4.521 53348.32702124 18.30  54.198991  68.144074  3.729
 32     4.748 53348.32702188 18.66  54.195231  68.141034  3.729
 32     4.364 53348.32702253 18.79  54.191461  68.137994  3.729
 32     4.006 53348.32702381 19.42  54.183931  68.131914  3.729
 32     0.032 53348.32702446 19.92  54.180171  68.128874  3.729
 32     3.520 53348.32702510 19.39  54.176411  68.125824  3.729
 32     0.607 53348.32702639 20.56  54.168891  68.119744  3.729
 32     1.157 53348.32702704 20.36  54.165131  68.116704  3.729
 32     0.912 53348.32702768 20.75  54.161371  68.113664  3.729
 32     0.697 53348.32702833 19.94  54.157621  68.110614  3.729
 32     3.505 53348.32702897 20.72  54.153861  68.107574  3.729
 32     0.188 53348.32702962 20.38  54.150106  68.104535  5.083
 32     0.105 53348.32703026 20.62  54.146346  68.101485  5.083
 32     0.103 53348.32703091 21.32  54.142596  68.098445  5.083
 32     0.039 53348.32703155 21.27  54.138846  68.095405  5.083
 33     5.765 53383.32699654 15.55  54.178339  68.111990  2.547
 33     5.842 53383.32699718 16.44  54.174589  68.108940  2.547
 33     6.571 53383.32699783 16.25  54.170825  68.105900  3.290
 33     7.373 53383.32699847 16.38  54.167065  68.102860  3.290
 33     8.322 53383.32700170 16.78  54.148295  68.087650  3.290
 34     2.210 53418.32700641 14.62  54.173466  68.115739  3.172
 34     3.565 53418.32700705 14.33  54.169706  68.112689  3.172
 34    -0.005 53418.32700770 14.94  54.165946  68.109649  3.172
 34    -0.129 53418.32700963 14.51  54.154686  68.100520  3.428
 34    -0.013 53418.32701028 14.11  54.150926  68.097480  3.428
 34    -0.060 53418.32701092 14.56  54.147176  68.094440  3.428
 34     0.122 53418.32701156 14.32  54.143426  68.091400  3.428
 36     0.079 53488.32708384  9.40  54.229049  68.170156  3.312
 36    -0.093 53488.32708448  9.58  54.225279  68.167116  3.312
 36     3.165 53488.32708513  9.60  54.221499  68.164076  3.312
 36     0.108 53488.32708577  9.63  54.217729  68.161036  3.312
 36     0.038 53488.32708642 10.08  54.213949  68.157996  3.312
 36    -0.079 53488.32708706 10.44  54.210179  68.154956  3.312
 36     0.158 53488.32708771  9.77  54.206409  68.151906  3.312
 36    -0.100 53488.32708835 10.10  54.202639  68.148866  3.312
 36    -0.299 53488.32708900 10.26  54.198869  68.145826  3.312
 36    -0.072 53488.32708964 10.13  54.195099  68.142786  3.312
 36    -0.178 53488.32709029  9.99  54.191339  68.139746  3.312
 36    -0.236 53488.32709157 10.20  54.183799  68.133666  3.312
 36    -0.062 53488.32709222 10.31  54.180039  68.130616  3.312
 36     0.094 53488.32709286 10.36  54.176279  68.127576  3.312
 36    -0.206 53488.32709351 10.47  54.172509  68.124536  3.312
 36     0.069 53488.32709415 10.70  54.168749  68.121496  3.312
 36    -0.156 53488.32709480 11.19  54.164989  68.118456  3.312
 36     0.524 53488.32709544 10.32  54.161229  68.115406  3.312
 36     0.079 53488.32709609 11.28  54.157469  68.112366  3.312
 36     0.183 53488.32709673 10.85  54.153710  68.109321  3.240
 36     0.252 53488.32709738  9.94  54.149960  68.106281  3.240
 36     0.124 53488.32709802  9.95  54.146200  68.103241  3.240
 36     0.271 53488.32709867  9.79  54.142450  68.100201  3.240
 36     0.278 53488.32709931  9.88  54.138690  68.097151  3.240
 37     6.619 53523.32707423 24.44  54.225314  68.160937 16.925
 37     9.837 53523.32707874 25.52  54.198924  68.139647 16.925
 37    11.109 53523.32708325 17.52  54.172584  68.118357 16.925
 37    12.722 53523.32708390 16.05  54.168824  68.115317 16.925
 37    13.417 53523.32708454 16.31  54.165064  68.112267 16.925
 37     9.826 53523.32708648 17.58  54.153802  68.103148  4.781
 37    11.897 53523.32708712 17.24  54.150042  68.100098  4.781
 37    11.385 53523.32708777 17.79  54.146292  68.097058  4.781
 37    10.967 53523.32708841 17.84  54.142532  68.094018  4.781
 38     7.724 53558.32709770 19.67  54.229332  68.174995 14.477
 38     7.827 53558.32709835 16.94  54.225562  68.171945 14.477
 38     7.700 53558.32709899 17.69  54.221787  68.168907  5.041
 38     7.565 53558.32709963 15.15  54.218007  68.165867  5.041
 38     7.506 53558.32710028 14.06  54.214237  68.162827  5.041
 38     6.494 53558.32710092 17.40  54.210467  68.159787  5.041
 38     6.031 53558.32710157 18.53  54.206697  68.156747  5.041
 38     0.704 53558.32710221 20.37  54.202927  68.153707  5.041
 38     9.341 53558.32710286 19.00  54.199157  68.150667  5.041
 38     9.468 53558.32710350 18.00  54.195387  68.147617  5.041
 38     9.904 53558.32710415 14.08  54.191617  68.144577  5.041
 38     9.338 53558.32710479 14.10  54.187847  68.141537  5.041
 38     9.123 53558.32710544 14.53  54.184087  68.138497  5.041
 38     9.081 53558.32710608 12.43  54.180317  68.135457  5.041
 38     9.233 53558.32710673 12.48  54.176557  68.132417  5.041
 38     9.407 53558.32710737 13.85  54.172787  68.129367  5.041
 38     9.737 53558.32710802 13.65  54.169027  68.126327  5.041
 38     9.996 53558.32710866 13.92  54.165267  68.123287  5.041
 38     9.977 53558.32710930 13.77  54.161507  68.120247  5.041
 38     0.353 53558.32710995 15.80  54.157747  68.117207  5.041
 38     0.423 53558.32711059 15.72  54.153987  68.114157  5.041
 38     0.447 53558.32711124 16.05  54.150237  68.111117  5.041
 38     0.454 53558.32711188 16.83  54.146475  68.108079  6.552
 38     0.337 53558.32711253 17.83  54.142725  68.105029  6.552
 38     0.171 53558.32711317 17.58  54.138965  68.101989  6.552
 38     0.066 53558.32711382 18.40  54.135215  68.098949  6.552
 39     7.759 53593.32703556 20.42  54.230826  68.171911 13.726
 39     0.472 53593.32703621 24.50  54.227049  68.168869 12.244
 39     0.822 53593.32703685 23.52  54.223279  68.165829 12.244
 39     0.093 53593.32703750 26.62  54.219509  68.162789 12.244
 39     5.969 53593.32703814 23.01  54.215739  68.159749 12.244
 39     0.195 53593.32703878 24.16  54.211969  68.156709 12.244
 39     0.059 53593.32703943 29.14  54.208199  68.153669 12.244
 39     0.019 53593.32704007 26.37  54.204429  68.150629 12.244
 39    -0.075 53593.32704072 18.49  54.200659  68.147579 12.244
 39     9.264 53593.32704136 19.37  54.196899  68.144539 12.244
 39     9.025 53593.32704201 19.08  54.193129  68.141499 12.244
 39     0.156 53593.32704265 26.11  54.189369  68.138459 12.244
 39     0.610 53593.32704330 21.53  54.185599  68.135419 12.244
 39    -2.000 53593.32704394 23.60  54.181839  68.132379 12.244
 39    -2.480 53593.32704459 27.88  54.178079  68.129329 12.244
 39    -0.311 53593.32704523 28.32  54.174319  68.126289 12.244
 39    -0.121 53593.32704588 26.09  54.170559  68.123249 12.244
 39    -0.228 53593.32704652 22.54  54.166799  68.120209 12.244
 39    -0.042 53593.32704717 23.25  54.163039  68.117159 12.244
 39    -0.074 53593.32704781 29.21  54.159289  68.114119 12.244
 39    -0.228 53593.32704845 30.24  54.155529  68.111079 12.244
 39    -0.232 53593.32704910 27.96  54.151774  68.108037 14.538
 39    -0.240 53593.32704974 27.31  54.148014  68.104997 14.538
 39    -0.366 53593.32705039 27.48  54.144264  68.101947 14.538
 39    -0.512 53593.32705103 26.67  54.140514  68.098907 14.538
 40    -0.290 53628.32703907 23.49  54.176722  68.112035 12.766
 40    -0.296 53628.32703972 30.21  54.172962  68.108995 12.766
 40    -0.307 53628.32704036 36.78  54.169201  68.105947 25.231
 40    -0.159 53628.32704101 33.43  54.165441  68.102907 25.231
 40     0.010 53628.32704423 29.44  54.146661  68.087697 25.231
 41     4.099 53663.32705379 25.16  54.223061  68.161116 16.360
 41     4.466 53663.32705702 19.28  54.204211  68.145906 16.360
 41     5.847 53663.32705766 15.66  54.200441  68.142866 16.360
 41     6.161 53663.32705831 17.10  54.196671  68.139826 16.360
 41     7.183 53663.32706024 17.55  54.185381  68.130706 16.360
 41     5.362 53663.32706088 18.55  54.181611  68.127666 16.360
 41     0.946 53663.32706153 28.63  54.177851  68.124616 16.360
 41     4.397 53663.32706282 17.97  54.170331  68.118536 16.360
 41     4.847 53663.32706346 15.24  54.166571  68.115496 16.360
 41     4.903 53663.32706411 15.13  54.162811  68.112446 16.360
 41     6.392 53663.32706540 15.99  54.155301  68.106361  5.571
 41     5.520 53663.32706604 16.56  54.151541  68.103321  5.571
 41     7.587 53663.32706669 16.20  54.147781  68.100281  5.571
 41     0.988 53663.32706733 18.43  54.144031  68.097241  5.571
 41     8.893 53663.32706798 16.15  54.140281  68.094201  5.571
 42     1.108 53698.32701345 37.82  54.228923  68.171806 13.471
 42     1.204 53698.32701410 40.69  54.225143  68.168756 13.471
 42     1.046 53698.32701474 36.62  54.221372  68.165716 41.867
 42     0.985 53698.32701539 38.57  54.217602  68.162676 41.867
 42     1.092 53698.32701603 40.10  54.213832  68.159636 41.867
 42     1.181 53698.32701667 40.36  54.210062  68.156596 41.867
 42     1.115 53698.32701732 37.17  54.206292  68.153556 41.867
 42     1.064 53698.32701796 37.15  54.202522  68.150516 41.867
 42     1.127 53698.32701861 39.62  54.198752  68.147466 41.867
 42     1.209 53698.32701925 39.55  54.194982  68.144426 41.867
 42     1.069 53698.32701990 42.68  54.191222  68.141386 41.867
 42     1.161 53698.32702054 43.27  54.187452  68.138346 41.867
 42     1.209 53698.32702119 41.58  54.183692  68.135306 41.867
 42     1.214 53698.32702183 41.77  54.179922  68.132266 41.867
 42     1.181 53698.32702248 42.46  54.176162  68.129226 41.867
 42     1.177 53698.32702312 42.84  54.172402  68.126176 41.867
 42     1.237 53698.32702377 43.38  54.168642  68.123136 41.867
 42     1.239 53698.32702441 42.55  54.164882  68.120096 41.867
 42     1.127 53698.32702506 46.11  54.161122  68.117056 41.867
 42     1.118 53698.32702570 46.16  54.157372  68.114006 41.867
 42     1.210 53698.32702634 44.09  54.153612  68.110966 41.867
 42     1.125 53698.32702699 44.49  54.149852  68.107926 41.867
 42     1.064 53698.32702763 38.23  54.146104  68.104884 35.025
 42     1.060 53698.32702828 38.22  54.142344  68.101844 35.025
 42     1.059 53698.32702892 34.54  54.138594  68.098794 35.025
 43     1.199 53733.32693338 22.04  54.238591  68.184440  4.557
 43     1.227 53733.32693402 24.57  54.234811  68.181400  4.557
 43     1.198 53733.32693467 19.86  54.231041  68.178360  4.557
 43     1.080 53733.32693531 19.20  54.227261  68.175310  4.557
 43     1.105 53733.32693596 18.84  54.223491  68.172270  4.557
 43     1.013 53733.32693660 20.03  54.219721  68.169230  4.557
 43     1.027 53733.32693725 20.80  54.215946  68.166195 11.189
 43     0.908 53733.32693789 21.42  54.212176  68.163155 11.189
 43     0.764 53733.32693853 22.85  54.208406  68.160105 11.189
 43     0.876 53733.32693918 23.36  54.204636  68.157065 11.189
 43     0.808 53733.32693982 24.51  54.200866  68.154025 11.189
 43     0.920 53733.32694047 23.37  54.197096  68.150985 11.189
 43     0.958 53733.32694111 21.47  54.193336  68.147945 11.189
 43     0.927 53733.32694176 20.35  54.189566  68.144895 11.189
 43     0.929 53733.32694240 20.86  54.185806  68.141855 11.189
 43     0.910 53733.32694305 21.37  54.182036  68.138815 11.189
 43     0.831 53733.32694369 23.35  54.178276  68.135775 11.189
 43     0.816 53733.32694434 24.58  54.174516  68.132735 11.189
 43     0.688 53733.32694498 24.37  54.170746  68.129695 11.189
 43     0.739 53733.32694563 24.57  54.166986  68.126645 11.189
 43     0.539 53733.32694627 25.75  54.163236  68.123605 11.189
 43     0.549 53733.32694692 25.77  54.159476  68.120565 11.189
 43     0.672 53733.32694756 27.09  54.155716  68.117525 11.189
 43     0.760 53733.32694820 30.17  54.151956  68.114475 11.189
 43     0.831 53733.32694885 30.16  54.148206  68.111435 11.189
 43     0.808 53733.32694949 30.22  54.144446  68.108395 11.189
 43     0.682 53733.32695014 29.27  54.140694  68.105350 11.354
 43     0.510 53733.32695078 29.22  54.136944  68.102310 11.354
 44     3.693 53768.32692712 11.58  54.178392  68.115965  2.586
 44     5.178 53768.32692776 11.45  54.174632  68.112925  2.586
 44     5.152 53768.32692841 11.77  54.170872  68.109885  2.586
 44     5.122 53768.32692905 12.18  54.167112  68.106835  2.586
 44     7.977 53768.32693227 11.50  54.148339  68.091628  2.654
 44     8.718 53768.32693292 10.84  54.144589  68.088588  2.654
 45     6.088 53803.32691324  9.63  54.230050  68.173466  2.187
 45     4.710 53803.32691389  9.74  54.226270  68.170426  2.187
 45     5.348 53803.32691453  9.84  54.222501  68.167384  2.964
 45     5.571 53803.32691517  9.73  54.218731  68.164344  2.964
 45     4.835 53803.32691582 10.06  54.214961  68.161304  2.964
 45     3.940 53803.32691646  9.60  54.211191  68.158264  2.964
 45     2.875 53803.32691711  9.96  54.207421  68.155224  2.964
 45     2.758 53803.32691775 10.04  54.203651  68.152184  2.964
 45     0.425 53803.32691840 10.49  54.199881  68.149144  2.964
 45     0.002 53803.32691904 10.42  54.196111  68.146094  2.964
 45    -0.232 53803.32691969 10.77  54.192351  68.143054  2.964
 45    -0.290 53803.32692033 11.00  54.188581  68.140014  2.964
 45    -0.182 53803.32692098 11.01  54.184821  68.136974  2.964
 45    -0.124 53803.32692162 11.19  54.181051  68.133934  2.964
 45    -0.166 53803.32692227 11.23  54.177291  68.130894  2.964
 45    -0.366 53803.32692291 11.43  54.173531  68.127844  2.964
 45    -0.131 53803.32692356 12.45  54.169771  68.124804  2.964
 45    -0.172 53803.32692420 12.12  54.166011  68.121764  2.964
 45     0.059 53803.32692484 12.12  54.162251  68.118724  2.964
 45     0.193 53803.32692549 12.70  54.158501  68.115674  2.964
 45     0.111 53803.32692613 13.12  54.154741  68.112634  2.964
 45     0.263 53803.32692678 13.80  54.150981  68.109594  2.964
 45     0.012 53803.32692742 14.16  54.147225  68.106551  3.480
 45    -0.042 53803.32692807 14.08  54.143475  68.103511  3.480
 45    -0.101 53803.32692871 15.40  54.139725  68.100461  3.480
 46     4.048 53838.32694077  9.81  54.180129  68.114530  2.671
 46     5.242 53838.32694142 10.35  54.176369  68.111490  2.671
 46     5.173 53838.32694206 10.05  54.172609  68.108450  2.671
 46     0.471 53838.32694270 11.51  54.168859  68.105400  2.671
 46     0.592 53838.32694335 11.85  54.165095  68.102358  3.632
 46     0.429 53838.32694657 11.09  54.146325  68.087148  3.632
 47     1.293 53873.32698955 34.18  54.174365  68.118231 25.427
 47     0.739 53873.32699019 23.16  54.170605  68.115191 25.427
 47     0.948 53873.32699084 31.61  54.166845  68.112141 25.427
 47     0.803 53873.32699342 35.06  54.151814  68.099975 43.892
 47     0.746 53873.32699406 34.33  54.148064  68.096935 43.892
 47     0.765 53873.32699470 34.00  54.144314  68.093895 43.892
 48     0.721 53908.32702295 24.24  54.224278  68.162106 11.697
 48     6.407 53908.32702359 20.56  54.220498  68.159066 11.697
 48     0.409 53908.32702617 25.88  54.205418  68.146906 11.697
 48     9.896 53908.32702682 16.82  54.201648  68.143856 11.697
 48     9.681 53908.32702746 15.68  54.197878  68.140816 11.697
 48     7.219 53908.32702939 16.98  54.186578  68.131696 11.697
 48     7.529 53908.32703004 16.60  54.182818  68.128656 11.697
 48     5.438 53908.32703068 19.37  54.179048  68.125606 11.697
 48     5.155 53908.32703197 15.65  54.171528  68.119526 11.697
 48     4.674 53908.32703262 15.56  54.167768  68.116486 11.697
 48     0.645 53908.32703326 16.82  54.164008  68.113446 11.697
 48     0.637 53908.32703391 16.40  54.160248  68.110396 11.697
 48     0.262 53908.32703520 18.69  54.152733  68.104319  6.635
 48     0.555 53908.32703584 17.05  54.148983  68.101269  6.635
 48     0.715 53908.32703649 19.04  54.145223  68.098229  6.635
 48     0.678 53908.32703713 17.53  54.141473  68.095189  6.635
 49     8.000 53943.32704543 19.73  54.227593  68.173867 16.069
 49     7.719 53943.32704607 19.17  54.223813  68.170827 16.069
 49     7.638 53943.32704672 18.37  54.220043  68.167787 16.069
 49     6.718 53943.32704736 21.01  54.216267  68.164737  8.572
 49     7.045 53943.32704801 19.51  54.212497  68.161697  8.572
 49     6.098 53943.32704865 20.62  54.208717  68.158657  8.572
 49     0.477 53943.32704930 22.74  54.204947  68.155617  8.572
 49     0.474 53943.32704994 22.44  54.201177  68.152577  8.572
 49     9.709 53943.32705059 18.28  54.197407  68.149537  8.572
 49     9.764 53943.32705123 15.91  54.193637  68.146497  8.572
 49     9.729 53943.32705187 16.88  54.189867  68.143447  8.572
 49     9.350 53943.32705252 18.25  54.186107  68.140407  8.572
 49     8.933 53943.32705316 18.80  54.182337  68.137367  8.572
 49     8.864 53943.32705381 20.11  54.178577  68.134327  8.572
 49    -1.332 53943.32705445 23.86  54.174807  68.131287  8.572
 49    -1.594 53943.32705510 28.60  54.171047  68.128247  8.572
 49    -0.827 53943.32705574 30.13  54.167287  68.125197  8.572
 49    -0.109 53943.32705639 26.21  54.163527  68.122157  8.572
 49     0.013 53943.32705703 26.47  54.159767  68.119117  8.572
 49     0.186 53943.32705768 26.38  54.156007  68.116077  8.572
 49     0.211 53943.32705832 26.49  54.152247  68.113037  8.572
 49     0.091 53943.32705897 25.16  54.148487  68.109987  8.572
 49     0.117 53943.32705961 24.76  54.144737  68.106947  8.572
 49    -0.014 53943.32706026 23.41  54.140974  68.103907  6.641
 49    -0.114 53943.32706090 21.72  54.137224  68.100857  6.641
 50     6.745 53978.32699458 22.05  54.236771  68.184699 16.864
 50     0.784 53978.32699523 25.79  54.232991  68.181659 16.864
 50     1.021 53978.32699587 21.64  54.229221  68.178619 16.864
 50     7.141 53978.32699652 16.77  54.225441  68.175579 16.864
 50     7.604 53978.32699716 15.15  54.221671  68.172539 16.864
 50     7.112 53978.32699780 15.54  54.217891  68.169489 16.864
 50     0.363 53978.32699845 18.24  54.214121  68.166449 16.864
 50     0.178 53978.32699909 19.44  54.210349  68.163414  5.912
 50     5.492 53978.32699974 17.62  54.206579  68.160364  5.912
 50     0.135 53978.32700038 18.43  54.202809  68.157324  5.912
 50     0.166 53978.32700103 20.31  54.199039  68.154284  5.912
 50     0.121 53978.32700167 17.77  54.195269  68.151244  5.912
 50     9.069 53978.32700232 15.06  54.191499  68.148204  5.912
 50     4.282 53978.32700296 15.19  54.187739  68.145164  5.912
 50     8.619 53978.32700361 15.83  54.183969  68.142114  5.912
 50     7.901 53978.32700425 15.45  54.180209  68.139074  5.912
 50     4.843 53978.32700490 15.59  54.176439  68.136034  5.912
 50     0.215 53978.32700554 17.42  54.172679  68.132994  5.912
 50     0.163 53978.32700619 17.52  54.168919  68.129954  5.912
 50     0.076 53978.32700683 18.32  54.165159  68.126914  5.912
 50    -0.193 53978.32700747 20.03  54.161399  68.123864  5.912
 50    -0.263 53978.32700812 21.36  54.157639  68.120824  5.912
 50    -0.275 53978.32700876 22.90  54.153879  68.117784  5.912
 50    -0.001 53978.32700941 21.76  54.150119  68.114744  5.912
 50     0.096 53978.32701005 22.03  54.146369  68.111694  5.912
 50     0.215 53978.32701070 20.99  54.142609  68.108654  5.912
 50     0.209 53978.32701134 19.41  54.138859  68.105614  5.912
 50     0.143 53978.32701199 20.26  54.135101  68.102569  5.305
 51     0.005 54013.32701950 22.92  54.180361  68.109825 23.748
 51     0.078 54013.32702014 26.39  54.176601  68.106785 23.748
 51     0.188 54013.32702079 30.51  54.172851  68.103745 23.748
 51     0.228 54013.32702143 33.35  54.169085  68.100694 32.829
 51     0.133 54013.32702208 32.05  54.165335  68.097654 32.829
 52     0.411 54048.32702670 22.18  54.177077  68.116944 17.966
 52     0.225 54048.32702734 22.77  54.173317  68.113904 17.966
 52     0.437 54048.32702799 26.27  54.169567  68.110864 17.966
 52     0.578 54048.32702863 33.07  54.165807  68.107814 17.966
 52     0.619 54048.32703056 26.60  54.154538  68.098695 21.141
 52     0.322 54048.32703121 24.48  54.150788  68.095645 21.141
 52     0.375 54048.32703185 25.06  54.147028  68.092605 21.141
 52     0.524 54048.32703250 35.52  54.143278  68.089565 21.141
 54     4.401 54118.32693419 12.46  54.240193  68.191937  2.692
 54     3.467 54118.32693484 13.18  54.236413  68.188897  2.692
 54     3.829 54118.32693548 13.05  54.232633  68.185857  2.692
 54     0.490 54118.32693613 13.43  54.228863  68.182817  2.692
 54     0.385 54118.32693677 14.53  54.225083  68.179777  2.692
 54     4.431 54118.32693742 14.43  54.221313  68.176727  2.692
 54     0.194 54118.32693806 14.59  54.217533  68.173687  2.692
 54     0.235 54118.32693871 14.57  54.213763  68.170647  2.692
 54     2.825 54118.32693935 14.46  54.209993  68.167607  2.692
 54     0.263 54118.32694000 14.95  54.206217  68.164568  3.632
 54     0.138 54118.32694064 15.19  54.202447  68.161528  3.632
 54     0.286 54118.32694129 15.20  54.198677  68.158488  3.632
 54     0.131 54118.32694193 15.69  54.194907  68.155438  3.632
 54     0.040 54118.32694258 16.13  54.191137  68.152398  3.632
 54     0.190 54118.32694322 14.76  54.187377  68.149358  3.632
 54     0.222 54118.32694386 14.80  54.183607  68.146318  3.632
 54     0.221 54118.32694451 14.86  54.179847  68.143278  3.632
 54     0.196 54118.32694515 14.83  54.176077  68.140228  3.632
 54     0.216 54118.32694580 14.62  54.172317  68.137188  3.632
 54     0.112 54118.32694644 15.40  54.168557  68.134148  3.632
 54     0.233 54118.32694709 15.08  54.164797  68.131108  3.632
 54     0.204 54118.32694773 15.28  54.161037  68.128068  3.632
 54     0.202 54118.32694838 15.20  54.157277  68.125018  3.632
 54     0.234 54118.32694902 15.38  54.153517  68.121978  3.632
 54     0.209 54118.32694967 15.39  54.149757  68.118938  3.632
 54     0.300 54118.32695031 15.03  54.146007  68.115888  3.632
 54     0.392 54118.32695096 14.88  54.142247  68.112848  3.632
 54     0.498 54118.32695160 14.82  54.138497  68.109808  3.632
 54     0.391 54118.32695225 15.48  54.134737  68.106768  3.632
 54     0.354 54118.32695289 15.36  54.130984  68.103719  3.753
 55     6.540 54153.32696260 10.62  54.231670  68.169354  2.289
 55     4.012 54153.32696389 11.27  54.224121  68.163266  3.148
 55     3.464 54153.32696454 11.14  54.220341  68.160226  3.148
 55     0.690 54153.32696647 11.46  54.209031  68.151106  3.148
 55    -0.393 54153.32696711 11.85  54.205261  68.148066  3.148
 55    -0.337 54153.32696776 11.92  54.201491  68.145016  3.148
 55    -0.339 54153.32696840 11.42  54.197721  68.141976  3.148
 55    -0.286 54153.32696905 11.81  54.193961  68.138936  3.148
 55    -0.096 54153.32697034 11.65  54.186431  68.132856  3.148
 55    -0.110 54153.32697098 11.43  54.182661  68.129816  3.148
 55    -0.311 54153.32697163 12.17  54.178901  68.126766  3.148
 55     1.388 54153.32697292 11.45  54.171381  68.120686  3.148
 55     1.548 54153.32697356 11.69  54.167621  68.117646  3.148
 55     1.244 54153.32697421 12.17  54.163861  68.114606  3.148
 55    -0.076 54153.32697485 12.53  54.160101  68.111556  3.148
 55     0.174 54153.32697614 11.96  54.152591  68.105476  3.148
 55     0.340 54153.32697678 11.98  54.148835  68.102436  3.240
 55     0.510 54153.32697743 11.14  54.145075  68.099386  3.240
 55     0.050 54153.32697807 11.73  54.141325  68.096346  3.240
 57     2.517 54223.32698374 13.83  54.171242  68.115849 12.263
 57     2.034 54223.32698439 14.67  54.167482  68.112809 12.263
 57     0.615 54223.32698503 15.20  54.163722  68.109769 12.263
 57     0.428 54223.32698696 25.28  54.152452  68.100639 12.263
 57     0.552 54223.32698761 26.20  54.148692  68.097599 12.263
 57     0.524 54223.32698825 26.64  54.144942  68.094559 12.263
 57     0.466 54223.32698890 23.90  54.141192  68.091509 12.263
 58     1.344 54258.32699435 47.82  54.231334  68.168320 40.688
 58     1.184 54258.32699564 45.62  54.223784  68.162240 40.688
 58     1.347 54258.32699628 34.06  54.220014  68.159200 40.688
 58     1.516 54258.32699886 38.21  54.204924  68.147030 40.688
 58     1.424 54258.32699950 43.89  54.201164  68.143990 40.688
 58     1.314 54258.32700015 47.34  54.197394  68.140950 40.688
 58     1.373 54258.32700208 49.27  54.186094  68.131820 40.688
 58     1.360 54258.32700273 52.36  54.182334  68.128780 40.688
 58     1.379 54258.32700337 52.45  54.178574  68.125740 40.688
 58     1.519 54258.32700466 51.79  54.171044  68.119650 40.688
 58     1.515 54258.32700531 52.16  54.167294  68.116610 40.688
 58     1.415 54258.32700595 52.73  54.163529  68.113565 50.045
 58     1.482 54258.32700660 52.08  54.159769  68.110525 50.045
 58     1.508 54258.32700724 53.46  54.156019  68.107485 50.045
 58     1.396 54258.32700788 53.83  54.152259  68.104445 50.045
 58     1.441 54258.32700853 49.12  54.148509  68.101395 50.045
 58     1.531 54258.32700917 52.14  54.144749  68.098355 50.045
 58     1.506 54258.32700982 52.35  54.140999  68.095315 50.045
 59     0.324 54293.32699869 47.94  54.224726  68.161392 13.808
 59     0.026 54293.32700256 23.73  54.202106  68.143152 13.808
 59     0.024 54293.32700321 23.92  54.198336  68.140112 13.808
 59     0.067 54293.32700514 25.33  54.187046  68.130982 13.808
 59     1.073 54293.32700578 25.50  54.183276  68.127942 13.808
 59     0.434 54293.32700643 28.94  54.179516  68.124902 13.808
 59     0.138 54293.32700772 29.65  54.171996  68.118812 13.808
 59     0.134 54293.32700836 28.94  54.168238  68.115770 40.372
 59     0.300 54293.32700901 31.76  54.164478  68.112730 40.372
 59     0.335 54293.32701094 46.74  54.153208  68.103600 40.372
 59     0.442 54293.32701159 45.93  54.149448  68.100560 40.372
 59     0.409 54293.32701223 45.72  54.145698  68.097520 40.372
 59     0.332 54293.32701288 47.73  54.141948  68.094480 40.372
 60     8.193 54328.32699204 21.14  54.230263  68.170221  9.705
 60     7.701 54328.32699268 23.67  54.226493  68.167181  9.705
 60     0.569 54328.32699333 27.90  54.222723  68.164141  9.705
 60     7.373 54328.32699397 19.16  54.218943  68.161101  9.705
 60     6.032 54328.32699462 24.38  54.215173  68.158051  9.705
 60     0.416 54328.32699526 23.89  54.211403  68.155011  9.705
 60     0.390 54328.32699591 27.61  54.207633  68.151971  9.705
 60     9.277 54328.32699655 22.34  54.203863  68.148931  9.705
 60     9.567 54328.32699720 19.58  54.200103  68.145891  9.705
 60     9.691 54328.32699784 17.45  54.196333  68.142851  9.705
 60     9.565 54328.32699849 17.02  54.192563  68.139811  9.705
 60     8.913 54328.32699978 18.90  54.185043  68.133721  9.705
 60    -2.191 54328.32700042 21.98  54.181273  68.130681  9.705
 60    -2.414 54328.32700107 23.51  54.177513  68.127641  9.705
 60     4.377 54328.32700171 21.79  54.173753  68.124601  9.705
 60    10.484 54328.32700235 17.42  54.169993  68.121551  9.705
 60    10.220 54328.32700300 16.57  54.166233  68.118511  9.705
 60     0.371 54328.32700364 17.14  54.162475  68.115475  6.626
 60     0.305 54328.32700429 17.72  54.158715  68.112425  6.626
 60     0.289 54328.32700493 23.43  54.154955  68.109385  6.626
 60     0.315 54328.32700558 25.07  54.151205  68.106345  6.626
 60     0.061 54328.32700622 20.16  54.147445  68.103295  6.626
 60     0.037 54328.32700687 18.33  54.143695  68.100255  6.626
 60    -0.038 54328.32700751 19.25  54.139945  68.097215  6.626
 61     9.520 54363.32693642 18.05  54.239156  68.188824 12.815
 61     8.867 54363.32693707 15.93  54.235376  68.185774 12.815
 61     6.599 54363.32693771 20.36  54.231596  68.182734 12.815
 61     8.271 54363.32693836 15.47  54.227826  68.179694 12.815
 61     7.036 54363.32693900 14.14  54.224048  68.176652  5.789
 61     7.217 54363.32693965 14.50  54.220278  68.173612  5.789
 61     7.060 54363.32694029 13.95  54.216498  68.170572  5.789
 61     6.627 54363.32694094 14.63  54.212728  68.167532  5.789
 61     5.002 54363.32694158 17.52  54.208958  68.164492  5.789
 61    -0.162 54363.32694223 18.19  54.205188  68.161452  5.789
 61    -0.261 54363.32694287 21.72  54.201418  68.158412  5.789
 61    -0.055 54363.32694351 18.86  54.197648  68.155362  5.789
 61     0.076 54363.32694416 16.80  54.193878  68.152322  5.789
 61     8.401 54363.32694480 16.21  54.190108  68.149282  5.789
 61     8.864 54363.32694545 14.68  54.186348  68.146242  5.789
 61     8.688 54363.32694609 14.49  54.182578  68.143202  5.789
 61     8.476 54363.32694674 13.21  54.178818  68.140162  5.789
 61     8.024 54363.32694738 13.12  54.175058  68.137112  5.789
 61     7.259 54363.32694803 13.28  54.171288  68.134072  5.789
 61     6.585 54363.32694867 13.14  54.167528  68.131032  5.789
 61     0.121 54363.32694932 15.50  54.163768  68.127992  5.789
 61     3.358 54363.32694996 16.56  54.160008  68.124942  5.789
 61    -0.468 54363.32695061 19.69  54.156248  68.121902  5.789
 61    -0.248 54363.32695125 20.34  54.152498  68.118862  5.789
 61    -0.112 54363.32695190 20.17  54.148734  68.115820  6.537
 61     0.031 54363.32695254 20.94  54.144984  68.112780  6.537
 61     0.100 54363.32695319 21.93  54.141224  68.109730  6.537
 61     0.072 54363.32695383 19.80  54.137474  68.106690  6.537
 61     0.294 54363.32695447 18.92  54.133714  68.103650  6.537
 62    11.079 54398.32694301 20.84  54.173327  68.117283  6.621
 62    14.190 54398.32694365 14.57  54.169567  68.114243  6.621
 62    17.089 54398.32694430 14.68  54.165807  68.111203  6.621
 62    13.412 54398.32694623 16.13  54.154537  68.102073  6.621
 62    12.890 54398.32694688 16.99  54.150777  68.099033  6.621
 62    12.351 54398.32694752 16.90  54.147027  68.095993  6.621
 62    12.402 54398.32694817 16.31  54.143277  68.092943  6.621
 63     0.328 54433.32688947 21.56  54.227570  68.174084  4.940
 63     0.246 54433.32689011 22.06  54.223790  68.171044  4.940
 63     0.308 54433.32689076 22.39  54.220020  68.168004  4.940
 63     0.219 54433.32689140 23.43  54.216240  68.164964  4.940
 63     0.198 54433.32689205 23.19  54.212470  68.161914  4.940
 63     0.233 54433.32689269 22.53  54.208700  68.158874  4.940
 63     0.143 54433.32689333 22.60  54.204930  68.155834  4.940
 63     0.226 54433.32689398 21.50  54.201160  68.152794  4.940
 63     0.177 54433.32689462 21.11  54.197400  68.149754  4.940
 63     0.295 54433.32689527 21.29  54.193630  68.146714  4.940
 63     0.246 54433.32689591 21.29  54.189860  68.143674  4.940
 63     0.260 54433.32689656 21.69  54.186100  68.140624  4.940
 63     0.314 54433.32689720 21.51  54.182330  68.137584  4.940
 63     0.322 54433.32689785 21.14  54.178570  68.134544  4.940
 63     0.376 54433.32689849 21.49  54.174810  68.131504  4.940
 63     0.304 54433.32689914 22.18  54.171050  68.128464  4.940
 63     0.271 54433.32689978 22.72  54.167290  68.125414  4.940
 63     0.293 54433.32690043 23.08  54.163530  68.122374  4.940
 63     0.296 54433.32690107 23.97  54.159769  68.119337  6.769
 63     0.193 54433.32690172 25.15  54.156009  68.116287  6.769
 63     0.216 54433.32690236 24.47  54.152259  68.113247  6.769
 63     0.226 54433.32690301 24.45  54.148499  68.110207  6.769
 63     0.150 54433.32690365 25.28  54.144739  68.107167  6.769
 63     0.276 54433.32690429 24.41  54.140989  68.104117  6.769
 63     0.261 54433.32690494 24.62  54.137239  68.101077  6.769
 64     4.678 54468.32692600 13.08  54.175748  68.114028  3.146
 64     5.154 54468.32692664 13.44  54.171998  68.110988  3.146
 64     5.879 54468.32692729 14.04  54.168238  68.107948  3.146
 64     5.148 54468.32693116 14.06  54.145708  68.089688  3.146
 65     4.861 54503.32690530 11.79  54.229249  68.173928  2.737
 65     5.086 54503.32690594 11.82  54.225479  68.170888  2.737
 65     5.039 54503.32690658 11.35  54.221699  68.167848  2.737
 65     4.496 54503.32690723 11.49  54.217929  68.164808  2.737
 65     2.932 54503.32690787 11.74  54.214159  68.161768  2.737
 65     2.938 54503.32690852 11.83  54.210389  68.158728  2.737
 65     1.685 54503.32690916 12.08  54.206619  68.155688  2.737
 65     1.402 54503.32690981 11.76  54.202849  68.152638  2.737
 65     0.255 54503.32691045 11.78  54.199079  68.149598  2.737
 65     0.041 54503.32691110 11.67  54.195309  68.146558  2.737
 65     0.099 54503.32691174 11.69  54.191549  68.143518  2.737
 65    -0.037 54503.32691239 11.74  54.187779  68.140478  2.737
 65     0.078 54503.32691303 11.93  54.184019  68.137438  2.737
 65     0.184 54503.32691368 12.04  54.180249  68.134388  2.737
 65     0.119 54503.32691432 12.02  54.176489  68.131348  2.737
 65     0.009 54503.32691497 12.15  54.172729  68.128308  2.737
 65     0.034 54503.32691561 13.01  54.168969  68.125268  2.737
 65    -0.016 54503.32691626 13.48  54.165209  68.122228  2.737
 65     0.168 54503.32691690 13.66  54.161449  68.119178  2.737
 65     0.175 54503.32691754 13.07  54.157689  68.116138  2.737
 65     0.127 54503.32691819 13.44  54.153939  68.113100  3.178
 65     0.059 54503.32691883 13.48  54.150179  68.110050  3.178
 65     1.629 54503.32691948 13.04  54.146419  68.107010  3.178
 65     0.085 54503.32692012 13.46  54.142669  68.103970  3.178
 65     0.411 54503.32692077 12.66  54.138919  68.100930  3.178
 66     3.770 54538.32693189  9.17  54.222507  68.160973  2.595
 66     2.258 54538.32693447  8.98  54.207422  68.148816  3.088
 66     0.058 54538.32693512  9.20  54.203652  68.145766  3.088
 66    -0.186 54538.32693576  9.43  54.199892  68.142726  3.088
 66     4.299 54538.32693641  8.74  54.196122  68.139686  3.088
 66    -0.062 54538.32693834  9.92  54.184832  68.130566  3.088
 66     2.685 54538.32693898  9.68  54.181062  68.127516  3.088
 66     2.574 54538.32693963  9.76  54.177302  68.124476  3.088
 66     0.526 54538.32694092 10.60  54.169782  68.118396  3.088
 66     1.133 54538.32694156 10.66  54.166022  68.115356  3.088
 66     0.397 54538.32694221 10.41  54.162262  68.112306  3.088
 66     0.085 54538.32694350 10.55  54.154752  68.106226  3.088
 66     0.131 54538.32694414 10.62  54.150992  68.103186  3.088
 66     0.211 54538.32694479 10.46  54.147242  68.100136  3.088
 66     0.007 54538.32694543 10.63  54.143492  68.097096  3.088
 66    -0.130 54538.32694608 10.60  54.139732  68.094056  3.088
 67     9.565 54573.32690402  6.72  54.238841  68.184386  2.569
 67     8.835 54573.32690467  7.04  54.235061  68.181346  2.569
 67     5.782 54573.32690531  6.94  54.231281  68.178306  2.569
 67     7.018 54573.32690595  7.17  54.227511  68.175266  2.569
 67     5.814 54573.32690660  6.99  54.223731  68.172226  2.569
 67     5.814 54573.32690724  6.88  54.219961  68.169186  2.569
 67     5.439 54573.32690789  6.99  54.216191  68.166146  2.569
 67     5.557 54573.32690853  7.29  54.212411  68.163106  2.569
 67     4.851 54573.32690918  7.40  54.208641  68.160056  2.569
 67     3.507 54573.32690982  7.74  54.204871  68.157016  2.569
 67     2.868 54573.32691047  7.76  54.201101  68.153976  2.569
 67     2.626 54573.32691111  7.72  54.197341  68.150936  2.569
 67     1.638 54573.32691176  7.79  54.193571  68.147896  2.569
 67     2.217 54573.32691240  7.70  54.189801  68.144856  2.569
 67     0.124 54573.32691305  7.79  54.186034  68.141808  3.276
 67    -0.006 54573.32691369  8.99  54.182274  68.138768  3.276
 67     0.270 54573.32691434  8.49  54.178514  68.135728  3.276
 67     3.818 54573.32691498  8.46  54.174744  68.132688  3.276
 67     0.287 54573.32691562  8.75  54.170984  68.129638  3.276
 67     0.108 54573.32691627  8.66  54.167224  68.126598  3.276
 67     1.573 54573.32691691  9.46  54.163464  68.123558  3.276
 67     0.065 54573.32691756  9.67  54.159704  68.120518  3.276
 67     0.342 54573.32691820  9.18  54.155954  68.117468  3.276
 67     0.144 54573.32691885 10.05  54.152194  68.114428  3.276
 67     0.268 54573.32691949 10.05  54.148434  68.111388  3.276
 67     0.851 54573.32692014  9.21  54.144684  68.108348  3.276
 67     0.371 54573.32692078  9.91  54.140924  68.105298  3.276
 67     0.317 54573.32692143  9.93  54.137174  68.102258  3.276
 68     3.096 54608.32692492 13.96  54.222366  68.160559  7.609
 68     0.189 54608.32692814 13.12  54.203506  68.145351  4.600
 68     9.090 54608.32692879 11.75  54.199746  68.142311  4.600
 68     9.189 54608.32692943 11.11  54.195976  68.139261  4.600
 68     7.159 54608.32693136 12.36  54.184686  68.130141  4.600
 68     7.559 54608.32693201 12.50  54.180916  68.127101  4.600
 68     6.742 54608.32693394 12.43  54.169636  68.117971  4.600
 68     0.932 54608.32693459 12.66  54.165876  68.114931  4.600
 68     0.143 54608.32693523 13.81  54.162116  68.111891  4.600
 68     0.151 54608.32693652 14.38  54.154606  68.105801  4.600
 68     0.197 54608.32693717 14.02  54.150846  68.102761  4.600
 68     0.335 54608.32693781 14.31  54.147096  68.099721  4.600
 68     0.190 54608.32693846 13.88  54.143336  68.096671  4.600
 68     0.151 54608.32693910 13.69  54.139586  68.093631  4.600
 69     7.505 54643.32693143 23.12  54.230511  68.170377 16.565
 69     1.089 54643.32693208 26.79  54.226731  68.167337 16.565
 69     0.963 54643.32693272 25.46  54.222961  68.164297 16.565
 69     6.103 54643.32693337 19.54  54.219191  68.161257 16.565
 69     6.371 54643.32693401 21.13  54.215421  68.158207 16.565
 69     1.027 54643.32693466 26.47  54.211641  68.155167 16.565
 69     0.912 54643.32693530 30.58  54.207881  68.152127 16.565
 69     0.843 54643.32693595 24.95  54.204111  68.149087 16.565
 69     9.558 54643.32693659 17.58  54.200339  68.146049  4.189
 69     9.789 54643.32693724 14.25  54.196569  68.143009  4.189
 69     9.594 54643.32693788 15.37  54.192809  68.139959  4.189
 69     9.173 54643.32693917 15.29  54.185279  68.133879  4.189
 69     9.177 54643.32693981 14.50  54.181509  68.130839  4.189
 69     7.421 54643.32694046 15.32  54.177749  68.127799  4.189
 69    10.142 54643.32694110 16.19  54.173989  68.124749  4.189
 69     9.843 54643.32694175 16.14  54.170229  68.121709  4.189
 69     9.971 54643.32694239 15.42  54.166469  68.118669  4.189
 69     1.573 54643.32694304 16.02  54.162709  68.115629  4.189
 69     1.054 54643.32694368 16.52  54.158949  68.112589  4.189
 69     0.520 54643.32694433 18.58  54.155199  68.109539  4.189
 69     0.512 54643.32694497 17.57  54.151439  68.106499  4.189
 69     0.559 54643.32694562 17.90  54.147679  68.103459  4.189
 69     0.722 54643.32694626 17.49  54.143929  68.100419  4.189
 69     0.596 54643.32694691 18.08  54.140179  68.097369  4.189
 70     7.750 54678.32693341 18.79  54.230222  68.168632 13.999
 70     5.659 54678.32693470 18.94  54.222672  68.162552 13.999
 70     5.851 54678.32693534 20.21  54.218902  68.159502 13.999
 70     0.353 54678.32693663 24.93  54.211362  68.153422 13.999
 70     0.292 54678.32693728 23.87  54.207592  68.150382 13.999
 70     0.054 54678.32693792 20.70  54.203822  68.147342 13.999
 70    -0.259 54678.32693856 18.75  54.200051  68.144302 18.469
 70     9.287 54678.32693921 16.55  54.196281  68.141262 18.469
 70     8.763 54678.32693985 17.12  54.192521  68.138212 18.469
 70     0.691 54678.32694114 19.81  54.184991  68.132132 18.469
 70    -3.352 54678.32694179 24.57  54.181221  68.129092 18.469
 70     0.003 54678.32694243 25.07  54.177461  68.126052 18.469
 70    -0.698 54678.32694372 25.60  54.169941  68.119962 18.469
 70    -0.420 54678.32694437 25.81  54.166181  68.116922 18.469
 70    -0.104 54678.32694501 26.63  54.162421  68.113882 18.469
 70    -0.032 54678.32694566 32.97  54.158661  68.110842 18.469
 70    -0.037 54678.32694630 32.17  54.154911  68.107792 18.469
 70    -0.036 54678.32694695 26.84  54.151151  68.104752 18.469
 70    -0.245 54678.32694759 27.53  54.147401  68.101712 18.469
 70    -0.097 54678.32694823 25.17  54.143641  68.098672 18.469
 70    -0.268 54678.32694888 27.59  54.139891  68.095622 18.469
 71     8.468 54713.32688286 21.76  54.239615  68.186309  8.270
 71     0.782 54713.32688351 25.73  54.235835  68.183269  8.270
 71     6.499 54713.32688415 23.78  54.232065  68.180229  8.270
 71     8.539 54713.32688480 17.25  54.228285  68.177189  8.270
 71     7.723 54713.32688544 18.64  54.224515  68.174149  8.270
 71     7.597 54713.32688609 17.61  54.220735  68.171109  8.270
 71     7.570 54713.32688673 16.32  54.216965  68.168069  8.270
 71     7.013 54713.32688737 17.51  54.213195  68.165029  8.270
 71     6.998 54713.32688802 16.77  54.209425  68.161989  8.270
 71     5.968 54713.32688866 18.42  54.205655  68.158939  8.270
 71     0.171 54713.32688931 21.70  54.201885  68.155899  8.270
 71     0.164 54713.32688995 20.41  54.198115  68.152859  8.270
 71     8.841 54713.32689060 18.66  54.194345  68.149819  8.270
 71     9.414 54713.32689124 14.68  54.190575  68.146779  8.270
 71     9.323 54713.32689189 14.31  54.186815  68.143729  8.270
 71     9.068 54713.32689253 14.75  54.183052  68.140690  4.733
 71     8.823 54713.32689318 15.40  54.179282  68.137650  4.733
 71     8.944 54713.32689382 13.40  54.175522  68.134610  4.733
 71     9.048 54713.32689447 14.39  54.171762  68.131570  4.733
 71     9.435 54713.32689511 13.66  54.168002  68.128520  4.733
 71     9.668 54713.32689576 14.01  54.164242  68.125480  4.733
 71     6.036 54713.32689640 15.41  54.160482  68.122440  4.733
 71     9.768 54713.32689705 14.98  54.156722  68.119400  4.733
 71     0.395 54713.32689769 16.20  54.152962  68.116350  4.733
 71     0.187 54713.32689833 18.30  54.149212  68.113310  4.733
 71     0.155 54713.32689898 18.77  54.145452  68.110270  4.733
 71     0.307 54713.32689962 18.81  54.141702  68.107230  4.733
 71     0.072 54713.32690027 20.40  54.137942  68.104180  4.733
 71     0.162 54713.32690091 18.81  54.134192  68.101140  4.733
 72    12.772 54748.32691368 16.48  54.171395  68.116250 23.124
 72    13.298 54748.32691432 16.33  54.167635  68.113200 23.124
 72    13.175 54748.32691496 16.91  54.163879  68.110158  6.469
 72     0.435 54748.32691690 18.68  54.152609  68.101038  6.469
 72     0.447 54748.32691754 20.84  54.148849  68.097998  6.469
 72    10.845 54748.32691819 19.22  54.145099  68.094948  6.469
 72    10.975 54748.32691883 19.28  54.141349  68.091908  6.469
 73     0.678 54783.32687316 40.69  54.229737  68.171036 24.176
 73     0.549 54783.32687380 40.07  54.225967  68.167996 24.176
 73     0.696 54783.32687445 44.40  54.222187  68.164956 24.176
 73     0.683 54783.32687509 44.78  54.218417  68.161916 24.176
 73     0.718 54783.32687573 44.40  54.214647  68.158866 24.176
 73     0.684 54783.32687638 47.46  54.210877  68.155826 24.176
 73     0.659 54783.32687702 48.60  54.207107  68.152786 24.176
 73     0.670 54783.32687767 48.03  54.203337  68.149746 24.176
 73     0.733 54783.32687831 46.92  54.199571  68.146708 48.036
 73     0.583 54783.32687896 46.06  54.195801  68.143668 48.036
 73     0.745 54783.32687960 46.00  54.192031  68.140618 48.036
 73     0.686 54783.32688025 42.55  54.188271  68.137578 48.036
 73     0.637 54783.32688089 47.27  54.184511  68.134538 48.036
 73     0.608 54783.32688154 46.84  54.180741  68.131498 48.036
 73     0.593 54783.32688218 41.01  54.176981  68.128458 48.036
 73     0.630 54783.32688283 45.35  54.173221  68.125408 48.036
 73     0.662 54783.32688347 47.45  54.169461  68.122368 48.036
 73     0.721 54783.32688412 46.20  54.165701  68.119328 48.036
 73     0.728 54783.32688476 46.14  54.161941  68.116288 48.036
 73     0.724 54783.32688540 45.74  54.158181  68.113248 48.036
 73     0.696 54783.32688605 45.29  54.154431  68.110198 48.036
 73     0.589 54783.32688669 44.97  54.150671  68.107158 48.036
 73     0.627 54783.32688734 46.17  54.146921  68.104118 48.036
 73     0.713 54783.32688798 45.70  54.143161  68.101078 48.036
 73     0.748 54783.32688863 46.21  54.139411  68.098028 48.036
 74     0.378 54818.32690583 20.42  54.174913  68.117652  8.373
 74     0.420 54818.32690647 21.75  54.171153  68.114612  8.373
 74     0.495 54818.32690712 23.07  54.167393  68.111572  8.373
 74     0.339 54818.32690970 28.27  54.152363  68.099402  8.373
 74     0.349 54818.32691034 24.48  54.148613  68.096362  8.373
 74     0.258 54818.32691099 23.71  54.144863  68.093312  8.373
 75     5.063 54853.32687030 12.37  54.228038  68.170515  2.427
 75     5.085 54853.32687095 11.83  54.224258  68.167475  2.427
 75     3.884 54853.32687159 12.73  54.220488  68.164435  2.427
 75    -0.186 54853.32687224 12.67  54.216718  68.161395  2.427
 75     0.104 54853.32687288 12.49  54.212948  68.158355  2.427
 75     0.781 54853.32687353 13.03  54.209178  68.155305  2.427
 75    -0.106 54853.32687417 12.88  54.205408  68.152265  2.427
 75    -0.231 54853.32687482 13.23  54.201638  68.149225  2.427
 75    -0.247 54853.32687546 13.39  54.197868  68.146185  2.427
 75    -0.233 54853.32687610 13.08  54.194106  68.143144  3.238
 75    -0.410 54853.32687675 13.20  54.190336  68.140104  3.238
 75    -0.274 54853.32687739 13.34  54.186576  68.137054  3.238
 75    -0.121 54853.32687804 13.87  54.182806  68.134014  3.238
 75    -0.257 54853.32687868 13.90  54.179046  68.130974  3.238
 75     0.024 54853.32687933 13.15  54.175286  68.127934  3.238
 75    -0.016 54853.32687997 13.70  54.171526  68.124894  3.238
 75    -0.239 54853.32688062 14.64  54.167766  68.121844  3.238
 75    -0.161 54853.32688126 14.75  54.164006  68.118804  3.238
 75     0.159 54853.32688191 14.09  54.160246  68.115764  3.238
 75     0.230 54853.32688255 13.95  54.156486  68.112724  3.238
 75     0.358 54853.32688320 13.28  54.152726  68.109684  3.238
 75     0.293 54853.32688384 13.66  54.148976  68.106634  3.238
 75     0.282 54853.32688449 13.46  54.145216  68.103594  3.238
 75     0.113 54853.32688513 13.10  54.141466  68.100554  3.238
 75     0.168 54853.32688577 12.77  54.137716  68.097514  3.238
 76     5.678 54888.32689969  9.70  54.232464  68.170146  2.625
 76     5.762 54888.32690034  9.80  54.228684  68.167106  2.625
 76     4.291 54888.32690098 10.19  54.224914  68.164066  2.625
 76     3.666 54888.32690163 10.24  54.221144  68.161026  2.625
 76     0.104 54888.32690356 12.33  54.209824  68.151896  2.625
 76     0.012 54888.32690420 12.46  54.206056  68.148852  4.116
 76    -1.701 54888.32690485 15.01  54.202286  68.145812  4.116
 76    -1.294 54888.32690549 13.46  54.198526  68.142772  4.116
 76    -1.578 54888.32690614 14.97  54.194756  68.139732  4.116
 76    -0.957 54888.32690807 12.79  54.183466  68.130612  4.116
 76    -1.121 54888.32690872 13.42  54.179696  68.127562  4.116
 76    -1.057 54888.32690936 13.22  54.175936  68.124522  4.116
 76     0.001 54888.32691065 12.81  54.168416  68.118442  4.116
 76    -0.150 54888.32691130 12.87  54.164656  68.115402  4.116
 76     0.086 54888.32691194 12.73  54.160896  68.112362  4.116
 76     0.569 54888.32691323 12.15  54.153386  68.106272  4.116
 76     0.814 54888.32691387 11.92  54.149626  68.103232  4.116
 76     0.592 54888.32691452 12.14  54.145876  68.100182  4.116
 76     0.503 54888.32691516 12.06  54.142126  68.097142  4.116
 77     0.173 54923.32686649  9.27  54.238677  68.190577  2.752
 77     3.702 54923.32686714  9.18  54.234897  68.187527  2.752
 77     3.383 54923.32686778  9.62  54.231117  68.184487  2.752
 77     0.360 54923.32686843 10.03  54.227337  68.181447  2.752
 77     0.297 54923.32686907 10.63  54.223567  68.178407  2.752
 77     0.481 54923.32686972 10.10  54.219787  68.175367  2.752
 77     3.146 54923.32687036  9.84  54.216017  68.172327  2.752
 77     2.984 54923.32687101 10.20  54.212247  68.169287  2.752
 77     2.790 54923.32687165 10.03  54.208467  68.166247  2.752
 77     0.073 54923.32687230 10.88  54.204697  68.163197  2.752
 77     0.136 54923.32687294 10.70  54.200927  68.160157  2.752
 77     0.205 54923.32687358 11.03  54.197157  68.157117  2.752
 77     0.030 54923.32687423 11.31  54.193387  68.154077  2.752
 77    -0.176 54923.32687487 11.55  54.189627  68.151037  2.752
 77    -0.120 54923.32687552 10.71  54.185857  68.147997  2.752
 77     0.164 54923.32687616 10.06  54.182087  68.144949  2.818
 77     0.008 54923.32687681 10.74  54.178327  68.141909  2.818
 77     0.136 54923.32687745 10.37  54.174567  68.138869  2.818
 77     0.136 54923.32687810 10.88  54.170797  68.135829  2.818
 77     0.378 54923.32687874 10.61  54.167037  68.132779  2.818
 77     0.176 54923.32687939 10.59  54.163277  68.129739  2.818
 77    -0.014 54923.32688003 11.57  54.159517  68.126699  2.818
 77     0.239 54923.32688068 10.49  54.155757  68.123659  2.818
 77     0.222 54923.32688132 11.11  54.151997  68.120609  2.818
 77     0.438 54923.32688197 10.93  54.148247  68.117569  2.818
 77     0.700 54923.32688261 10.82  54.144487  68.114529  2.818
 77     0.844 54923.32688326 10.73  54.140737  68.111489  2.818
 77     0.999 54923.32688390 10.20  54.136977  68.108439  2.818
 77     0.767 54923.32688454 10.22  54.133227  68.105399  2.818
 78    13.065 54958.32690773  1.68  54.171317  68.115656  2.290
 78    13.300 54958.32690838  1.63  54.167557  68.112616  2.290
 78    12.050 54958.32690902  2.15  54.163797  68.109576  2.290
 78    11.985 54958.32691096  2.05  54.152527  68.100446  2.290
 78    12.378 54958.32691160  2.41  54.148777  68.097396  2.290
 78    11.754 54958.32691225  2.08  54.145017  68.094356  2.290
 78    11.239 54958.32691289  2.01  54.141267  68.091316  2.290
 79     1.273 54993.32691934 53.29  54.228551  68.168603 21.076
 79     1.456 54993.32692063 48.52  54.221001  68.162523 21.076
 79     1.462 54993.32692128 48.88  54.217231  68.159473 21.076
 79     1.407 54993.32692192 48.97  54.213461  68.156433 21.076
 79     1.350 54993.32692257 48.36  54.209691  68.153393 21.076
 79     1.435 54993.32692321 48.05  54.205921  68.150353 21.076
 79     1.531 54993.32692385 47.14  54.202152  68.147316 21.786
 79     1.479 54993.32692450 47.10  54.198382  68.144276 21.786
 79     1.527 54993.32692514 45.45  54.194612  68.141226 21.786
 79     1.339 54993.32692579 42.65  54.190852  68.138186 21.786
 79     1.638 54993.32692708 38.86  54.183322  68.132106 21.786
 79     1.559 54993.32692772 44.19  54.179552  68.129066 21.786
 79     1.573 54993.32692837 45.09  54.175792  68.126016 21.786
 79     1.637 54993.32692901 43.19  54.172032  68.122976 21.786
 79     1.570 54993.32692966 40.73  54.168272  68.119936 21.786
 79     1.629 54993.32693030 39.18  54.164512  68.116896 21.786
 79     1.464 54993.32693095 39.12  54.160752  68.113856 21.786
 79     1.522 54993.32693159 38.18  54.156992  68.110806 21.786
 79     1.547 54993.32693224 39.38  54.153242  68.107766 21.786
 79     1.598 54993.32693288 39.16  54.149482  68.104726 21.786
 79     1.572 54993.32693353 40.44  54.145732  68.101686 21.786
 79     1.530 54993.32693417 42.52  54.141972  68.098636 21.786
 79     1.650 54993.32693481 41.50  54.138222  68.095596 21.786
 80     8.008 55028.32690901 18.07  54.231708  68.171753 15.971
 80     7.689 55028.32690965 18.50  54.227928  68.168713 15.971
 80     0.914 55028.32691030 22.35  54.224158  68.165673 15.971
 80     7.141 55028.32691094 18.05  54.220388  68.162633 15.971
 80     6.333 55028.32691159 16.05  54.216608  68.159583 15.971
 80     6.201 55028.32691223 22.75  54.212838  68.156543 15.971
 80     0.600 55028.32691288 27.99  54.209068  68.153503 15.971
 80     0.503 55028.32691352 26.72  54.205298  68.150463 15.971
 80     3.875 55028.32691417 17.03  54.201530  68.147424  5.295
 80     9.795 55028.32691481 11.55  54.197770  68.144384  5.295
 80     9.346 55028.32691545 11.65  54.194000  68.141344  5.295
 80     9.219 55028.32691610 11.01  54.190230  68.138294  5.295
 80     8.506 55028.32691739 12.24  54.182710  68.132214  5.295
 80     7.540 55028.32691803 11.85  54.178940  68.129174  5.295
 80     6.853 55028.32691868 12.31  54.175180  68.126134  5.295
 80     5.562 55028.32691932 12.94  54.171420  68.123084  5.295
 80    10.180 55028.32691997 13.56  54.167660  68.120044  5.295
 80     1.776 55028.32692061 14.18  54.163900  68.117004  5.295
 80    -0.039 55028.32692126 16.05  54.160140  68.113964  5.295
 80     0.088 55028.32692190 16.22  54.156390  68.110914  5.295
 80    -0.090 55028.32692255 16.94  54.152630  68.107874  5.295
 80    -0.251 55028.32692319 20.04  54.148870  68.104834  5.295
 80    -0.169 55028.32692384 20.19  54.145120  68.101794  5.295
 80    -0.025 55028.32692448 21.69  54.141370  68.098744  5.295
 80     0.046 55028.32692512 16.30  54.137610  68.095704  5.295
 81     7.868 55063.32690110 18.89  54.232190  68.170845 14.805
 81     7.307 55063.32690175 20.96  54.228410  68.167805 14.805
 81     0.681 55063.32690239 28.91  54.224640  68.164765 14.805
 81     0.155 55063.32690304 26.17  54.220860  68.161725 14.805
 81     6.112 55063.32690368 20.43  54.217090  68.158685 14.805
 81     5.652 55063.32690433 22.87  54.213320  68.155635 14.805
 81     0.454 55063.32690497 28.43  54.209550  68.152595 14.805
 81     0.115 55063.32690562 27.77  54.205780  68.149555 14.805
 81     9.633 55063.32690626 17.72  54.202010  68.146515 14.805
 81     9.687 55063.32690690 14.95  54.198241  68.143473 14.468
 81     9.542 55063.32690755 15.46  54.194481  68.140433 14.468
 81     9.135 55063.32690819 16.73  54.190711  68.137393 14.468
 81     1.901 55063.32690948 20.55  54.183181  68.131303 14.468
 81    -2.184 55063.32691013 24.06  54.179421  68.128263 14.468
 81    -2.025 55063.32691077 26.30  54.175661  68.125223 14.468
 81    -0.790 55063.32691206 30.39  54.168141  68.119133 14.468
 81    -0.589 55063.32691271 30.56  54.164381  68.116093 14.468
 81    -0.153 55063.32691335 27.86  54.160621  68.113053 14.468
 81     0.135 55063.32691400 28.66  54.156861  68.110013 14.468
 81     0.041 55063.32691464 25.79  54.153111  68.106963 14.468
 81    -0.220 55063.32691529 25.60  54.149351  68.103923 14.468
 81    -0.333 55063.32691593 23.59  54.145601  68.100883 14.468
 81    -0.467 55063.32691657 25.61  54.141841  68.097843 14.468
 82     0.672 55098.32684392 43.53  54.237780  68.190136 14.866
 82     0.780 55098.32684456 38.12  54.234000  68.187096 14.866
 82     0.607 55098.32684521 33.84  54.230220  68.184056 14.866
 82     0.438 55098.32684585 27.30  54.226450  68.181016 14.866
 82     0.346 55098.32684649 28.29  54.222670  68.177976 14.866
 82     0.364 55098.32684714 26.38  54.218900  68.174936 14.866
 82    -0.006 55098.32684778 35.13  54.215120  68.171896 14.866
 82     0.250 55098.32684843 28.59  54.211350  68.168856 14.866
 82     0.237 55098.32684907 25.73  54.207580  68.165816 14.866
 82     0.245 55098.32684972 22.12  54.203810  68.162766 14.866
 82     0.220 55098.32685036 21.49  54.200040  68.159726 14.866
 82     0.222 55098.32685101 22.62  54.196270  68.156686 14.866
 82     0.551 55098.32685165 18.90  54.192500  68.153646 14.866
 82     8.541 55098.32685230 17.13  54.188730  68.150606 14.866
 82     0.720 55098.32685294 17.00  54.184970  68.147566 14.866
 82     7.616 55098.32685359 17.21  54.181200  68.144516 14.866
 82     8.063 55098.32685423 16.31  54.177435  68.141477  6.943
 82     8.108 55098.32685488 16.24  54.173675  68.138437  6.943
 82     7.830 55098.32685552 17.02  54.169915  68.135397  6.943
 82     0.345 55098.32685616 18.00  54.166155  68.132357  6.943
 82     0.267 55098.32685681 18.94  54.162395  68.129307  6.943
 82    -0.911 55098.32685745 24.67  54.158635  68.126267  6.943
 82     0.207 55098.32685810 20.46  54.154875  68.123227  6.943
 82     0.186 55098.32685874 20.88  54.151115  68.120187  6.943
 82     0.293 55098.32685939 20.24  54.147355  68.117137  6.943
 82     0.509 55098.32686003 21.85  54.143605  68.114097  6.943
 82     0.630 55098.32686068 24.81  54.139845  68.111057  6.943
 82     0.494 55098.32686132 24.93  54.136095  68.108017  6.943
 82     0.394 55098.32686197 23.79  54.132335  68.104967  6.943
 83     0.007 55133.32685643 42.62  54.171998  68.116967 34.095
 83     0.121 55133.32685708 44.31  54.168238  68.113927 34.095
 83    -0.002 55133.32685772 39.22  54.164478  68.110887 34.095
 83     0.067 55133.32685966 52.05  54.153208  68.101757 34.095
 83     0.108 55133.32686030 51.11  54.149458  68.098717 34.095
 83     0.161 55133.32686095 50.76  54.145698  68.095667 34.095
 83     0.029 55133.32686159 51.57  54.141948  68.092627 34.095
 84     1.075 55168.32680990 22.20  54.229951  68.172860  5.326
 84     0.888 55168.32681054 22.37  54.226181  68.169820  5.326
 84     0.832 55168.32681119 22.20  54.222411  68.166780  5.326
 84     0.737 55168.32681183 22.67  54.218631  68.163740  5.326
 84     0.765 55168.32681248 22.18  54.214861  68.160690  5.326
 84     0.737 55168.32681312 22.90  54.211091  68.157650  5.326
 84     0.717 55168.32681377 22.03  54.207321  68.154610  5.326
 84     0.716 55168.32681441 23.33  54.203551  68.151570  5.326
 84     0.661 55168.32681506 23.36  54.199781  68.148530  5.326
 84     0.632 55168.32681570 22.64  54.196021  68.145490  5.326
 84     0.684 55168.32681634 22.94  54.192248  68.142446  7.573
 84     0.799 55168.32681699 23.88  54.188488  68.139406  7.573
 84     0.809 55168.32681763 24.20  54.184718  68.136366  7.573
 84     0.871 55168.32681828 23.98  54.180958  68.133316  7.573
 84     0.595 55168.32681892 23.39  54.177198  68.130276  7.573
 84     0.740 55168.32681957 24.11  54.173428  68.127236  7.573
 84     0.733 55168.32682021 23.40  54.169668  68.124196  7.573
 84     0.625 55168.32682086 23.67  54.165908  68.121156  7.573
 84     0.590 55168.32682150 24.63  54.162158  68.118106  7.573
 84     0.633 55168.32682215 24.51  54.158398  68.115066  7.573
 84     0.553 55168.32682279 28.15  54.154638  68.112026  7.573
 84     0.416 55168.32682344 27.45  54.150888  68.108986  7.573
 84     0.183 55168.32682408 26.74  54.147128  68.105936  7.573
 84    -0.060 55168.32682473 26.51  54.143378  68.102896  7.573
 84     0.182 55168.32682537 25.50  54.139618  68.099856  7.573
 85     5.037 55203.32683966 14.27  54.225939  68.160603  2.372
 85     2.128 55203.32684869 16.14  54.173208  68.118017  3.443
 85     0.324 55203.32684933 16.90  54.169448  68.114977  3.443
 85     0.591 55203.32684998 16.39  54.165688  68.111937  3.443
 85     0.636 55203.32685191 16.90  54.154418  68.102807  3.443
 85     0.463 55203.32685255 16.34  54.150658  68.099767  3.443
 85     0.336 55203.32685320 16.53  54.146908  68.096727  3.443
 85     0.370 55203.32685384 16.68  54.143158  68.093677  3.443
 86    -0.261 55238.32681525 15.86  54.239311  68.184524  3.738
 86     0.013 55238.32681590 16.09  54.235541  68.181484  3.738
 86    -0.027 55238.32681654 16.27  54.231761  68.178444  3.738
 86    -0.068 55238.32681719 16.69  54.227981  68.175404  3.738
 86    -0.078 55238.32681783 17.28  54.224211  68.172364  3.738
 86     0.137 55238.32681847 17.62  54.220431  68.169324  3.738
 86     0.360 55238.32681912 17.54  54.216661  68.166284  3.738
 86     0.566 55238.32681976 17.58  54.212891  68.163234  3.738
 86     0.439 55238.32682041 18.14  54.209121  68.160194  3.738
 86     0.357 55238.32682105 18.85  54.205351  68.157154  3.738
 86     0.174 55238.32682170 18.93  54.201581  68.154114  3.738
 86    -0.160 55238.32682234 18.87  54.197811  68.151074  3.738
 86    -0.556 55238.32682299 18.95  54.194041  68.148034  3.738
 86    -0.629 55238.32682363 19.07  54.190273  68.144992  5.232
 86    -0.445 55238.32682428 17.38  54.186513  68.141952  5.232
 86    -0.294 55238.32682492 17.87  54.182743  68.138912  5.232
 86    -0.294 55238.32682557 17.58  54.178983  68.135862  5.232
 86    -0.239 55238.32682621 17.78  54.175223  68.132822  5.232
 86    -0.126 55238.32682686 17.34  54.171463  68.129782  5.232
 86    -0.189 55238.32682750 17.96  54.167693  68.126742  5.232
 86    -0.226 55238.32682815 18.85  54.163933  68.123692  5.232
 86    -0.273 55238.32682879 20.69  54.160183  68.120652  5.232
 86    -0.077 55238.32682943 20.37  54.156423  68.117612  5.232
 86     0.244 55238.32683008 19.85  54.152663  68.114572  5.232
 86     0.301 55238.32683072 20.32  54.148913  68.111532  5.232
 86     0.331 55238.32683137 20.99  54.145153  68.108482  5.232
 86     0.300 55238.32683201 20.66  54.141393  68.105442  5.232
 86     0.077 55238.32683266 21.25  54.137643  68.102402  5.232
 87     5.784 55273.32683207 11.88  54.228376  68.168377  2.708
 87     0.423 55273.32683336 12.31  54.220836  68.162287  2.708
 87     0.618 55273.32683400 13.00  54.217056  68.159247  2.708
 87     0.854 55273.32683465 12.78  54.213286  68.156207  2.708
 87     0.504 55273.32683529 12.62  54.209516  68.153167  2.708
 87     0.377 55273.32683594 12.65  54.205746  68.150127  2.708
 87     0.063 55273.32683658 13.10  54.201976  68.147089  3.717
 87     0.021 55273.32683723 13.30  54.198216  68.144039  3.717
 87    -0.009 55273.32683787 13.29  54.194446  68.140999  3.717
 87     0.065 55273.32683852 13.33  54.190676  68.137959  3.717
 87     0.262 55273.32683980 13.10  54.183156  68.131879  3.717
 87     0.299 55273.32684045 13.43  54.179386  68.128839  3.717
 87     0.341 55273.32684109 13.20  54.175626  68.125789  3.717
 87     0.374 55273.32684174 14.08  54.171866  68.122749  3.717
 87     0.284 55273.32684238 14.20  54.168106  68.119709  3.717
 87     1.051 55273.32684303 14.42  54.164346  68.116669  3.717
 87     0.494 55273.32684367 14.69  54.160586  68.113629  3.717
 87     0.277 55273.32684432 15.49  54.156836  68.110579  3.717
 87     0.466 55273.32684496 15.31  54.153076  68.107539  3.717
 87     0.423 55273.32684561 15.32  54.149316  68.104499  3.717
 87     0.417 55273.32684625 15.24  54.145566  68.101459  3.717
 87     0.424 55273.32684690 15.63  54.141816  68.098409  3.717
 87     0.293 55273.32684754 14.24  54.138056  68.095369  3.717
 88     9.676 55308.32679737 11.64  54.239405  68.186725  5.324
 88     8.655 55308.32679801 13.22  54.235625  68.183685  5.324
 88     8.182 55308.32679865 12.85  54.231845  68.180645  5.324
 88     5.652 55308.32679930 14.76  54.228075  68.177605  5.324
 88     5.687 55308.32679994 13.48  54.224295  68.174565  5.324
 88     5.089 55308.32680059 14.40  54.220525  68.171525  5.324
 88     4.989 55308.32680123 14.85  54.216745  68.168485  5.324
 88     0.633 55308.32680188 16.50  54.212975  68.165445  5.324
 88     0.652 55308.32680252 17.70  54.209205  68.162395  5.324
 88     0.546 55308.32680317 17.05  54.205435  68.159355  5.324
 88     0.359 55308.32680381 20.43  54.201665  68.156315  5.324
 88     0.228 55308.32680446 17.50  54.197895  68.153275  5.324
 88     0.136 55308.32680510 16.10  54.194125  68.150235  5.324
 88     0.011 55308.32680575 14.59  54.190365  68.147195  5.324
 88     3.807 55308.32680639 13.86  54.186599  68.144147  6.545
 88     0.129 55308.32680704 13.57  54.182829  68.141107  6.545
 88     4.366 55308.32680768 13.38  54.179069  68.138067  6.545
 88     0.107 55308.32680833 14.19  54.175309  68.135027  6.545
 88     3.891 55308.32680897 13.31  54.171539  68.131977  6.545
 88     0.151 55308.32680961 12.72  54.167779  68.128937  6.545
 88     3.053 55308.32681026 13.11  54.164019  68.125897  6.545
 88     3.170 55308.32681090 14.35  54.160259  68.122857  6.545
 88     0.058 55308.32681155 14.35  54.156509  68.119807  6.545
 88    -0.030 55308.32681219 16.15  54.152749  68.116767  6.545
 88     0.118 55308.32681284 16.65  54.148989  68.113727  6.545
 88     0.133 55308.32681348 18.05  54.145239  68.110687  6.545
 88     0.151 55308.32681413 19.00  54.141479  68.107637  6.545
 88     0.029 55308.32681477 19.67  54.137729  68.104597  6.545
 88    -0.008 55308.32681542 19.30  54.133979  68.101557  6.545
 89     0.666 55343.32680222 27.11  54.224499  68.161884 20.080
 89     9.470 55343.32680544 21.35  54.205649  68.146674 20.080
 89    10.031 55343.32680609 16.23  54.201879  68.143634 20.080
 89     9.524 55343.32680673 20.07  54.198110  68.140593  5.839
 89     9.335 55343.32680867 21.67  54.186820  68.131463  5.839
 89     9.388 55343.32680931 17.63  54.183050  68.128423  5.839
 89     5.472 55343.32680996 21.46  54.179290  68.125383  5.839
 89    10.826 55343.32681125 15.20  54.171770  68.119303  5.839
 89    10.376 55343.32681189 14.21  54.168010  68.116253  5.839
 89    12.503 55343.32681254 14.44  54.164250  68.113213  5.839
 89     9.540 55343.32681318 14.51  54.160490  68.110173  5.839
 89     8.962 55343.32681447 16.12  54.152980  68.104083  5.839
 89     6.277 55343.32681511 16.26  54.149220  68.101043  5.839
 89     1.018 55343.32681576 18.50  54.145470  68.098003  5.839
 89     0.927 55343.32681640 19.18  54.141720  68.094963  5.839
 90     7.978 55378.32679490 20.03  54.228419  68.171389 14.977
 90     7.870 55378.32679555 18.68  54.224649  68.168349 14.977
 90     7.318 55378.32679619 17.70  54.220869  68.165309 14.977
 90     7.314 55378.32679684 17.06  54.217099  68.162259 14.977
 90     6.384 55378.32679748 19.61  54.213329  68.159219 14.977
 90     6.056 55378.32679813 22.45  54.209559  68.156179 14.977
 90     0.553 55378.32679877 24.63  54.205789  68.153139 14.977
 90     0.260 55378.32679942 25.58  54.202019  68.150099 14.977
 90     9.985 55378.32680006 16.65  54.198253  68.147059  6.509
 90     9.884 55378.32680071 15.70  54.194483  68.144019  6.509
 90     9.426 55378.32680135 17.28  54.190713  68.140979  6.509
 90     9.185 55378.32680200 18.37  54.186953  68.137929  6.509
 90     9.185 55378.32680264 17.97  54.183193  68.134889  6.509
 90     9.299 55378.32680329 16.63  54.179423  68.131849  6.509
 90     8.855 55378.32680393 17.73  54.175663  68.128809  6.509
 90     7.322 55378.32680457 17.98  54.171903  68.125769  6.509
 90     4.354 55378.32680522 19.15  54.168143  68.122719  6.509
 90    -0.004 55378.32680586 20.65  54.164383  68.119679  6.509
 90     0.059 55378.32680651 20.52  54.160623  68.116639  6.509
 90     0.101 55378.32680715 21.97  54.156863  68.113599  6.509
 90     0.232 55378.32680780 22.35  54.153113  68.110549  6.509
 90     0.049 55378.32680844 21.97  54.149353  68.107509  6.509
 90    -0.107 55378.32680909 23.03  54.145603  68.104469  6.509
 90    -0.016 55378.32680973 24.54  54.141843  68.101429  6.509
 90    -0.116 55378.32681038 25.55  54.138093  68.098379  6.509
 91    -0.151 55413.32683059 29.44  54.173405  68.116217 22.202
 91     0.027 55413.32683123 43.16  54.169645  68.113177 22.202
 91     0.141 55413.32683188 49.93  54.165885  68.110127 22.202
 91    -0.161 55413.32683381 36.76  54.154615  68.101007 22.202
 91    -0.178 55413.32683445 32.41  54.150865  68.097967 22.202
 91    -0.106 55413.32683510 29.03  54.147105  68.094917 22.202
 91    -0.032 55413.32683574 30.77  54.143355  68.091877 22.202
 92     7.850 55448.32680866 23.83  54.228942  68.170161 13.545
 92     7.930 55448.32680931 20.55  54.225172  68.167121 13.545
 92     7.856 55448.32680995 17.53  54.221392  68.164081 13.545
 92     7.209 55448.32681060 20.44  54.217622  68.161041 13.545
 92     6.245 55448.32681124 22.13  54.213852  68.158001 13.545
 92     0.870 55448.32681189 22.70  54.210082  68.154951 13.545
 92     0.874 55448.32681253 26.03  54.206312  68.151911 13.545
 92     9.614 55448.32681317 20.57  54.202542  68.148871 13.545
 92     9.877 55448.32681382 17.06  54.198772  68.145831 13.545
 92     9.871 55448.32681446 15.41  54.195012  68.142791 13.545
 92     9.379 55448.32681511 19.23  54.191245  68.139747  4.566
 92     9.566 55448.32681640 16.59  54.183715  68.133667  4.566
 92     9.716 55448.32681704 16.02  54.179955  68.130627  4.566
 92    10.004 55448.32681769 15.93  54.176195  68.127577  4.566
 92    10.501 55448.32681833 15.15  54.172425  68.124537  4.566
 92    10.964 55448.32681898 15.99  54.168665  68.121497  4.566
 92    12.058 55448.32681962 12.49  54.164905  68.118457  4.566
 92    12.228 55448.32682027 12.69  54.161155  68.115407  4.566
 92    15.647 55448.32682091 13.33  54.157395  68.112367  4.566
 92    13.066 55448.32682156 13.51  54.153635  68.109327  4.566
 92    12.513 55448.32682220 13.93  54.149885  68.106287  4.566
 92     0.441 55448.32682285 15.24  54.146125  68.103237  4.566
 92    10.303 55448.32682349 14.88  54.142375  68.100197  4.566
 92    10.391 55448.32682413 15.36  54.138625  68.097157  4.566
 93    10.998 55483.32673289 20.47  54.239893  68.191108  4.315
 93    10.512 55483.32673353 18.71  54.236113  68.188068  4.315
 93     8.796 55483.32673418 19.04  54.232343  68.185018  4.315
 93     8.091 55483.32673482 19.46  54.228563  68.181978  4.315
 93     9.373 55483.32673546 18.24  54.224783  68.178938  4.315
 93     7.780 55483.32673611 18.16  54.221013  68.175898  4.315
 93     7.442 55483.32673675 17.48  54.217243  68.172858  4.315
 93     7.175 55483.32673740 16.29  54.213463  68.169818  4.315
 93     7.296 55483.32673804 15.28  54.209693  68.166778  4.315
 93     6.761 55483.32673869 16.57  54.205923  68.163738  4.315
 93     5.824 55483.32673933 17.07  54.202153  68.160698  4.315
 93     5.318 55483.32673998 18.43  54.198383  68.157648  4.315
 93     8.443 55483.32674062 16.80  54.194613  68.154608  4.315
 93     8.893 55483.32674127 16.14  54.190853  68.151568  4.315
 93     8.928 55483.32674191 16.39  54.187083  68.148528  4.315
 93     8.899 55483.32674256 15.25  54.183323  68.145488  4.315
 93     8.522 55483.32674320 15.80  54.179553  68.142438  4.315
 93     8.462 55483.32674385 16.50  54.175796  68.139397  4.539
 93     8.358 55483.32674449 17.21  54.172026  68.136357  4.539
 93     8.523 55483.32674513 16.70  54.168266  68.133317  4.539
 93     8.374 55483.32674578 17.05  54.164506  68.130277  4.539
 93     7.806 55483.32674642 17.76  54.160746  68.127227  4.539
 93     9.341 55483.32674707 17.30  54.156986  68.124187  4.539
 93     0.815 55483.32674771 17.47  54.153236  68.121147  4.539
 93     0.777 55483.32674836 17.70  54.149476  68.118107  4.539
 93     0.696 55483.32674900 18.00  54.145716  68.115057  4.539
 93     0.902 55483.32674965 18.77  54.141966  68.112017  4.539
 93     0.773 55483.32675029 22.16  54.138206  68.108977  4.539
 93     0.687 55483.32675094 20.97  54.134456  68.105937  4.539
