# NaN NaN NaN ;Mean Elev.(m), Avg Gradient(m/km), RMS Gradient(m/km) - SRTM1     
#  -10.918  -0.005   4.792 ;Mean Elev.(m), Avg Gradient(m/km), RMS Gradient(m/km) - ASTER GDEM
#   30.000   0.147   1.160 ;Mean Elev.(m), Avg Gradient(m/km), RMS Gradient(m/km) - GMTED2010 
  7  52.219489  65.736300    14.330    14.346  7 52454.32548382 49.374
  8  52.217730  65.728447    13.867    13.655  4 52489.32546247 22.726
  9  52.221195  65.743800    16.484    16.335  7 52524.32543607 19.175
 10  52.218116  65.725891    13.096    12.990  4 52559.32548895 22.115
 11  52.217379  65.736460    12.215    12.229  8 52594.32549066 35.855
 13  52.218284  65.732341    14.353    14.681  6 52664.32545305 13.212
 15  52.216602  65.725624    17.776    17.775  4 52734.32545563 11.580
 16  52.222531  65.749425    11.454    11.452  4 52769.32544679 30.460
 17  52.220806  65.718241    14.069    14.138  3 52804.32548143 34.308
 18  52.220137  65.720846    17.553    17.617  4 52839.32554328 19.700
 19  52.218041  65.723751    10.482    10.512  4 52874.32558234 44.167
 22  52.218626  65.720606    12.035    11.473  3 52979.32554792 18.088
 23  52.219314  65.739037    16.182    16.338  8 53014.32554249 12.136
 24  52.220815  65.720399    17.508    17.554  3 53049.32551797 11.130
 25  52.220736  65.745000    16.986    16.981  7 53084.32554940 10.554
 26  52.217353  65.723018    12.667    13.024  4 53119.32552357  7.778
 27  52.217482  65.730396    17.703    17.740  6 53154.32557395 26.871
 28  52.219574  65.723064    17.783    17.797  4 53189.32556466 24.484
 29  52.218259  65.732001     9.925     9.902  7 53224.32557647 48.113
 30  52.221018  65.747979    16.613    16.577  3 53259.32554855 20.852
 31  52.217064  65.727334    17.029    17.031  4 53294.32557772 19.334
 32  52.215957  65.726934    11.020    11.047  4 53329.32555115 37.579
 33  52.218959  65.736507    12.681    12.720  7 53364.32550056 17.227
 34  52.218713  65.724268    10.968    10.958  3 53399.32552662 12.864
 35  52.217178  65.734828    15.931    16.007  7 53434.32551520 12.219
 36  52.220098  65.723115    18.107    18.184  3 53469.32555988 14.769
 37  52.218907  65.735422    13.957    13.967  7 53504.32560093 45.356
 38  52.217579  65.731593    16.917    17.606  6 53539.32559996 25.308
 39  52.218286  65.739105    11.146    10.600  8 53574.32559589 32.698
 40  52.222023  65.748942    12.727    12.481  4 53609.32554413 20.188
 41  52.220483  65.720011    16.389    16.758  3 53644.32555185 16.038
 42  52.217786  65.736981    11.997    11.996  8 53679.32556669 32.751
 43  52.218793  65.737059    10.001    10.069  7 53714.32549488 44.252
 45  52.215549  65.726032    12.334    12.314  4 53784.32544267 13.819
 46  52.223183  65.749150    16.106    16.395  4 53819.32539917 14.865
 47  52.217965  65.725602     9.937     9.961  4 53854.32548412 17.293
 48  52.219774  65.721556    17.085    17.030  4 53889.32549361 26.685
 49  52.216878  65.735239    11.351    11.329  7 53924.32555790 46.721
 50  52.220501  65.744844    16.170    16.430  6 53959.32554661 17.622
 52  52.220168  65.718817    10.371    10.382  3 54029.32554186 40.767
 53  52.216363  65.727126    12.453    12.455  4 54064.32553438 19.715
 54  52.220543  65.742789    11.415    11.300  7 54099.32549763 16.339
 55  52.220607  65.720433    16.538    16.461  3 54134.32545979 10.633
 57  52.220063  65.721141    17.365    17.430  4 54204.32546395 10.143
 58  52.216363  65.725432    15.980    15.976  4 54239.32549756 52.315
 59  52.216658  65.727760    17.531    17.522  4 54274.32551424 22.259
 60  52.217616  65.726301    11.954    11.957  4 54309.32551621 49.270
 61  52.219488  65.740411    12.003    12.016  9 54344.32549053 35.872
 62  52.218932  65.722444    17.367    17.261  3 54379.32545276 22.517
 63  52.217851  65.732749    11.990    11.993  7 54414.32544017 37.233
 64  52.219576  65.719715    11.499    11.494  3 54449.32542029 20.037
 65  52.217612  65.725868    12.042    12.376  3 54484.32543576 26.649
 66  52.220498  65.722203    16.261    16.219  3 54519.32543348 12.033
 67  52.218280  65.738038    10.237    10.222  8 54554.32544514 23.937
 68  52.217886  65.724802    10.959    10.984  4 54589.32542873 20.960
 69  52.217794  65.731320    17.688    17.673  6 54624.32544489 27.055
 70  52.217214  65.729541    11.940    11.916  5 54659.32545386 46.603
 71  52.217681  65.733855    10.334    10.363  7 54694.32543306 50.438
 72  52.219287  65.722153    13.888    12.352  3 54729.32540945 24.604
 73  52.217178  65.728507    15.959    17.245  4 54764.32541226 24.339
 74  52.219116  65.719328    12.063    12.107  3 54799.32540361 36.952
 75  52.216833  65.729723    12.642    12.982  5 54834.32540270 15.623
 76  52.220297  65.719478    11.947    12.043  3 54869.32540040 11.725
 77  52.222143  65.744865    15.158    15.459  7 54904.32540922 12.925
 78  52.219446  65.723878    15.865    16.180  4 54939.32539065  9.177
 79  52.216935  65.725805    14.765    14.764  4 54974.32542105 50.938
 80  52.218032  65.733420    17.243    17.216  7 55009.32543323 21.920
 81  52.216450  65.725772    12.871    12.828  4 55044.32542463 21.912
 82  52.217515  65.737359    12.801    12.872  8 55079.32539895 22.268
 83  52.218089  65.722894    15.697    15.758  4 55114.32535753 18.654
 84  52.217784  65.730881    10.550    10.502  5 55149.32535620 44.827
 85  52.220913  65.721735    11.757    10.972  3 55184.32534062 15.847
 86  52.217704  65.733496    11.803    11.997  7 55219.32535355 14.545
 87  52.219201  65.720951    10.969    10.918  3 55254.32533703 13.171
 88  52.222185  65.744453    15.956    17.047  7 55289.32534103  9.134
 89  52.217986  65.730617    16.635    16.637  5 55324.32532192 52.398
 90  52.217994  65.732510    14.568    14.600  6 55359.32531982 41.172
 91  52.218507  65.723822    13.203    11.352  3 55394.32532556 23.824
 92  52.217429  65.726251    13.929    13.702  4 55429.32533654 21.596
 93  52.218275  65.739358    15.592    16.412  9 55464.32529696 21.802
