-173408.093    -3.336     0.00    0.00
-173039.971    -3.336     0.00    0.00
-172671.931    -3.336     0.00    0.00
-172303.974    -3.336     0.00    0.00
-171936.099    -3.336     0.00    0.00
-171568.307    -3.336     0.00    0.00
-171200.597    -3.336     0.00    0.00
-170832.969    -3.336     0.00    0.00
-170465.423    -3.336     0.00    0.00
-170097.960    -3.336     0.00    0.00
-169730.578    -3.336     0.00    0.00
-169363.278    -3.336     0.00    0.00
-168996.061    -3.336     0.00    0.00
-168628.925    -3.336     0.00    0.00
-168261.871    -3.336     0.00    0.00
-167894.899    -3.336     0.00    0.00
-167528.008    -3.336     0.00    0.00
-167161.200    -2.826     1.39    2.60
-166794.473     0.318     8.57    7.80
-166427.827     4.965    12.68   10.95
-166061.263     9.756    13.07   12.18
-165694.780    13.917    11.35   10.80
-165328.379    16.764     7.77    9.34
-164962.059    19.090     6.35    6.76
-164595.821    18.793    -0.81    5.16
-164229.663    16.684    -5.76    6.07
-163863.587    14.839    -5.04    5.31
-163497.592    13.828    -2.76    3.96
-163131.679    13.072    -2.06    3.73
-162765.846    12.674    -1.09    3.65
-162400.094    13.645     2.65    3.59
-162034.423    12.811    -2.28    4.03
-161668.833    11.623    -3.25    4.68
-161303.323    12.470     2.32    4.73
-160937.895    12.199    -0.74    4.57
-160572.547    12.548     0.95    4.98
-160207.280    14.664     5.80    4.92
-159842.093    16.394     4.74    5.61
-159476.987    16.373    -0.06    6.04
-159111.962    15.409    -2.64    6.50
-158747.017    12.509    -7.95    6.63
-158382.152    10.331    -5.97    5.36
-158017.235     8.110    -6.09    3.83
-157635.519     7.387    -1.89    3.59
-157253.891     7.949     1.47    4.01
-156872.354     7.422    -1.38    4.17
-156490.905     7.268    -0.40    4.60
-156109.547     6.703    -1.48    4.69
-155728.277     6.946     0.64    4.79
-155347.097     8.800     4.87    4.43
-154966.007    11.044     5.89    4.49
-154585.005    13.037     5.23    4.47
-154204.092    14.744     4.48    3.30
-153823.269    15.772     2.70    2.92
-153442.535    17.224     3.81    3.07
-153061.889    17.280     0.15    4.13
-152681.333    16.159    -2.94    6.49
-152300.865    14.792    -3.59    6.62
-151920.486    12.943    -4.86    5.73
-151540.196    11.334    -4.23    5.68
-151159.994    13.634     6.05    5.17
-150779.881    13.684     0.13    5.25
-150399.857    13.452    -0.61    5.38
-150019.921    15.751     6.05    5.94
-149640.073    17.748     5.26    6.87
-149260.314    17.693    -0.14    8.18
-148880.643    14.654    -8.01   11.28
-148501.060    10.655   -10.54   11.79
-148121.566     6.854   -10.02   12.14
-147742.159     3.429    -9.03   11.42
-147362.841    -0.190    -9.54    8.74
-146983.610    -3.142    -7.78    1.45
-146604.468    -3.336    -0.51    0.00
-146225.413    -3.336     0.00    0.00
-145846.446    -3.336     0.00    0.00
-145467.567    -3.336     0.00    0.00
-145088.776    -3.336     0.00    0.00
-144710.072    -3.336     0.00    0.00
-144331.455    -3.336     0.00    0.00
-143952.927    -3.336     0.00    0.00
-143574.485    -3.336     0.00    0.00
-143196.131    -3.336     0.00    0.00
-142817.864    -3.336     0.00    0.00
-142439.685    -3.336     0.00    0.00
-142061.593    -3.336     0.00    0.00
-141683.588    -3.336     0.00    0.00
-141305.670    -3.336     0.00    0.00
-140927.839    -3.336     0.00    0.00
-140550.095    -3.336     0.00    0.00
-140172.438    -3.336     0.00    0.00
-139794.867    -3.336     0.00    0.00
-139417.384    -3.336     0.00    0.00
-139039.987    -3.336     0.00    0.00
-138662.677    -3.336     0.00    0.00
-138285.454    -3.336     0.00    0.00
-137908.317    -3.336     0.00    0.00
-137531.266    -3.336     0.00    0.00
-137154.302    -3.336     0.00    0.00
-136777.425    -3.336     0.00    0.00
-136400.633    -3.336     0.00    0.00
-136023.928    -3.336     0.00    0.00
-135647.309    -3.336     0.00    0.00
-135270.777    -1.586     4.65    5.34
-134894.330     3.929    14.65   11.17
-134517.970    11.464    20.02   13.55
-134141.695    18.772    19.42   11.98
-133765.506    24.714    15.80    6.83
-133389.403    25.439     1.93    3.22
-133013.386    23.633    -4.80    3.71
-132637.455    21.549    -5.54    3.37
-132261.609    20.223    -3.53    2.82
-131885.849    21.101     2.34    3.87
-131510.175    22.846     4.65    4.70
-131134.586    24.076     3.27    5.54
-130759.082    25.149     2.86    6.01
-130383.664    25.772     1.66    5.96
-130008.331    25.464    -0.82    7.01
-129633.084    25.694     0.61    7.79
-129257.921    25.468    -0.60    8.51
-128882.844    23.544    -5.13    9.41
-128507.852    19.743   -10.14   11.92
-128132.945    17.109    -7.03   11.58
-127758.123    15.037    -5.53   10.36
-127383.386    13.746    -3.45    9.20
-127008.734    11.742    -5.35    8.74
-126634.166    11.784     0.11    9.12
-126259.684    14.276     6.66    8.28
-125885.286    16.828     6.82    5.52
-125510.972    16.179    -1.73    4.87
-125136.744    15.084    -2.93    5.11
-124762.599    14.704    -1.02    4.79
-124388.540    14.988     0.76    4.23
-124014.564    16.264     3.41    1.98
-123640.674    16.007    -0.69    1.76
-123266.867    16.755     2.00    2.72
-122893.145    18.027     3.40    2.97
-122519.506    19.084     2.83    2.77
-122145.952    20.331     3.34    2.13
-121772.483    20.450     0.32    2.25
-121399.097    20.958     1.36    2.86
-121025.795    21.479     1.39    3.41
-120652.577    20.007    -3.94    4.77
-120279.442    20.744     1.97    5.02
-119906.392    21.164     1.13    5.36
-119533.426    22.233     2.87    4.89
-119160.543    25.524     8.83    3.97
-118787.743    26.498     2.61    3.97
-118415.028    27.891     3.74    3.30
-118042.395    27.585    -0.82    4.67
-117669.847    25.919    -4.47    5.63
-117297.381    25.490    -1.15    5.67
-116925.000    24.498    -2.66    5.56
-116552.701    23.743    -2.03    4.27
-116180.486    23.775     0.09    3.16
-115808.353    24.282     1.36    2.66
-115436.304    23.404    -2.36    3.01
-115064.338    22.775    -1.69    3.17
-114692.455    21.773    -2.70    3.30
-114320.655    20.308    -3.94    3.42
-113948.938    20.536     0.61    4.28
-113577.304    19.707    -2.23    4.97
-113205.753    19.556    -0.41    5.06
-112834.284    20.644     2.93    3.59
-112462.898    22.120     3.97    3.12
-112091.595    23.454     3.59    2.92
-111720.374    22.384    -2.88    4.25
-111349.236    20.783    -4.31    4.76
-110978.181    18.940    -4.97    4.02
-110607.207    18.645    -0.80    3.68
-110236.317    19.425     2.10    3.72
-109865.508    20.772     3.63    3.97
-109494.782    20.571    -0.54    4.14
-109124.138    19.841    -1.97    4.31
-108753.576    19.977     0.37    4.21
-108383.096    20.104     0.34    3.39
-108012.698    19.754    -0.94    3.58
-107642.382    19.543    -0.57    3.35
-107272.149    19.506    -0.10    3.24
-106901.997    20.262     2.04    3.72
-106531.927    22.390     5.75    3.05
-106161.938    23.331     2.54    2.37
-105792.032    22.304    -2.78    3.11
-105422.207    20.826    -4.00    3.40
-105052.464    18.064    -7.47    5.40
-104682.802    13.008   -13.68    8.19
-104313.222     7.745   -14.24    8.82
-103943.723     3.449   -11.63    7.13
-103574.305    -0.336   -10.24    0.00
-103204.969    -0.336     0.00    0.00
-102835.715    -0.336     0.00    0.00
-102466.541    -0.336     0.00    0.00
-102097.449    -0.336     0.00    0.00
-101728.438    -0.336     0.00    0.00
-101359.508    -0.336     0.00    0.00
-100990.659    -0.336     0.00    0.00
-100621.891    -0.336     0.00    0.00
-100253.204    -0.336     0.00    0.00
 -99884.598    -0.336     0.00    0.00
 -99516.072    -0.336     0.00    0.00
 -99147.628    -0.336     0.00    0.00
 -98779.264    -0.336     0.00    0.00
 -98410.980    -0.336     0.00    0.00
 -98042.778    -0.336     0.00    0.00
 -97674.656    -0.336     0.00    0.00
 -97306.614    -0.336     0.00    0.00
 -96938.653    -0.336     0.00    0.00
 -96570.772    -0.336     0.00    0.00
 -96202.972    -0.336     0.00    0.00
 -95835.252    -0.326     0.03    0.10
 -95467.612    -0.148     0.48    0.80
 -95100.053     0.025     0.47    1.04
 -94732.573     0.194     0.46    1.35
 -94365.174     0.417     0.61    1.75
 -93997.855     0.484     0.18    1.87
 -93630.615     0.472    -0.03    1.86
 -93263.456     0.394    -0.21    1.78
 -92896.376     0.354    -0.11    1.93
 -92529.377     0.409     0.15    2.49
 -92162.457     0.308    -0.28    2.22
 -91795.617     0.243    -0.18    2.17
 -91428.856     0.076    -0.46    1.73
 -91062.175    -0.043    -0.32    1.46
 -90695.574    -0.256    -0.58    0.56
 -90329.052    -0.336    -0.22    0.00
 -89962.610    -0.336     0.00    0.00
 -89596.247    -0.336     0.00    0.00
 -89229.964    -0.336     0.00    0.00
 -88863.759    -0.336     0.00    0.00
 -88497.634    -0.336     0.00    0.00
 -88131.589    -0.336     0.00    0.00
 -87765.622    -0.336     0.00    0.00
 -87399.735    -0.336     0.00    0.00
 -87033.927    -0.336     0.00    0.00
 -86668.197    -0.336     0.00    0.00
 -86302.547    -0.336     0.00    0.00
 -85936.975    -0.336     0.00    0.00
 -85571.483    -0.336     0.00    0.00
 -85206.069    -0.336     0.00    0.00
 -84840.734    -0.336     0.00    0.00
 -84475.478    -0.336     0.00    0.00
 -84110.300    -0.336     0.00    0.00
 -83745.201    -0.336     0.00    0.00
 -83380.181    -0.336     0.00    0.00
 -83003.735    -0.336     0.00    0.00
 -82622.275    -0.336     0.00    0.00
 -82240.903    -0.336     0.00    0.00
 -81859.618    -0.336     0.00    0.00
 -81478.421    -0.336     0.00    0.00
 -81097.310    -0.336     0.00    0.00
 -80716.287    -0.336     0.00    0.00
 -80335.350    -0.336     0.00    0.00
 -79954.500    -0.336     0.00    0.00
 -79573.738    -0.336     0.00    0.00
 -79193.062    -0.336     0.00    0.00
 -78812.472    -0.336     0.00    0.00
 -78431.970    -0.336     0.00    0.00
 -78051.554    -0.336     0.00    0.00
 -77671.225    -0.336     0.00    0.00
 -77290.982    -0.336     0.00    0.00
 -76910.825    -0.176     0.42    1.13
 -76530.755     0.624     2.10    3.33
 -76150.772     1.924     3.42    5.01
 -75770.874     3.058     2.99    5.63
 -75391.063     4.389     3.50    5.88
 -75011.338     6.294     5.02    6.53
 -74631.699     8.796     6.59    6.98
 -74252.146    10.967     5.72    6.53
 -73872.679    12.919     5.14    5.24
 -73493.299    13.714     2.10    3.33
 -73114.003    14.021     0.81    1.74
 -72734.794    14.537     1.36    1.84
 -72355.671    15.175     1.68    1.81
 -71976.633    15.784     1.61    1.54
 -71597.681    16.195     1.08    1.14
 -71218.814    16.615     1.11    1.22
 -70840.033    17.211     1.57    0.98
 -70461.338    17.422     0.56    1.10
 -70082.728    17.496     0.20    1.12
 -69704.203    17.476    -0.05    1.31
 -69325.763    17.356    -0.32    1.26
 -68947.409    17.474     0.31    1.28
 -68569.140    17.708     0.62    1.21
 -68190.956    17.994     0.76    1.30
 -67812.857    18.102     0.28    1.21
 -67434.844    17.914    -0.50    1.25
 -67056.915    17.545    -0.98    1.16
 -66679.071    17.058    -1.29    0.83
 -66301.312    16.906    -0.40    0.78
 -65923.638    16.967     0.16    0.92
 -65546.048    16.591    -1.00    1.05
 -65168.543    16.254    -0.89    1.27
 -64791.123    15.496    -2.01    2.05
 -64413.787    11.389   -10.88    6.64
 -64036.536     7.032   -11.55    7.73
 -63659.370     2.988   -10.72    5.97
 -63282.287     2.417    -1.51    5.61
 -62905.289     5.874     9.17    7.14
 -62528.376     8.765     7.67    6.86
 -62151.546    11.452     7.13    5.66
 -61774.801    13.501     5.44    3.37
 -61398.140    13.866     0.97    1.48
 -61021.563    12.384    -3.94    3.53
 -60645.070    11.011    -3.65    4.18
 -60268.661    10.562    -1.19    4.19
 -59892.336    10.541    -0.06    4.15
 -59516.094    11.354     2.16    3.41
 -59139.937    12.717     3.62    1.78
 -58763.863    13.351     1.69    2.48
 -58387.873    14.425     2.86    2.98
 -58011.966    14.864     1.17    2.84
 -57636.144    14.962     0.26    2.65
 -57260.404    14.021    -2.50    2.56
 -56884.748    13.295    -1.93    2.19
 -56509.176    12.846    -1.19    1.83
 -56133.687    12.527    -0.85    1.64
 -55758.281    12.484    -0.11    1.40
 -55382.958    12.376    -0.29    1.15
 -55007.719    11.988    -1.03    1.28
 -54632.562    11.297    -1.84    1.17
 -54257.489    11.032    -0.71    1.08
 -53882.499    10.924    -0.29    0.93
 -53507.592    10.831    -0.25    0.95
 -53132.767    10.775    -0.15    0.97
 -52758.026    10.787     0.03    0.98
 -52383.367    10.675    -0.30    1.05
 -52008.791    11.112     1.17    1.62
 -51634.298    11.574     1.23    1.69
 -51259.888    11.958     1.02    1.54
 -50885.560    12.434     1.27    1.52
 -50511.314    12.600     0.44    1.61
 -50137.151    13.394     2.12    2.06
 -49763.071    14.252     2.29    2.01
 -49389.073    15.533     3.43    1.89
 -49015.157    16.283     2.01    1.93
 -48641.323    16.291     0.02    1.75
 -48267.572    16.685     1.06    1.90
 -47893.903    17.324     1.71    2.22
 -47520.316    17.868     1.46    2.17
 -47146.811    17.001    -2.32    3.39
 -46773.388    16.724    -0.74    3.49
 -46400.047    16.696    -0.08    3.86
 -46026.787    17.334     1.71    3.88
 -45653.610    18.718     3.71    2.68
 -45280.514    17.964    -2.02    2.94
 -44907.501    16.393    -4.21    2.17
 -44534.569    16.368    -0.06    2.83
 -44161.718    16.772     1.08    3.60
 -43788.949    17.624     2.28    3.86
 -43416.262    18.389     2.05    3.60
 -43043.656    19.058     1.80    2.99
 -42671.131    20.180     3.01    4.14
 -42298.688    22.422     6.02    4.17
 -41926.326    23.977     4.18    3.91
 -41554.046    23.793    -0.49    4.68
 -41181.846    21.543    -6.05    5.45
 -40809.728    19.566    -5.31    4.56
 -40437.691    19.444    -0.33    3.88
 -40065.735    21.137     4.55    3.68
 -39693.860    23.190     5.52    4.20
 -39322.066    23.935     2.01    3.68
 -38950.353    24.149     0.58    4.06
 -38578.720    24.489     0.91    4.30
 -38207.169    24.011    -1.29    4.57
 -37835.698    23.032    -2.64    5.15
 -37464.308    22.510    -1.41    5.20
 -37092.998    23.514     2.71    5.54
 -36721.769    23.737     0.60    5.13
 -36350.621    24.194     1.23    4.66
 -35979.553    25.827     4.40    4.34
 -35608.565    27.195     3.69    4.27
 -35237.658    29.352     5.82    3.36
 -34866.831    30.879     4.12    3.08
 -34496.085    29.848    -2.78    4.41
 -34125.418    29.572    -0.75    4.44
 -33754.832    29.159    -1.11    3.87
 -33384.326    28.828    -0.89    3.43
 -33013.900    30.511     4.55    3.49
 -32643.554    31.729     3.29    4.22
 -32273.288    32.460     1.98    3.80
 -31903.102    32.740     0.76    3.69
 -31532.996    32.514    -0.61    3.33
 -31162.969    30.831    -4.55    3.61
 -30793.023    29.684    -3.10    3.73
 -30423.156    28.925    -2.05    3.34
 -30053.368    27.087    -4.97    2.78
 -29683.661    26.879    -0.56    3.18
 -29314.032    27.331     1.22    3.82
 -28944.484    26.448    -2.39    4.22
 -28575.015    27.306     2.32    4.17
 -28205.625    28.953     4.46    4.99
 -27836.314    31.523     6.96    5.53
 -27467.083    34.856     9.03    4.58
 -27097.931    35.777     2.49    3.33
 -26728.859    37.164     3.76    3.45
 -26359.865    38.829     4.51    2.77
 -25990.950    39.562     1.99    3.26
 -25622.115    37.634    -5.23    6.03
 -25253.359    34.503    -8.49    8.04
 -24884.681    32.303    -5.97    7.46
 -24516.083    31.577    -1.97    5.97
 -24147.563    32.850     3.45    5.75
 -23779.122    34.935     5.66    5.39
 -23410.760    35.909     2.64    3.83
 -23042.476    36.427     1.41    3.89
 -22674.272    36.922     1.34    4.76
 -22306.145    36.887    -0.10    5.57
 -21938.098    37.320     1.18    5.50
 -21570.128    37.064    -0.70    4.53
 -21202.238    36.632    -1.18    3.66
 -20834.425    38.543     5.20    4.10
 -20466.691    41.106     6.97    4.82
 -20099.036    43.399     6.24    4.27
 -19731.458    44.108     1.93    3.42
 -19363.959    42.622    -4.04    4.34
 -18996.538    38.129   -12.23    6.81
 -18629.195    32.969   -14.05    7.72
 -18261.930    29.604    -9.16    6.55
 -17894.743    27.885    -4.68    5.66
 -17527.634    28.038     0.42    5.63
 -17160.603    28.938     2.45    5.34
 -16793.650    30.248     3.57    5.16
 -16426.774    32.083     5.00    4.02
 -16059.977    33.462     3.76    3.45
 -15693.257    35.514     5.60    3.19
 -15326.614    38.077     6.99    3.40
 -14960.050    41.246     8.64    5.46
 -14593.563    45.313    11.10    7.74
 -14227.153    49.777    12.18    7.43
 -13860.821    52.829     8.33    7.50
 -13494.566    57.664    13.20    6.80
 -13128.389    60.190     6.90    5.79
 -12762.289    61.273     2.96    4.62
 -12396.266    61.169    -0.28    4.62
 -12030.320    60.008    -3.17    4.22
 -11664.452    59.368    -1.75    4.35
 -11298.661    58.885    -1.32    5.21
 -10932.946    59.539     1.79    5.15
 -10567.309    59.954     1.14    4.66
 -10201.749    61.969     5.51    5.42
  -9836.266    64.230     6.19    5.28
  -9470.860    65.473     3.40    4.58
  -9105.530    65.582     0.30    4.34
  -8740.277    64.133    -3.97    4.61
  -8368.833    61.879    -6.07    4.31
  -7987.541    59.414    -6.46    4.06
  -7606.335    56.066    -8.78    4.12
  -7225.213    53.236    -7.43    5.47
  -6844.176    49.221   -10.54    6.23
  -6463.225    45.612    -9.47    6.01
  -6082.357    43.052    -6.72    5.17
  -5701.575    41.237    -4.77    4.62
  -5320.877    38.891    -6.16    5.05
  -4940.264    36.917    -5.19    4.16
  -4559.736    36.001    -2.41    3.65
  -4179.292    36.643     1.69    4.99
  -3798.932    38.552     5.02    5.53
  -3418.657    40.517     5.17    5.19
  -3038.466    40.974     1.20    4.23
  -2658.360    41.001     0.07    3.47
  -2278.337    42.205     3.17    4.08
  -1898.399    40.727    -3.89    8.50
  -1518.545    35.427   -13.95   16.69
  -1138.775    28.538   -18.14   20.79
   -759.090    18.128   -27.42   20.62
   -379.488    10.572   -19.90   17.50
      0.030     4.879   -15.00   10.43
    379.465     4.538    -0.90    7.16
    758.815     8.963    11.67    7.91
   1138.082    12.791    10.09    6.17
   1517.265    15.809     7.96    1.33
   1896.364    15.674    -0.35    0.90
   2275.380    15.448    -0.60    0.83
   2654.312    15.464     0.04    0.72
   3033.161    15.338    -0.33    0.69
   3411.926    15.201    -0.36    0.73
   3790.608    14.966    -0.62    1.01
   4169.207    14.624    -0.91    1.45
   4547.723    13.468    -3.05    2.08
   4926.155    12.404    -2.81    2.08
   5304.504    11.675    -1.93    1.63
   5682.770    11.798     0.33    1.32
   6060.953    12.422     1.65    1.27
   6439.053    12.981     1.48    1.15
   6817.070    13.581     1.59    1.01
   7195.005    13.706     0.33    0.90
   7572.856    13.950     0.65    0.76
   7950.625    14.050     0.26    1.00
   8328.311    14.143     0.25    1.09
   8705.914    14.518     0.99    1.19
   9083.435    15.019     1.33    1.44
   9460.873    15.440     1.11    1.34
   9838.228    15.091    -0.92    1.50
  10215.502    14.633    -1.21    1.45
  10592.692    14.266    -0.97    1.23
  10969.801    14.190    -0.20    1.22
  11346.827    13.849    -0.90    1.57
  11723.771    13.766    -0.22    1.36
  12100.633    13.377    -1.03    1.25
  12477.413    13.129    -0.66    1.20
  12854.110    13.153     0.06    1.26
  13230.726    13.376     0.59    1.31
  13607.259    13.764     1.03    1.34
  13983.711    14.352     1.56    1.57
  14360.081    14.903     1.47    1.40
  14736.369    14.897    -0.02    1.43
  15112.575    14.523    -0.99    1.72
  15488.700    13.675    -2.26    1.81
  15864.743    13.126    -1.46    1.55
  16240.704    13.097    -0.08    1.33
  16616.584    13.697     1.59    1.72
  16992.382    15.060     3.63    3.31
  17368.099    17.029     5.24    4.78
  17743.734    19.695     7.10    6.80
  18119.288    20.186     1.31    6.62
  18494.761    19.551    -1.69    6.39
  18870.153    17.875    -4.46    5.50
  19245.463    16.071    -4.81    3.91
  19620.693    14.871    -3.20    3.40
  19995.841    13.801    -2.85    2.53
  20370.908    13.508    -0.78    1.52
  20745.894    13.264    -0.65    1.09
  21120.799    13.359     0.25    1.16
  21495.624    13.383     0.06    1.09
  21870.368    13.200    -0.49    0.93
  22245.030    13.034    -0.44    0.79
  22619.612    12.922    -0.30    0.68
  22994.114    12.709    -0.57    0.26
  23368.535    12.746     0.10    0.40
  23742.875    12.740    -0.01    0.34
  24117.135    12.675    -0.18    0.10
  24491.314    12.720     0.12    0.27
  24865.413    12.726     0.02    0.28
  25239.432    12.762     0.10    0.33
  25613.370    12.950     0.50    0.85
  25987.228    13.296     0.93    1.27
  26361.006    13.654     0.96    1.51
  26734.703    13.706     0.14    1.52
  27108.321    13.506    -0.54    1.42
  27481.859    13.362    -0.39    1.34
  27855.316    13.205    -0.42    0.95
  28228.694    13.643     1.17    1.52
  28601.991    14.836     3.20    2.31
  28975.209    16.035     3.21    2.59
  29348.347    16.730     1.86    2.41
  29721.405    17.634     2.42    2.85
  30094.384    18.566     2.50    4.30
  30467.283    19.998     3.84    6.11
  30840.102    20.925     2.49    6.96
  31212.842    21.530     1.62    7.40
  31585.502    23.214     4.52    7.84
  31958.083    24.860     4.42    8.20
  32330.585    25.019     0.43    8.03
  32703.007    22.831    -5.88    7.93
  33075.350    20.977    -4.98    6.35
  33447.613    23.623     7.11    9.68
  33819.798    29.127    14.79   11.93
  34191.903    36.822    20.68    9.84
  34563.929    42.233    14.54    5.52
  34935.876    42.496     0.71    5.01
  35307.744    41.154    -3.61    5.50
  35679.534    38.664    -6.70    7.74
  36051.244    35.547    -8.39    8.55
  36422.875    34.175    -3.69    8.07
  36794.428    33.727    -1.21    7.78
  37165.902    35.239     4.07    7.53
  37537.297    38.770     9.51    6.42
  37908.614    40.843     5.58    4.95
  38279.852    41.341     1.34    4.67
  38651.011    40.812    -1.43    5.85
  39022.092    39.970    -2.27    6.81
  39393.094    39.237    -1.98    7.00
  39764.019    38.428    -2.18    7.22
  40134.864    38.458     0.08    6.69
  40505.632    38.353    -0.28    5.56
  40876.321    39.871     4.09    5.07
  41246.932    40.831     2.59    3.81
  41617.465    41.307     1.29    3.43
  41987.919    41.292    -0.04    3.15
  42358.296    41.466     0.47    3.64
  42728.595    41.858     1.06    4.00
  43098.815    41.404    -1.23    4.39
  43468.958    40.538    -2.34    4.06
  43839.023    40.327    -0.57    3.93
  44209.010    40.943     1.66    3.81
  44578.920    41.382     1.19    3.34
  44948.751    40.935    -1.21    2.85
  45318.505    41.597     1.79    3.59
  45688.182    44.901     8.94    6.83
  46057.780    50.077    14.00    8.80
  46427.302    57.222    19.33   10.14
  46796.745    65.675    22.88    9.40
  47166.112    73.812    22.03   10.19
  47535.401    82.292    22.96    9.98
  47904.612    91.113    23.89    9.89
  48273.747    98.664    20.46    9.58
  48642.804   105.869    19.52    8.82
  49011.784   110.873    13.56    7.36
  49380.687   115.596    12.80    7.70
  49749.512   117.558     5.32    7.70
  50118.261   118.956     3.79    7.87
  50486.933   118.893    -0.17    8.18
  50855.527   118.707    -0.51    8.25
  51224.045   120.829     5.76    9.06
  51592.486   123.791     8.04    9.54
  51960.850   124.888     2.98    8.93
  52329.138   126.237     3.66    9.22
  52697.349   124.196    -5.54   10.45
  53065.483   120.963    -8.78   11.30
  53433.540   116.975   -10.83    9.21
  53801.521   116.258    -1.95    6.38
  54169.425   117.773     4.12    6.91
  54537.253   122.591    13.10    7.89
  54905.005   127.260    12.70    7.06
  55272.680   131.454    11.41    6.59
  55640.279   134.883     9.33    8.30
  56007.801   139.148    11.60    9.50
  56375.247   142.841    10.05    9.58
  56742.618   147.282    12.09    9.81
  57109.911   151.591    11.73   10.23
  57477.129   156.406    13.11   11.89
  57844.271   160.633    11.51   11.49
  58211.337   166.132    14.98   11.24
  58578.327   172.420    17.13   10.92
  58945.241   178.039    15.32    9.44
  59312.079   180.791     7.50    7.32
  59678.841   180.759    -0.09    6.80
  60045.527   178.120    -7.20    7.80
  60412.138   174.800    -9.06    7.40
  60778.673   171.785    -8.22    7.92
  61145.133   171.456    -0.90    9.13
  61511.517   169.356    -5.73    9.33
  61877.825   164.686   -12.75    9.62
  62244.058   160.570   -11.24    9.60
  62610.215   154.534   -16.48    8.52
  62976.297   150.268   -11.65    8.71
  63342.304   145.676   -12.55    8.21
  63708.235   143.391    -6.24    8.19
  64074.091   141.510    -5.14   10.46
  64439.872   134.841   -18.23   17.31
  64805.578   128.727   -16.72   18.52
  65171.209   124.643   -11.17   19.01
  65536.764   128.050     9.32   22.02
  65902.245   136.566    23.30   21.49
  66269.071   146.909    28.19   11.55
  66650.196   151.577    12.25    6.86
  67031.238   152.077     1.31    5.93
  67412.197   149.498    -6.77    7.33
  67793.074   143.633   -15.40    8.82
  68173.867   139.575   -10.65    6.13
  68554.579   140.810     3.24    7.01
  68935.208   145.469    12.24    7.41
  69315.754   150.579    13.43    5.34
  69696.218   154.104     9.26    3.41
  70076.599   156.149     5.37    3.82
  70456.899   158.159     5.29    3.73
  70837.116   158.643     1.27    3.97
  71217.250   155.998    -6.96    5.37
  71597.303   152.227    -9.92    5.88
  71977.273   149.100    -8.23    4.94
  72357.162   147.260    -4.84    4.26
  72736.968   146.824    -1.15    4.65
  73116.693   146.464    -0.95    5.23
  73496.335   145.292    -3.09    5.49
  73875.896   145.149    -0.38    5.55
  74255.375   146.599     3.82    6.33
  74634.772   150.706    10.82    7.59
  75014.088   157.213    17.15    6.43
  75393.322   161.388    11.01    5.00
  75772.474   164.005     6.90    3.04
  76151.545   164.496     1.30    3.68
  76530.534   163.170    -3.50    4.44
  76909.442   161.452    -4.53    5.26
  77288.269   160.281    -3.09    5.95
  77667.014   160.654     0.98    6.58
  78045.678   160.643    -0.03    7.37
  78424.261   160.518    -0.33    7.73
  78802.762   163.363     7.52    8.24
  79181.183   166.015     7.01    9.20
  79559.522   174.213    21.67    9.52
  79937.780   181.218    18.52   10.43
  80315.958   188.558    19.41   11.25
  80694.054   193.877    14.07    9.21
  81072.070   195.324     3.83    6.80
  81450.004   188.537   -17.96   12.35
  81827.859   180.760   -20.58   13.46
  82205.632   175.771   -13.21   10.53
  82583.325   175.869     0.26   10.13
  82960.937   178.529     7.04    9.38
  83338.468   180.588     5.45    6.99
  83715.919   179.822    -2.03    8.34
  84093.290   176.132    -9.78    9.78
  84470.580   171.909   -11.19   12.01
  84847.790   168.462    -9.14   12.57
  85224.919   166.090    -6.29   10.99
  85601.968   165.073    -2.70    8.52
  85978.937   166.643     4.16    6.34
  86355.826   169.180     6.73    6.07
  86732.635   173.664    11.90    6.98
  87109.364   177.827    11.05    7.05
  87486.013   181.496     9.74    5.40
  87862.581   184.069     6.83    4.34
  88239.070   186.370     6.11    4.70
  88615.479   189.488     8.29    6.49
  88991.809   194.664    13.75    8.79
  89368.058   199.598    13.11    7.92
  89744.228   200.043     1.18    7.27
  90120.318   197.226    -7.49    9.29
  90496.329   190.317   -18.37   10.12
  90872.260   183.032   -19.38   10.18
  91248.111   175.483   -20.08   10.42
  91623.884   167.541   -21.14    9.05
  91999.576   159.943   -20.22    9.69
  92375.190   153.342   -17.57    8.57
  92750.724   147.946   -14.37    7.37
  93126.178   144.831    -8.29    6.74
  93501.554   147.050     5.91    9.65
  93876.850   150.822    10.05   10.50
  94252.068   153.473     7.07    9.92
  94627.206   153.551     0.21   11.35
  95002.265   148.956   -12.25   10.33
  95377.246   144.445   -12.03    8.71
  95752.147   139.601   -12.92    8.97
  96126.970   137.458    -5.72    8.45
  96501.714   136.249    -3.22    7.40
  96876.379   137.077     2.21    7.93
  97250.965   141.106    10.76    8.15
  97625.473   145.298    11.19    8.17
  97999.902   148.489     8.52    9.38
  98374.252   149.577     2.91   10.52
  98748.524   146.824    -7.36   12.32
  99122.718   143.218    -9.64   10.43
  99496.833   141.643    -4.21    7.74
  99870.870   142.443     2.14    8.27
 100244.828   144.764     6.21    8.00
 100618.708   143.854    -2.44    8.86
 100992.510   143.027    -2.21    9.47
 101366.234   143.877     2.27   11.05
 101739.879   144.309     1.16   11.89
 102113.447   145.079     2.06   11.12
 102486.937   144.377    -1.88    9.87
 102860.348   141.202    -8.50    7.78
 103233.682   138.583    -7.01    5.52
 103606.938   136.994    -4.26    3.88
 103980.116   134.952    -5.47    4.43
 104353.216   133.643    -3.51    4.85
 104726.238   132.664    -2.62    5.22
 105099.183   131.202    -3.92    5.48
 105472.050   129.566    -4.39    6.28
 105844.839   125.100   -11.98    7.04
 106217.551   121.098   -10.74    5.94
 106590.186   117.801    -8.85    4.75
 106962.743   114.903    -7.78    3.73
 107335.222   108.898   -16.12    9.40
 107707.625    99.643   -24.85   14.37
 108079.950    89.430   -27.43   14.16
 108452.197    80.727   -23.38   11.02
 108824.368    74.806   -15.91    8.21
 109196.461    73.096    -4.59    9.01
 109568.477    74.053     2.57    9.49
 109940.417    77.654     9.68   10.05
 110312.279    80.798     8.45    8.53
 110684.064    82.314     4.08    7.01
 111055.772    82.249    -0.18    7.52
 111427.403    82.122    -0.34    9.95
 111798.958    81.875    -0.66   11.64
 112170.436    82.962     2.93   12.74
 112541.837    85.480     6.78   14.00
 112913.161    91.760    16.91   15.24
 113284.409    98.266    17.52   13.20
 113655.580   102.719    11.99    5.82
 114026.674   100.898    -4.90    8.10
 114397.692    97.026   -10.44    8.77
 114768.634    94.441    -6.97    7.12
 115139.499    94.664     0.60    6.36
 115510.288    97.749     8.32    6.80
 115881.000   101.403     9.85    7.51
 116251.636   105.888    12.10    6.85
 116622.196   111.060    13.96    6.97
 116992.680   118.008    18.75   10.25
 117363.088   122.960    13.37    9.96
 117733.419   127.396    11.98    9.70
 118103.675   127.751     0.96    9.34
 118473.855   123.222   -12.23   10.44
 118843.958   117.393   -15.75   12.44
 119213.986   107.952   -25.51   10.42
 119583.938   101.034   -18.70    7.54
 119953.814    96.374   -12.60    5.77
 120323.614    93.835    -6.87    5.71
 120693.339    92.016    -4.92    6.19
 121062.988    90.313    -4.61    6.36
 121432.561    88.871    -3.90    6.00
 121802.059    87.460    -3.82    4.65
 122171.481    87.377    -0.22    4.10
 122540.828    87.783     1.10    3.31
 122910.099    89.077     3.51    2.81
 123279.295    89.196     0.32    2.50
 123648.416    89.042    -0.42    2.25
 124017.461    89.094     0.14    2.25
 124386.431    89.816     1.96    3.29
 124755.326    91.901     5.65    4.73
 125124.145    94.430     6.86    5.84
 125492.890    97.361     7.95    6.90
 125861.559    99.579     6.02    6.72
 126230.154   100.403     2.23    6.67
 126598.673    97.760    -7.17    9.82
 126967.118    93.509   -11.54   11.04
 127335.487    90.526    -8.10   10.53
 127703.782    87.487    -8.25    9.54
 128072.002    85.611    -5.09    8.51
 128440.147    83.898    -4.65    8.32
 128808.218    84.686     2.14    7.97
 129176.214    84.813     0.35    7.68
 129544.135    85.720     2.46    7.08
 129911.982    89.632    10.64    7.40
 130279.754    94.051    12.01    6.01
 130647.452    95.292     3.38    5.17
 131015.075    95.342     0.14    4.61
 131382.624    94.256    -2.96    4.28
 131750.098    97.209     8.04    8.26
 132117.498   103.100    16.03   10.52
 132484.824   107.980    13.28    9.45
 132852.076   112.041    11.06    7.06
 133219.253   113.686     4.48    7.66
 133586.357   116.928     8.83    9.54
 133953.386   122.514    15.22   10.14
 134320.341   128.525    16.38    9.54
 134687.223   134.579    16.50    7.29
 135054.030   136.253     4.56    7.22
 135420.764   134.342    -5.21    9.10
 135787.423   129.460   -13.31   10.52
 136154.009   121.933   -20.53    9.08
 136520.521   116.056   -16.03    7.32
 136886.959   111.053   -13.65    5.88
 137253.324   107.356   -10.09    5.78
 137619.615   103.106   -11.60    6.80
 137985.832    98.277   -13.18    6.91
 138351.976    94.551   -10.18    6.54
 138718.046    89.686   -13.29    7.15
 139084.043    84.858   -13.19    7.80
 139449.966    81.719    -8.58    8.04
 139815.817    80.909    -2.21    7.56
 140181.593    81.752     2.31    8.22
 140547.297    85.041     8.99    7.82
 140912.927    88.142     8.48    7.22
 141290.803    88.569     1.13    7.97
 141671.684    89.528     2.52    8.05
 142052.483    89.164    -0.95   11.77
 142433.203    85.260   -10.25   16.42
 142813.842    78.772   -17.04   18.46
 143194.400    73.187   -14.68   16.45
 143574.878    70.558    -6.91   12.77
 143955.276    67.349    -8.43    6.62
 144335.593    65.925    -3.74    6.22
 144715.831    62.783    -8.26    9.10
 145095.988    58.467   -11.35   11.91
 145476.065    53.557   -12.92   13.45
 145856.062    49.609   -10.39   12.50
 146235.979    47.439    -5.71   11.33
 146615.816    45.720    -4.52    9.39
 146995.573    44.175    -4.07    8.43
 147375.250    39.532   -12.23    9.24
 147754.847    31.962   -19.94   10.75
 148134.365    25.387   -17.32    8.02
 148513.803    23.015    -6.25    6.50
 148893.161    26.543     9.30   10.29
 149272.439    34.806    21.78   11.84
 149651.638    42.490    20.26    9.42
 150030.758    46.980    11.84    4.51
 150409.798    45.412    -4.14    6.26
 150788.759    39.686   -15.11    9.63
 151167.640    32.752   -18.30    9.24
 151546.442    28.654   -10.82    6.45
 151925.164    28.587    -0.18    7.31
 152303.808    32.760    11.02    9.02
 152682.372    37.631    12.87    9.22
 153060.857    43.100    14.45    7.45
 153439.263    47.027    10.38    4.20
 153817.590    48.313     3.40    3.13
 154195.838    47.576    -1.95    4.89
 154574.008    44.505    -8.12    7.92
 154952.098    43.434    -2.83   11.08
 155330.109    47.976    12.02   17.27
 155708.042    57.298    24.66   22.64
 156085.896    71.858    38.53   21.31
 156463.671    84.541    33.57   16.41
 156841.368    92.930    22.21   12.42
 157218.986    98.153    13.83   10.43
 157596.525   101.781     9.61    7.71
 157973.986   103.460     4.45    6.99
 158351.368   103.600     0.37    6.04
 158728.673   102.608    -2.63    5.26
 159105.898   100.483    -5.63    5.64
 159483.046    97.051    -9.10    7.95
 159860.115    90.675   -16.91   11.42
 160237.106    82.187   -22.51   12.52
 160614.019    72.406   -25.95   11.22
 160990.854    63.765   -22.93    7.35
 161367.610    57.568   -16.45    6.19
 161744.289    53.215   -11.55    5.18
 162120.890    49.838    -8.97    3.87
 162497.413    47.642    -5.83    3.59
 162873.858    46.958    -1.82    3.91
 163250.225    47.914     2.54    5.56
 163626.514    48.088     0.46    6.69
 164002.726    46.846    -3.30    8.27
 164378.860    43.480    -8.95    8.51
 164754.916    40.046    -9.13    7.17
 165130.895    37.740    -6.13    6.11
 165506.796    38.253     1.36    5.82
 165882.620    40.730     6.59    6.21
 166258.366    45.498    12.69    7.42
 166634.035    52.262    18.00    9.33
 167009.626    59.309    18.76   10.05
 167385.141    66.719    19.73    7.54
 167760.578    72.085    14.29    6.17
 168135.937    78.041    15.87    5.81
 168511.220    84.028    15.95    8.25
 168886.426    92.545    22.70    9.84
 169261.554    99.380    18.22    8.48
 169636.606   105.180    15.46    5.37
 170011.580   108.058     7.67    3.72
 170386.478   108.707     1.73    4.16
 170761.298   108.383    -0.86    4.16
 171136.042   107.588    -2.12    3.38
 171510.709   107.264    -0.86    2.58
 171885.300   108.153     2.37    3.01
 172259.813   108.942     2.11    3.01
 172634.250   109.385     1.18    2.89
 173008.611   110.357     2.60    3.21
 173382.895   111.342     2.63    3.68
 173757.102   112.609     3.39    3.27
 174131.233   113.922     3.51    2.57
 174505.287   114.302     1.01    2.66
 174879.266   114.153    -0.40    2.76
 175253.167   113.795    -0.96    3.77
 175626.993   113.542    -0.68    4.37
 176000.742   114.514     2.60    4.37
 176374.416   117.417     7.77    5.37
 176748.013   123.148    15.34    7.05
 177121.534   128.699    14.86    6.50
 177494.978   133.284    12.28    5.46
 177868.347   138.071    12.82    5.20
 178241.640   143.730    15.16    9.21
 178614.857   152.211    22.72   12.30
 178987.999   160.360    21.84   10.73
 179361.064   166.222    15.71    7.25
 179734.054   166.792     1.53    8.05
 180106.968   162.136   -12.48   12.56
 180479.806   155.045   -19.02   16.01
 180852.569   141.953   -35.12   20.27
 181225.256   130.566   -30.55   20.21
 181597.867   119.576   -29.49   19.60
 181970.403   110.284   -24.94   15.06
 182342.864   105.487   -12.88   13.05
 182715.249    99.827   -15.20    8.47
 183087.559    96.153    -9.87    4.78
 183459.793    93.620    -6.80    5.12
 183831.952    92.969    -1.75    5.21
 184204.036    93.853     2.38    4.93
 184576.045    95.653     4.84    3.39
 184947.979    96.875     3.29    2.10
 185319.838    97.621     2.00    1.73
 185691.621    98.147     1.42    2.06
 186063.330    98.708     1.51    2.18
 186434.964    99.551     2.27    2.18
 186806.522   100.793     3.34    1.62
 187178.006   102.129     3.60    1.81
 187549.415   103.860     4.66    2.29
 187920.750   105.932     5.58    2.84
 188292.009   109.306     9.09    4.41
 188663.194   112.249     7.93    4.32
 189034.305   115.840     9.68    3.76
 189405.340   118.675     7.64    3.01
 189776.301   117.445    -3.32    6.55
 190147.188   112.815   -12.48   12.42
 190518.000   104.775   -21.68   14.76
 190888.738    97.197   -20.44   12.38
 191259.401    90.331   -18.52    7.47
 191629.990    90.288    -0.12    7.29
 192000.505    93.608     8.96    9.38
 192370.946    97.990    11.83   10.00
 192741.312   101.095     8.38    8.39
 193111.605   101.020    -0.20    7.65
 193481.823    97.782    -8.74    7.99
 193851.967    95.012    -7.48    8.91
 194222.037    94.862    -0.41    8.39
 194592.033    96.534     4.52    7.32
 194961.955    97.228     1.87    6.30
 195331.803    96.327    -2.43    8.33
 195701.578    95.001    -3.59   13.31
 196071.279    94.860    -0.38   17.95
 196440.905    94.810    -0.13   19.87
 196810.459    97.045     6.05   18.55
 197179.938    98.335     3.49   15.98
 197549.344   101.338     8.13   10.22
 197918.676   101.906     1.54    5.54
 198287.935   104.101     5.94    2.29
 198657.121   104.862     2.06    2.16
 199026.232   105.688     2.24    2.33
 199395.271   106.379     1.87    2.23
 199764.236   106.536     0.43    1.57
 200133.128   106.327    -0.57    1.58
 200501.946   105.929    -1.08    1.91
 200870.692   105.931     0.01    3.09
 201239.364   106.051     0.32    5.95
 201607.963   105.730    -0.87    7.75
 201976.489   103.788    -5.27    8.14
 202344.942   101.280    -6.81    7.23
 202713.321    98.884    -6.50    6.53
 203081.628    97.742    -3.10    7.29
 203449.862    97.532    -0.57    7.69
 203818.023    98.937     3.81    8.96
 204186.112   100.546     4.37    9.48
 204554.127   101.795     3.39    9.21
 204922.070   101.049    -2.03    8.24
 205289.940    99.423    -4.42    5.22
 205657.737    97.148    -6.18    3.06
 206025.461    95.801    -3.66    3.28
 206393.114    95.038    -2.07    3.67
 206760.693    95.075     0.10    3.39
 207128.200    95.955     2.39    3.25
 207495.635    97.375     3.87    2.67
 207862.997    98.098     1.97    2.04
 208230.287    96.969    -3.07    2.98
 208597.504    95.362    -4.37    3.87
 208964.649    94.240    -3.05    4.14
 209331.722    93.095    -3.12    4.26
 209698.723    92.088    -2.74    3.64
 210065.652    91.619    -1.28    2.35
 210432.508    91.186    -1.18    3.54
 210799.293    91.630     1.21    5.58
 211166.005    94.031     6.55    7.68
 211532.645    97.264     8.82    8.57
 211899.214   100.939    10.02    7.76
 212265.710   103.247     6.30    4.62
 212632.135   102.871    -1.02    3.63
 212998.488   100.827    -5.58    4.09
 213364.769    97.025   -10.38    5.29
 213730.978    92.914   -11.22    5.55
 214097.116    90.642    -6.20    3.99
 214463.182    90.357    -0.78    3.57
 214829.176    91.842     4.06    3.89
 215195.099    93.846     5.48    2.71
 215560.950    95.442     4.36    2.30
 215934.515    98.221     7.44    3.38
 216315.233   100.653     6.39    3.92
 216695.873   102.972     6.09    3.92
 217076.434   103.920     2.49    4.05
 217456.917   104.434     1.35    4.25
 217837.321   104.509     0.20    3.70
 218217.648   103.895    -1.61    4.06
 218597.896   102.448    -3.80    4.14
 218978.066   101.434    -2.67    3.57
 219358.158   101.032    -1.06    2.56
 219738.172   101.686     1.72    2.34
 220118.107   101.687     0.00    3.63
 220497.965   101.214    -1.25    4.49
 220877.745   101.572     0.94    4.64
 221257.447   104.928     8.84    6.64
 221637.071   110.769    15.38    8.61
 222016.618   118.284    19.80    9.40
 222396.086   123.862    14.70    5.90
 222775.478   125.773     5.04    4.28
 223154.791   126.350     1.52    4.68
 223534.027   126.012    -0.89    5.57
 223913.185   127.222     3.19    6.49
 224292.266   128.884     4.38    7.56
 224671.269   132.106     8.50    9.88
 225050.195   137.490    14.21   12.58
 225429.044   142.571    13.41   13.79
 225807.815   147.499    13.01   14.35
 226186.509   152.722    13.79   13.50
 226565.126   156.698    10.50   12.65
 226943.665   160.051     8.86   11.18
 227322.128   162.187     5.64   11.10
 227700.513   162.101    -0.23   10.39
 228078.822   163.390     3.41    9.57
 228457.053   165.009     4.28    9.05
 228835.208   171.990    18.46   12.79
 229213.285   187.005    39.71   21.93
 229591.286   200.142    34.75   22.13
 229969.210   214.445    37.84   16.12
 230347.057   221.798    19.46   10.67
 230724.828   224.643     7.53    9.11
 231102.522   223.842    -2.12   10.13
 231480.139   224.543     1.86   11.74
 231857.680   225.542     2.64   13.17
 232235.144   231.531    15.86   12.21
 232612.532   238.085    17.36    8.22
 232989.843   242.305    11.18    5.23
 233367.078   241.942    -0.96    5.99
 233744.237   237.175   -12.64   11.61
 234121.319   231.532   -14.96   14.03
 234498.325   222.320   -24.43   16.58
 234875.255   215.088   -19.18   17.69
 235252.109   209.242   -15.51   19.01
 235628.886   205.001   -11.25   17.73
 236005.588   205.475     1.26   15.39
 236382.213   209.142     9.73   14.46
 236758.763   214.753    14.90   12.50
 237135.237   218.090     8.86   11.96
 237511.635   220.071     5.26   12.14
 237887.957   222.278     5.86   11.53
 238264.203   225.027     7.31   10.24
 238640.373   227.572     6.77    8.51
 239016.468   226.953    -1.65    8.90
 239392.487   226.906    -0.13    8.53
 239768.431   228.642     4.62    8.60
 240144.298   233.170    12.05   10.79
 240520.091   239.398    16.57    9.46
 240895.808   245.137    15.27    6.60
 241271.449   247.409     6.05    6.12
 241647.016   247.653     0.65    7.02
 242022.506   243.498   -11.07   10.64
 242397.922   236.971   -17.38   11.60
 242773.262   228.264   -23.19   10.41
 243148.527   221.044   -19.24    7.53
 243523.717   215.609   -14.48    6.82
 243898.832   212.331    -8.74    7.00
 244273.872   209.709    -6.99    6.16
 244648.837   208.017    -4.51    5.64
 245023.726   206.798    -3.25    4.64
 245398.541   206.562    -0.63    3.72
 245773.281   206.198    -0.97    3.45
 246147.946   210.426    11.28    7.03
 246522.537   215.721    14.13    8.94
 246897.052   220.709    13.32    8.96
 247271.493   227.787    18.90    7.86
 247645.859   232.024    11.32    9.04
 248020.151   236.153    11.03    8.95
 248394.368   238.395     5.99    7.18
 248768.510   237.051    -3.59    5.59
 249142.578   234.316    -7.31    5.60
 249516.572   231.181    -8.38    4.57
 249890.491   230.953    -0.61    4.42
 250264.336   231.806     2.28    4.37
 250638.106   233.553     4.67    4.58
 251011.802   234.809     3.36    4.45
 251385.424   235.496     1.84    5.79
 251758.972   236.216     1.93    7.17
 252132.446   237.442     3.28    7.05
 252505.845   240.963     9.43    7.91
 252879.171   245.428    11.96    8.50
 253252.422   250.760    14.28    9.14
 253625.600   255.979    13.98    7.18
 253998.703   258.467     6.67    4.71
 254371.733   257.237    -3.29    5.25
 254744.689   255.176    -5.53    5.27
 255117.571   251.587    -9.62    4.70
 255490.380   249.234    -6.31    5.45
 255863.114   246.110    -8.38    6.33
 256235.775   241.867   -11.38    6.65
 256608.363   240.153    -4.60    5.91
 256980.877   239.581    -1.54    5.76
 257353.317   241.395     4.87    7.83
 257725.684   244.855     9.29    8.48
 258097.977   247.417     6.88    8.64
 258470.197   249.569     5.78    9.23
 258842.344   255.069    14.78   10.35
 259214.417   260.138    13.62    8.80
 259586.417   264.192    10.89    7.10
