# NaN NaN NaN ;Mean Elev.(m), Avg Gradient(m/km), RMS Gradient(m/km) - SRTM1     
#   22.810  -0.213   2.104 ;Mean Elev.(m), Avg Gradient(m/km), RMS Gradient(m/km) - ASTER GDEM
#    5.627   0.417   3.366 ;Mean Elev.(m), Avg Gradient(m/km), RMS Gradient(m/km) - GMTED2010 
  9     3.567 52522.71020214 25.05  52.885739  67.780918 37.578
  9     3.135 52522.71020279 22.61  52.882079  67.783968 37.578
 10     0.836 52557.71025187 28.59  52.871763  67.773817 32.864
 10     0.954 52557.71025251 48.84  52.868103  67.776867 32.864
 10     0.969 52557.71025316 53.18  52.864443  67.779927 32.864
 11     0.571 52592.71024925 38.58  52.877854  67.776131  7.738
 11     0.495 52592.71024989 30.87  52.874194  67.779181  7.738
 11     0.434 52592.71025054 27.14  52.870534  67.782231  7.738
 12     1.836 52627.71016857 15.44  52.877557  67.772607  3.113
 12     1.594 52627.71016922 15.34  52.873907  67.775657  3.113
 12     1.365 52627.71016986 15.33  52.870247  67.778707  3.113
 12     1.814 52627.71017051 14.68  52.866587  67.781757  3.113
 13     1.795 52662.71021201 11.29  52.880724  67.776746  2.269
 13     1.366 52662.71021265 10.88  52.877074  67.779796  2.269
 13     1.279 52662.71021329 10.84  52.873414  67.782846  2.269
 14     1.836 52697.71018790 10.44  52.871874  67.772028  2.294
 14     0.528 52697.71018854 11.32  52.868214  67.775078  2.294
 14     1.105 52697.71018918 10.25  52.864554  67.778128  2.294
 17     3.751 52802.71023191 24.42  52.867811  67.772911 26.309
 17     3.727 52802.71023255 26.50  52.864151  67.775961 26.309
 17     3.893 52802.71023320 27.57  52.860491  67.779011 26.309
 18     4.190 52837.71029615 22.64  52.876838  67.772550 30.921
 18     3.878 52837.71029679 15.72  52.873178  67.775600 30.921
 18     2.788 52837.71029744 17.35  52.869518  67.778650 30.921
 19     0.818 52872.71033663 30.36  52.879180  67.774880 35.057
 19     2.129 52872.71033727 18.95  52.875520  67.777930 35.057
 19     3.026 52872.71033792 17.92  52.871870  67.780980 35.057
 20     3.746 52907.71032418 25.49  52.885559  67.779784 37.254
 20     3.510 52907.71032482 16.53  52.881899  67.782834 37.254
 21     0.967 52942.71024980 41.14  52.875186  67.772536 20.513
 21     0.944 52942.71025044 42.04  52.871526  67.775586 20.513
 21     0.944 52942.71025109 42.24  52.867866  67.778636 20.513
 23     0.857 53012.71030847 13.29  52.881389  67.777758  2.502
 23     0.637 53012.71030912 12.99  52.877729  67.780808  2.502
 24     0.999 53047.71027616 10.77  52.872455  67.773071  2.455
 24     0.893 53047.71027681 10.28  52.868805  67.776121  2.455
 24     1.731 53047.71027745  9.89  52.865145  67.779171  2.455
 25     3.695 53082.71031148  9.85  52.879579  67.776236  2.191
 25     4.215 53082.71031213  9.56  52.875919  67.779286  2.191
 25     4.564 53082.71031277  9.36  52.872259  67.782336  2.191
 27     3.797 53152.71033098 45.31  52.876869  67.772174 40.821
 27     3.684 53152.71033162 29.95  52.873209  67.775224 40.821
 27     3.559 53152.71033227 28.63  52.869559  67.778274 40.821
 27     3.631 53152.71033291 32.76  52.865899  67.781324 40.821
 28     3.571 53187.71031960 25.95  52.881819  67.779038 33.322
 28     3.353 53187.71032024 25.14  52.878159  67.782088 33.322
 32     0.725 53327.71030934 31.02  52.880079  67.780820  8.058
 32     0.699 53327.71030998 31.46  52.876419  67.783870  8.058
 34     1.163 53397.71028428 15.97  52.875682  67.772354  3.357
 34     1.271 53397.71028493 15.68  52.872022  67.775404  3.357
 34     1.539 53397.71028557 16.02  52.868362  67.778454  3.357
 36     0.514 53467.71031230 10.76  52.872537  67.771886  2.338
 36     0.289 53467.71031295 10.58  52.868887  67.774936  2.338
 36     1.408 53467.71031359 10.07  52.865227  67.777986  2.338
 37     0.212 53502.71036325 28.93  52.878813  67.774049 21.644
 37     0.330 53502.71036389 28.10  52.875153  67.777099 21.644
 37     0.324 53502.71036453 26.89  52.871503  67.780149 21.644
 39     3.341 53572.71036040 22.98  52.879638  67.777872 24.455
 39     3.226 53572.71036104 22.22  52.875978  67.780922 24.455
 40     3.733 53607.71030961 21.07  52.892085  67.780513 34.122
 40     3.028 53607.71031026 27.09  52.888425  67.783563 34.122
 41     4.015 53642.71030979 21.74  52.870570  67.771815 31.317
 41     3.917 53642.71031044 14.67  52.866920  67.774865 31.317
 41     2.998 53642.71031108 15.25  52.863260  67.777915 31.317
 42     2.248 53677.71032870 23.93  52.878982  67.774596 23.643
 42     2.132 53677.71032935 23.96  52.875322  67.777646 23.643
 42     2.356 53677.71032999 23.56  52.871672  67.780696 23.643
 45     0.995 53782.71020203 10.18  52.883437  67.779724  2.106
 45     1.657 53782.71020268  9.68  52.879777  67.782774  2.106
 47     2.438 53852.71024034  8.13  52.869304  67.773790  2.277
 47     2.395 53852.71024099  7.45  52.865644  67.776840  2.277
 47     2.624 53852.71024163  7.14  52.861984  67.779890  2.277
 48     3.676 53887.71024767 19.81  52.882349  67.780285 36.975
 48     3.340 53887.71024832 26.07  52.878689  67.783335 36.975
 49     4.111 53922.71031688 22.85  52.874139  67.771863 23.886
 49     3.701 53922.71031752 14.68  52.870489  67.774913 23.886
 49     2.952 53922.71031816 17.09  52.866829  67.777963 23.886
 49     3.391 53922.71031881 19.84  52.863169  67.781013 23.886
 50     2.063 53957.71031142 19.35  52.877829  67.776651 34.831
 50     3.371 53957.71031206 16.72  52.874169  67.779701 34.831
 51     3.349 53992.71023709 15.34  52.861682  67.775998 18.871
 51     3.018 53992.71023773 20.85  52.858022  67.779048 18.871
 52     1.044 54027.71029835 39.17  52.874880  67.772148 22.536
 52     0.981 54027.71029899 46.16  52.871220  67.775198 22.536
 52     0.949 54027.71029964 52.24  52.867560  67.778248 22.536
 53     1.576 54062.71029300 14.39  52.883842  67.780039  3.024
 53     1.994 54062.71029364 14.35  52.880182  67.783089  3.024
 54     1.938 54097.71026283 17.33  52.887964  67.781313  3.788
 54     0.780 54097.71026348 17.34  52.884304  67.784363  3.788
 57     1.384 54202.71021857 10.32  52.871637  67.773998  2.190
 57     2.322 54202.71021921  9.95  52.867977  67.777048  2.190
 57     2.150 54202.71021985  9.80  52.864317  67.780098  2.190
 58     3.018 54237.71025401 43.76  52.880722  67.774921 41.439
 58     3.018 54237.71025466 29.47  52.877062  67.777971 41.439
 58     2.858 54237.71025530 27.96  52.873402  67.781021 41.439
 59     3.709 54272.71027349 21.87  52.881028  67.778246 34.416
 59     3.378 54272.71027414 20.37  52.877368  67.781296 34.416
 60     2.306 54307.71027534 20.68  52.879017  67.776810 33.828
 60     3.623 54307.71027598 16.39  52.875357  67.779860 33.828
 60     3.142 54307.71027663 35.64  52.871707  67.782910 33.828
 62     1.036 54377.71021048 45.66  52.874745  67.775645 39.641
 62     1.042 54377.71021113 52.58  52.871095  67.778695 39.641
 62     1.019 54377.71021177 49.74  52.867435  67.781745 39.641
 64     0.783 54447.71017596 18.66  52.870836  67.774240  4.239
 64     0.961 54447.71017661 17.84  52.867176  67.777290  4.239
 64     0.886 54447.71017725 17.48  52.863526  67.780340  4.239
 66     1.215 54517.71018981 12.86  52.873214  67.774653  2.440
 66     1.851 54517.71019045 12.58  52.869554  67.777703  2.440
 66     1.717 54517.71019110 12.21  52.865904  67.780753  2.440
 67     3.783 54552.71020797  1.92  52.884784  67.781210  5.310
 67     4.249 54552.71020861  1.63  52.881124  67.784260  5.310
 68     3.067 54587.71018531  5.76  52.880139  67.773588  6.281
 68     3.075 54587.71018595  5.76  52.876479  67.776638  6.281
 68     3.535 54587.71018660  5.46  52.872829  67.779688  6.281
 69     5.020 54622.71020460 32.68  52.877802  67.780142 21.753
 69     5.172 54622.71020524 34.39  52.874152  67.783192 21.753
 70     1.506 54657.71021359 37.95  52.877216  67.778235 42.042
 70     1.502 54657.71021423 36.00  52.873556  67.781285 42.042
 72     4.209 54727.71016572 22.37  52.876630  67.772689 31.300
 72     2.342 54727.71016637 14.62  52.872970  67.775739 31.300
 72     2.846 54727.71016701 16.93  52.869310  67.778789 31.300
 73     2.503 54762.71017306 23.21  52.880534  67.776828 29.794
 73     3.743 54762.71017370 15.78  52.876874  67.779878 29.794
 73     2.636 54762.71017435 31.71  52.873224  67.782928 29.794
 74     0.711 54797.71015863 24.12  52.872399  67.770756  7.545
 74     0.909 54797.71015928 27.84  52.868739  67.773806  7.545
 74     0.770 54797.71015992 31.29  52.865079  67.776856  7.545
 74     0.751 54797.71016057 28.85  52.861419  67.779906  7.545
 76     0.939 54867.71015464 12.19  52.874904  67.771564  2.245
 76     1.659 54867.71015528 11.93  52.871244  67.774614  2.245
 76     1.919 54867.71015593 11.68  52.867584  67.777664  2.245
 76     1.775 54867.71015657 11.52  52.863924  67.780714  2.245
 77     2.153 54902.71017338  9.59  52.883936  67.780139  2.182
 77     1.431 54902.71017403  9.29  52.880286  67.783189  2.182
 78     2.992 54937.71014514  7.74  52.878818  67.772998  2.595
 78     3.148 54937.71014578  7.20  52.875158  67.776048  2.595
 78     3.127 54937.71014643  7.05  52.871506  67.779102  2.056
 79     2.421 54972.71017810 32.20  52.877830  67.776386 35.294
 79     2.145 54972.71017875 24.17  52.874170  67.779436 35.294
 79     2.286 54972.71017939 24.50  52.870510  67.782486 35.294
 80     3.791 55007.71019511 37.81  52.878232  67.779852 40.291
 80     3.718 55007.71019575 34.59  52.874572  67.782902 40.291
 81     3.084 55042.71018361 21.19  52.880128  67.776930 31.264
 81     3.503 55042.71018426 20.51  52.876468  67.779980 31.264
 81     3.184 55042.71018490 27.96  52.872808  67.783030 31.264
 83     4.321 55112.71011534 23.14  52.878588  67.772970 29.152
 83     2.336 55112.71011599 17.07  52.874928  67.776020 29.152
 83     3.031 55112.71011663 18.51  52.871278  67.779070 29.152
 84     0.202 55147.71011760 35.15  52.877473  67.779094 10.439
 84     0.204 55147.71011824 33.12  52.873813  67.782144 10.439
 85     1.436 55182.71009593 19.71  52.873270  67.771558  4.288
 85     1.426 55182.71009658 19.59  52.869610  67.774608  4.288
 85     1.523 55182.71009722 20.33  52.865950  67.777658  4.288
 85     1.647 55182.71009786 19.83  52.862290  67.780708  4.288
 86     0.808 55217.71011423 15.85  52.882289  67.778368  2.135
 86     1.325 55217.71011488 15.49  52.878629  67.781428  2.135
 87     0.430 55252.71009248 13.90  52.875053  67.774569  2.482
 87     0.496 55252.71009313 13.93  52.871403  67.777619  2.482
 87     0.385 55252.71009377 13.37  52.867743  67.780669  2.482
 88     0.333 55287.71010577 11.63  52.885148  67.780942  2.246
 88     0.524 55287.71010641 11.34  52.881488  67.783992  2.246
 89     2.194 55322.71008154 28.57  52.878821  67.777390 33.846
 89     2.313 55322.71008218 24.01  52.875161  67.780440 33.846
 90     3.329 55357.71008110 21.78  52.877774  67.780276 32.852
 90     3.344 55357.71008174 33.43  52.874124  67.783326 32.852
 91     4.239 55392.71008241 21.56  52.877242  67.773233 17.085
 91     3.468 55392.71008306 15.67  52.873582  67.776273 17.085
 91     3.088 55392.71008370 17.54  52.869922  67.779333 17.085
 92     3.588 55427.71009686 19.76  52.879307  67.777651 31.134
 92     3.200 55427.71009750 20.89  52.875647  67.780701 31.134
