-200481.016    80.280     0.00    7.35
-200104.969    78.714    -4.16    6.67
-199729.003    72.267   -17.15    7.68
-199353.119    67.209   -13.46    8.32
-198977.316    67.505     0.79    9.00
-198601.595    68.640     3.02   10.16
-198225.955    73.134    11.96    8.02
-197850.396    76.527     9.04    3.09
-197474.918    75.716    -2.16    3.22
-197099.522    74.802    -2.43    3.20
-196724.206    74.959     0.42    3.05
-196348.972    75.495     1.43    2.99
-195973.819    75.526     0.08    2.94
-195598.746    74.479    -2.79    4.92
-195223.755    72.938    -4.11    6.23
-194848.844    72.898    -0.11    6.23
-194474.014    74.821     5.13    7.06
-194099.265    76.632     4.83    6.97
-193724.596    80.083     9.21    6.90
-193350.008    84.368    11.44    8.76
-192975.501    89.295    13.16   10.36
-192601.074    95.133    15.59   10.51
-192226.728   101.859    17.97    7.94
-191852.462   105.229     9.01    7.33
-191478.276   107.711     6.63    6.87
-191104.171   108.673     2.57    5.86
-190730.146   110.098     3.81    5.31
-190356.201   109.753    -0.92    4.71
-189982.337   107.692    -5.51    5.17
-189608.552   105.763    -5.16    5.79
-189234.848   104.315    -3.87    6.62
-188861.223   103.144    -3.13    7.05
-188487.679    98.326   -12.90   11.99
-188114.214    88.144   -27.27   18.60
-187740.830    76.695   -30.67   17.71
-187367.525    65.579   -29.78   12.66
-186994.300    57.927   -20.50    9.42
-186621.154    54.137   -10.16    7.31
-186248.089    52.406    -4.64    6.87
-185875.102    52.667     0.70    9.35
-185502.196    52.938     0.73   10.15
-185129.369    53.600     1.78   10.13
-184756.621    54.577     2.62    9.93
-184383.953    56.278     4.56   10.26
-184011.364    62.343    16.28   12.90
-183638.855    67.783    14.60   11.75
-183266.424    74.371    17.69   10.62
-182894.073    81.120    18.13    8.32
-182521.801    84.825     9.95    5.89
-182149.609    86.936     5.67    4.23
-181777.495    88.789     4.98    3.92
-181405.460    89.347     1.50    4.92
-181033.504    90.442     2.94    4.42
-180661.628    91.375     2.51    3.95
-180289.830    91.860     1.31    3.93
-179918.110    91.177    -1.84    4.64
-179546.470    92.202     2.76    4.11
-179174.908    93.979     4.78    4.36
-178803.425    96.389     6.49    3.99
-178432.021    96.219    -0.46    4.20
-178060.695    95.000    -3.28    4.87
-177689.447    92.701    -6.19    4.60
-177318.279    91.398    -3.51    4.40
-176947.188    90.521    -2.36    5.29
-176576.176    89.714    -2.17    6.88
-176205.242    90.495     2.10    7.21
-175834.387    91.660     3.14    7.43
-175463.609    92.642     2.65    7.80
-175092.910    91.916    -1.96    6.72
-174722.289    90.591    -3.57    6.03
-174351.746    88.885    -4.60    5.06
-173981.281    86.854    -5.48    4.27
-173610.894    85.904    -2.56    4.79
-173240.585    85.167    -1.99    5.67
-172870.354    83.240    -5.21    5.77
-172500.201    81.532    -4.61    5.51
-172130.125    81.433    -0.27    5.73
-171760.127    82.274     2.27    5.56
-171390.207    83.638     3.69    4.74
-171020.364    84.229     1.60    4.20
-170650.599    84.948     1.94    5.08
-170280.912    86.653     4.61    5.93
-169911.302    87.667     2.74    5.70
-169541.770    88.521     2.31    4.41
-169172.315    88.375    -0.39    3.30
-168802.937    89.312     2.54    4.83
-168433.636    92.707     9.19    6.96
-168064.413    96.442    10.12    7.14
-167695.267    98.558     5.73    6.21
-167326.198    97.558    -2.71    7.31
-166957.207    94.632    -7.93    8.51
-166588.292    88.602   -16.35   10.23
-166219.454    81.474   -19.33   11.09
-165850.694    76.196   -14.32   10.64
-165482.010    72.838    -9.11   10.00
-165113.403    71.900    -2.55   10.25
-164744.873    75.333     9.32   11.40
-164376.419    78.742     9.25    9.62
-164008.043    82.649    10.61    3.74
-163639.743    84.716     5.61    5.63
-163271.520    85.894     3.20    7.41
-162903.373    85.812    -0.22    8.55
-162535.303    82.835    -8.09   11.02
-162167.309    79.189    -9.91   10.07
-161799.392    77.315    -5.10    6.77
-161431.551    77.229    -0.23    4.39
-161063.786    78.277     2.85    4.14
-160696.098    80.126     5.03    3.98
-160328.486    82.989     7.79    4.96
-159960.950    87.277    11.67    5.44
-159593.490    89.905     7.15    4.86
-159226.107    91.011     3.01    4.15
-158858.799    91.295     0.77    4.44
-158491.568    88.989    -6.28    5.87
-158124.413    88.469    -1.42    7.79
-157757.333    90.174     4.65    9.23
-157390.329    91.947     4.83    8.27
-157023.401    93.287     3.65    6.56
-156656.549    90.138    -8.58    8.25
-156289.773    86.526    -9.85    8.52
-155923.072    80.380   -16.76    7.90
-155556.447    74.656   -15.61    9.42
-155189.898    70.193   -12.18    8.14
-154823.424    71.200     2.75   10.13
-154457.026    74.055     7.79   11.52
-154090.703    81.323    19.84   10.38
-153724.455    86.691    14.66    8.18
-153358.283    90.223     9.65    8.62
-152992.186    93.635     9.32    7.44
-152626.165    96.000     6.46    5.13
-152260.219    94.474    -4.17    6.12
-151894.347    91.663    -7.68    5.91
-151528.551    90.116    -4.23    5.24
-151162.830    90.750     1.73    5.00
-150797.185    92.628     5.14    5.79
-150431.614    95.326     7.38    7.86
-150066.118    97.473     5.87    8.16
-149689.061    99.573     5.57    6.76
-149307.935    99.774     0.53    5.68
-148926.891    99.106    -1.75    6.16
-148545.931    97.053    -5.39    7.06
-148165.052    92.340   -12.37    8.08
-147784.257    87.532   -12.63    8.34
-147403.544    86.181    -3.55    8.62
-147022.913    87.074     2.35   10.18
-146642.365    91.362    11.27   10.29
-146261.899    98.809    19.57    7.57
-145881.515   100.768     5.15    7.28
-145501.213   100.681    -0.23    8.43
-145120.994    98.989    -4.45   10.46
-144740.857    93.585   -14.22   11.56
-144360.802    89.394   -11.03    9.54
-143980.828    86.866    -6.65    7.24
-143600.937    85.174    -4.45    6.46
-143221.128    84.358    -2.15    6.43
-142841.400    82.798    -4.11    6.27
-142461.755    82.660    -0.36    5.52
-142082.191    82.521    -0.36    5.14
-141702.709    82.213    -0.81    4.89
-141323.308    83.333     2.95    5.74
-140943.989    81.219    -5.58    7.35
-140564.752    79.272    -5.13    8.12
-140185.596    78.695    -1.52    8.04
-139806.521    76.957    -4.58    6.72
-139427.528    74.989    -5.19    6.43
-139048.617    72.337    -7.00    6.23
-138669.786    71.865    -1.25    5.20
-138291.037    71.935     0.19    5.21
-137912.369    73.853     5.06    5.27
-137533.782    75.901     5.41    3.32
-137155.276    75.432    -1.24    3.66
-136776.851    74.785    -1.71    3.71
-136398.507    73.789    -2.63    3.94
-136020.245    73.761    -0.08    4.74
-135642.062    73.674    -0.23    5.98
-135263.961    71.585    -5.52    6.59
-134885.941    70.937    -1.72    6.61
-134508.001    70.935    -0.01    5.78
-134130.142    70.074    -2.28    3.19
-133752.364    70.419     0.91    2.61
-133374.666    70.853     1.15    2.59
-132997.048    69.925    -2.46    3.99
-132619.511    68.245    -4.45    5.45
-132242.055    67.892    -0.93    6.77
-131864.679    69.768     4.97    7.43
-131487.383    73.118     8.88    4.91
-131110.167    76.547     9.09    3.42
-130733.032    78.692     5.69    4.76
-130355.977    82.312     9.60    7.41
-129979.002    87.409    13.52    6.93
-129602.107    92.660    13.93    6.56
-129225.292    97.745    13.50    6.92
-128848.557   101.913    11.07    7.98
-128471.902   105.170     8.65    8.24
-128095.326   108.404     8.59    7.92
-127718.831   112.426    10.68    8.51
-127342.415   116.755    11.50    7.89
-126966.079   117.904     3.05    9.03
-126589.823   118.532     1.67   10.23
-126213.646   117.772    -2.02   10.15
-125837.549   119.151     3.67   10.70
-125461.531   121.074     5.12   10.55
-125085.593   124.085     8.01   11.06
-124709.734   127.862    10.05   10.11
-124333.955   127.914     0.14   10.62
-123958.255   127.032    -2.35   10.82
-123582.634   125.239    -4.77   11.67
-123207.092   124.484    -2.01   12.49
-122831.630   122.774    -4.55   14.13
-122456.247   123.064     0.77   13.12
-122080.942   122.489    -1.53   11.86
-121705.717   118.277   -11.23   16.23
-121330.571   111.443   -18.22   19.53
-120955.503   104.677   -18.04   18.06
-120580.515    97.267   -19.76   17.14
-120205.605    86.617   -28.41   16.88
-119830.774    78.841   -20.75   12.62
-119456.022    78.172    -1.78    9.96
-119081.348    85.000    18.23   10.34
-118706.753    93.221    21.95   12.98
-118332.237   102.407    24.53   12.67
-117957.799   109.821    19.80   14.08
-117583.440   115.967    16.42   13.53
-117209.159   120.200    11.31   12.18
-116834.956   123.033     7.57   10.49
-116460.832   121.432    -4.28   10.21
-116086.786   116.742   -12.54   12.03
-115712.818   108.391   -22.33   13.76
-115338.929   105.936    -6.57   12.39
-114965.117   106.000     0.17   11.23
-114591.384   108.649     7.09   10.53
-114217.729   116.903    22.09   10.33
-113844.151   123.181    16.81    9.79
-113470.652   127.500    11.56    8.13
-113097.231   130.862     9.00    7.51
-112723.887   135.088    11.32    7.21
-112350.621   137.000     5.12    7.06
-111977.433   137.363     0.97    7.18
-111604.323   135.516    -4.95    7.80
-111231.290   133.862    -4.43    8.29
-110858.335   134.366     1.35    9.70
-110485.457   136.023     4.44   10.33
-110112.657   137.936     5.13    6.55
-109739.935   136.854    -2.90    5.73
-109367.289   133.553    -8.86    6.13
-108994.722   129.209   -11.66    5.51
-108622.231   125.274   -10.57    6.75
-108249.818   123.209    -5.55    6.49
-107877.482   122.137    -2.88    6.99
-107505.223   120.032    -5.65    8.95
-107133.041   118.596    -3.86   10.45
-106760.937   114.330   -11.47   12.99
-106388.909   108.989   -14.36   13.99
-106016.959   104.926   -10.92   14.49
-105645.085   102.656    -6.11   15.25
-105273.288   101.789    -2.33   17.16
-104901.568    99.844    -5.23   18.89
-104529.925    93.935   -15.90   19.18
-104158.359    90.090   -10.35   15.77
-103786.869    85.548   -12.23   10.32
-103415.456    81.466   -10.99    9.05
-103044.120    81.809     0.92    8.70
-102672.860    82.045     0.64   10.60
-102301.676    84.632     6.97   11.58
-101930.569    86.473     4.96   10.95
-101559.539    87.742     3.42    8.73
-101188.585    88.462     1.94    7.60
-100817.707    91.772     8.92   10.64
-100446.906    95.596    10.31   11.75
-100076.180   100.213    12.45   11.28
 -99705.531   104.817    12.42   11.13
 -99334.958   108.264     9.30   10.58
 -98964.462   111.894     9.80   10.46
 -98594.041   116.318    11.95    8.60
 -98223.696   120.202    10.49    6.48
 -97853.427   121.872     4.51    7.18
 -97483.234   121.763    -0.29    7.77
 -97113.117   122.854     2.95    6.97
 -96743.076   121.183    -4.52    7.10
 -96373.111   118.043    -8.49    7.65
 -96003.221   115.032    -8.14    8.94
 -95633.407   111.196   -10.37   11.43
 -95263.668   107.298   -10.54   13.87
 -94894.006   104.717    -6.98   15.87
 -94524.418   101.761    -8.00   14.64
 -94154.907    99.011    -7.44   12.34
 -93785.470    97.898    -3.01    8.03
 -93416.109    95.548    -6.36    6.90
 -93046.824    92.919    -7.12    6.98
 -92677.613    89.894    -8.19    7.73
 -92308.478    87.517    -6.44    7.49
 -91939.419    84.076    -9.32    9.30
 -91570.434    78.337   -15.55   10.43
 -91201.525    71.043   -19.77   10.47
 -90832.690    64.022   -19.04   12.09
 -90463.931    53.710   -27.97   12.00
 -90095.246    47.312   -17.35   10.42
 -89726.637    43.011   -11.67    6.07
 -89358.102    42.415    -1.62    4.88
 -88989.643    43.563     3.12    4.37
 -88621.258    43.086    -1.30    4.24
 -88252.948    41.851    -3.35    4.41
 -87884.713    41.053    -2.17    3.68
 -87516.552    41.901     2.30    4.68
 -87148.466    44.309     6.54    6.07
 -86780.454    46.565     6.13    7.04
 -86412.517    50.234     9.97    7.53
 -86044.655    53.978    10.18    7.63
 -85676.867    58.110    11.23    7.08
 -85309.153    60.411     6.26    5.27
 -84941.514    60.942     1.45    4.84
 -84573.949    59.247    -4.61    5.04
 -84206.459    57.598    -4.49    4.89
 -83839.042    57.766     0.46    4.73
 -83471.700    59.286     4.14    5.25
 -83104.432    62.587     8.99    6.68
 -82737.238    64.108     4.14    6.23
 -82370.118    63.290    -2.23    6.72
 -82003.072    59.591   -10.08    9.91
 -81636.100    52.344   -19.75   10.32
 -81269.202    43.883   -23.06   10.56
 -80902.378    37.174   -18.29    7.73
 -80535.628    33.796    -9.21    5.61
 -80168.951    30.978    -7.69    3.70
 -79802.348    30.957    -0.06    4.18
 -79435.819    32.301     3.67    5.17
 -79069.364    33.267     2.64    5.26
 -78702.982    34.000     2.00    4.31
 -78336.674    34.467     1.27    2.61
 -77970.439    32.237    -6.09    3.91
 -77604.277    30.830    -3.84    4.38
 -77238.190    30.452    -1.03    4.84
 -76872.175    31.034     1.59    4.83
 -76506.234    32.283     3.41    4.36
 -76140.366    33.815     4.19    2.59
 -75774.572    33.424    -1.07    2.44
 -75408.850    33.000    -1.16    3.27
 -75036.397    32.022    -2.63    3.30
 -74655.434    31.766    -0.67    3.44
 -74274.551    31.692    -0.19    3.24
 -73893.749    32.097     1.06    4.00
 -73513.027    32.978     2.31    4.21
 -73132.385    33.903     2.43    4.79
 -72751.823    34.811     2.39    5.01
 -72371.342    35.860     2.76    5.07
 -71990.942    36.543     1.80    5.02
 -71610.621    36.457    -0.23    4.70
 -71230.380    36.521     0.17    4.58
 -70850.220    36.560     0.10    4.48
 -70470.139    34.763    -4.73    5.65
 -70090.139    31.278    -9.17    7.95
 -69710.218    26.702   -12.04    8.23
 -69330.378    26.382    -0.84    8.57
 -68950.617    29.415     7.99   10.12
 -68570.936    35.102    14.98   10.88
 -68191.334    41.489    16.83    7.49
 -67811.813    44.609     8.22    5.08
 -67432.371    45.301     1.82    6.93
 -67053.008    47.489     5.77   10.06
 -66673.725    47.946     1.21   12.63
 -66294.522    49.081     2.99   13.90
 -65915.398    51.467     6.29   13.54
 -65536.353    54.907     9.07   14.63
 -65157.388    59.750    12.78   14.01
 -64778.501    61.218     3.88   13.15
 -64399.695    61.613     1.04   10.94
 -64020.967    61.437    -0.47    9.48
 -63642.318    63.075     4.33    8.80
 -63263.749    65.580     6.62    8.65
 -62885.259    69.196     9.55    7.29
 -62506.847    71.011     4.80    8.24
 -62128.515    74.688     9.72   10.17
 -61750.261    79.697    13.24   11.66
 -61372.086    87.022    19.37   13.14
 -60993.990    95.557    22.58   10.18
 -60615.973    99.000     9.11    6.44
 -60238.035    98.239    -2.01    6.74
 -59860.175    92.913   -14.09    8.76
 -59482.394    85.886   -18.60    8.71
 -59104.691    77.663   -21.77   10.37
 -58727.067    69.303   -22.14   10.43
 -58349.521    64.946   -11.54    7.84
 -57972.054    63.742    -3.19    5.96
 -57594.665    67.859    10.91    7.82
 -57217.354    75.112    19.23    7.84
 -56840.121    80.902    15.35    7.18
 -56462.967    85.844    13.10    5.51
 -56085.891    88.859     7.99    5.74
 -55708.893    91.022     5.74    6.99
 -55331.973    90.696    -0.87    7.65
 -54955.132    88.178    -6.68   11.03
 -54578.368    81.207   -18.50   17.78
 -54201.682    73.411   -20.70   19.86
 -53825.074    70.348    -8.13   18.51
 -53448.543    65.267   -13.50   14.33
 -53072.091    64.613    -1.74   13.14
 -52695.716    66.472     4.94   10.96
 -52319.419    64.000    -6.57   11.75
 -51943.200    58.697   -14.10   12.71
 -51567.058    53.979   -12.54   13.78
 -51190.994    55.511     4.08   14.24
 -50815.007    58.521     8.01   12.28
 -50439.097    61.193     7.11    8.13
 -50063.266    61.882     1.83    5.92
 -49687.511    59.977    -5.07    8.21
 -49311.834    59.849    -0.34    8.84
 -48936.234    61.453     4.27    9.06
 -48560.711    60.742    -1.89    8.24
 -48185.265    59.419    -3.52    8.34
 -47809.897    58.462    -2.55    7.36
 -47434.605    55.198    -8.70    9.18
 -47059.391    49.828   -14.31   12.28
 -46684.253    45.430   -11.72   12.01
 -46309.193    43.250    -5.81   10.41
 -45934.209    45.023     4.73   10.66
 -45559.302    46.207     3.16   10.16
 -45184.472    48.713     6.69   11.46
 -44809.719    52.804    10.92   12.13
 -44435.043    59.114    16.84   12.06
 -44060.443    66.333    19.27   10.71
 -43685.919    72.978    17.74   11.76
 -43311.473    81.198    21.95   14.29
 -42937.102    87.789    17.61   12.72
 -42562.809    90.505     7.26    9.69
 -42188.591    91.078     1.53    9.85
 -41814.450    88.582    -6.67   11.23
 -41440.386    90.130     4.14   12.52
 -41066.397    95.802    15.17    9.40
 -40692.485    98.871     8.21    5.23
 -40318.649    99.418     1.46    3.24
 -39944.889    98.815    -1.61    2.88
 -39571.206    99.264     1.20    2.84
 -39197.598   100.462     3.21    3.31
 -38824.066   102.311     4.95    3.05
 -38450.611   102.648     0.90    2.94
 -38077.231   102.444    -0.55    3.97
 -37703.927   101.429    -2.72    4.85
 -37330.699    97.404   -10.78    7.12
 -36957.546    91.543   -15.71    9.63
 -36584.470    84.944   -17.69   10.53
 -36211.469    78.261   -17.92    9.60
 -35838.543    73.364   -13.13    9.66
 -35465.694    69.946    -9.17   10.66
 -35092.920    66.105   -10.30   12.37
 -34720.221    65.011    -2.93   11.95
 -34347.598    65.092     0.22   11.16
 -33975.050    64.742    -0.94    9.62
 -33602.577    64.011    -1.96    8.77
 -33230.180    59.774   -11.38    9.73
 -32857.859    54.193   -14.99   10.86
 -32485.612    47.043   -19.21   11.64
 -32113.440    37.678   -25.16   12.86
 -31741.344    27.791   -26.57   13.25
 -31369.323    19.703   -21.74   11.37
 -30997.377    16.725    -8.01    8.14
 -30625.506    18.925     5.91    8.54
 -30253.709    25.133    16.70   10.22
 -29881.988    35.587    28.12   14.25
 -29510.342    47.044    30.83   17.64
 -29138.770    53.641    17.75   16.16
 -28767.273    59.386    15.46   14.99
 -28395.851    61.882     6.72   14.71
 -28024.504    64.932     8.21   12.46
 -27653.231    67.879     7.94   10.52
 -27282.033    73.276    14.54    6.95
 -26910.909    76.067     7.52    5.99
 -26539.860    77.153     2.93    5.55
 -26168.886    76.489    -1.79    5.86
 -25797.986    76.012    -1.29    6.27
 -25427.160    74.714    -3.50    5.88
 -25056.408    75.057     0.93    6.00
 -24685.731    73.565    -4.03    7.87
 -24315.128    72.602    -2.60    9.72
 -23944.599    66.593   -16.22   14.96
 -23574.145    64.805    -4.83   15.50
 -23203.764    65.901     2.96   14.90
 -22833.458    66.341     1.19   13.45
 -22463.226    71.315    13.43    7.19
 -22093.067    73.207     5.11    3.88
 -21722.983    71.115    -5.65    6.26
 -21352.972    68.685    -6.57    8.25
 -20983.035    61.770   -18.69   12.61
 -20613.172    49.533   -33.09   17.84
 -20243.383    39.847   -26.19   17.97
 -19873.668    31.747   -21.91   18.84
 -19504.026    27.093   -12.59   20.15
 -19134.458    23.833    -8.82   19.38
 -18764.963    19.977   -10.44   16.51
 -18395.542    19.769    -0.56   13.72
 -18026.195    23.114     9.06   13.67
 -17656.921    26.495     9.16   12.91
 -17287.720    29.444     7.99   13.80
 -16918.593    29.880     1.18   18.26
 -16549.539    29.000    -2.39   19.73
 -16180.558    29.933     2.53   18.82
 -15811.651    28.725    -3.27   15.98
 -15442.816    28.438    -0.78   15.11
 -15074.055    29.441     2.72   15.46
 -14705.367    29.381    -0.16   15.88
 -14336.752    27.714    -4.52   17.15
 -13968.210    28.682     2.63   18.79
 -13599.742    30.848     5.88   20.11
 -13231.346    30.839    -0.02   21.58
 -12863.022    30.451    -1.05   20.86
 -12494.772    28.716    -4.71   19.83
 -12126.595    28.696    -0.06   20.09
 -11758.490    28.767     0.19   20.34
 -11390.458    31.129     6.42   20.98
 -11022.499    32.923     4.88   20.23
 -10654.612    35.629     7.36   19.08
 -10286.798    37.054     3.87   16.48
  -9919.057    36.907    -0.40   13.78
  -9551.388    34.728    -5.93   12.98
  -9183.791    33.276    -3.95   13.87
  -8816.267    30.813    -6.70   12.86
  -8448.815    29.169    -4.48   11.29
  -8081.436    27.544    -4.42   10.50
  -7714.129    23.876    -9.99   11.02
  -7346.894    17.089   -18.48   11.89
  -6979.731    12.264   -13.14   11.26
  -6612.641     7.722   -12.37    8.16
  -6245.622     4.641    -8.39    4.19
  -5878.676     3.663    -2.67    3.53
  -5511.802     2.402    -3.44    3.16
  -5145.000     1.337    -2.90    2.53
  -4778.269     0.286    -2.87    1.00
  -4411.611     0.000    -0.78    0.00
  -4045.025     0.000     0.00    0.00
  -3678.510     0.000     0.00    0.00
  -3312.067     0.000     0.00    0.00
  -2945.696     0.000     0.00    0.00
  -2579.396     0.000     0.00    0.00
  -2213.169     0.000     0.00    0.00
  -1847.013     0.000     0.00    0.00
  -1480.928     0.000     0.00    0.00
  -1114.915     0.000     0.00    0.00
   -748.974     0.000     0.00    0.00
   -380.776     0.000     0.00    0.00
      0.028     0.220     0.58    1.05
    380.754     4.178    10.40    8.74
    761.402    13.648    24.88   15.01
   1141.971    23.762    26.57   13.72
   1522.462    31.934    21.48    7.00
   1902.875    34.976     8.00    2.78
   2283.209    37.154     5.73    4.42
   2663.466    39.353     5.78    4.76
   3043.644    39.989     1.67    4.28
   3423.745    38.440    -4.07    5.90
   3803.767    34.607   -10.09    9.07
   4183.711    33.141    -3.86   10.45
   4563.578    31.778    -3.59   11.89
   4943.367    27.736   -10.64   13.62
   5323.078    21.407   -16.67   15.20
   5702.711    12.149   -24.38   12.39
   6082.267     5.910   -16.44    8.46
   6461.745     2.136    -9.94    2.03
   6841.145     1.478    -1.74    0.81
   7220.468     1.143    -0.88    0.89
   7599.713     1.444     0.80    1.54
   7978.881     3.000     4.10    3.41
   8357.971     5.400     6.33    5.24
   8736.984     9.112     9.79    6.63
   9115.920    12.191     8.12    7.06
   9494.779    14.789     6.86    6.56
   9873.560    15.563     2.04    7.15
  10252.264    16.146     1.54    7.00
  10630.891    16.944     2.11    6.34
  11009.441    16.311    -1.67    5.96
  11387.914    15.865    -1.18    5.61
  11766.310    15.233    -1.67    4.42
  12144.629    14.809    -1.12    3.52
  12522.871    15.429     1.64    4.84
  12901.036    18.795     8.90    8.20
  13279.124    25.286    17.17    9.04
  13657.136    29.839    12.05    5.56
  14035.071    31.462     4.29    4.13
  14412.929    32.279     2.16    4.41
  14790.711    33.189     2.41    4.85
  15168.416    36.405     8.51    5.81
  15546.044    40.449    10.71    6.36
  15923.596    44.036     9.50    4.78
  16301.072    45.247     3.21    3.18
  16678.471    43.643    -4.25    4.26
  17055.794    40.132    -9.30    5.69
  17433.041    36.488    -9.66    5.54
  17810.211    36.344    -0.38    4.78
  18187.305    38.750     6.38    4.76
  18564.323    41.804     8.10    5.01
  18941.265    44.942     8.32    4.05
  19318.131    48.511     9.47    5.25
  19694.921    52.267     9.97    6.50
  20071.635    54.815     6.76    5.61
  20448.272    55.929     2.96    4.84
  20824.834    54.478    -3.85    5.89
  21201.321    52.167    -6.14    6.12
  21577.731    52.044    -0.32    6.87
  21954.066    53.726     4.47    7.25
  22330.325    54.831     2.94    6.83
  22706.508    54.619    -0.56    6.21
  23082.615    53.202    -3.77    4.85
  23458.648    53.131    -0.19    5.45
  23834.604    53.744     1.63    6.16
  24210.485    55.655     5.08    6.66
  24586.291    56.407     2.00    6.16
  24962.021    57.143     1.96    5.50
  25337.676    59.326     5.81    5.70
  25713.256    60.070     1.98    5.27
  26088.760    61.511     3.84    4.51
  26464.189    61.881     0.99    5.07
  26839.543    62.022     0.38    5.19
  27214.822    62.298     0.73    5.61
  27590.026    64.167     4.98    5.76
  27965.155    66.071     5.08    5.91
  28340.209    66.584     1.37    6.05
  28715.187    66.857     0.73    5.72
  29090.091    66.270    -1.57    6.22
  29464.921    64.687    -4.22    5.47
  29839.675    63.472    -3.24    4.91
  30214.354    63.119    -0.94    5.59
  30588.959    64.736     4.32    5.40
  30963.489    64.881     0.39    5.28
  31337.945    65.370     1.30    4.52
  31712.326    67.140     4.73    5.67
  32086.632    71.736    12.28    9.06
  32460.864    76.741    13.37    8.32
  32835.022    80.165     9.15    5.81
  33209.105    81.453     3.44    4.60
  33583.113    83.189     4.64    7.82
  33957.048    87.176    10.66   12.47
  34330.908    90.101     7.82   11.71
  34704.694    89.624    -1.28   13.32
  35078.405    82.578   -18.85   16.76
  35452.043    73.384   -24.61   12.47
  35825.606    68.756   -12.39    6.49
  36199.096    69.920     3.12    6.79
  36572.511    73.500     9.59    5.11
  36945.852    75.582     5.58    3.21
  37319.120    76.744     3.11    2.99
  37692.313    78.539     4.81    3.79
  38065.433    80.517     5.30    3.36
  38438.479    81.330     2.18    3.42
  38811.451    81.416     0.23    4.61
  39184.350    78.640    -7.44    7.15
  39557.174    73.284   -14.37   10.65
  39929.926    67.000   -16.86   11.70
  40302.603    60.303   -17.97   10.69
  40675.207    54.562   -15.41    9.67
  41047.738    52.080    -6.66    8.45
  41420.195    51.756    -0.87    7.54
  41792.579    53.966     5.93    8.75
  42164.889    57.831    10.38    9.97
  42537.126    62.953    13.76    9.21
  42909.290    65.820     7.70    7.44
  43281.380    68.058     6.01    6.72
  43653.398    70.544     6.68    6.40
  44025.342    73.607     8.23    6.12
  44397.213    76.110     6.73    4.23
  44769.011    76.791     1.83    3.05
  45140.736    77.750     2.58    3.25
  45512.388    78.619     2.34    3.54
  45883.967    79.456     2.25    3.57
  46255.473    79.083    -1.00    4.63
  46626.906    76.989    -5.64    4.93
  46998.267    75.274    -4.62    4.23
  47369.555    75.157    -0.31    3.67
  47740.770    76.172     2.73    3.97
  48111.912    75.911    -0.70    4.91
  48482.982    74.851    -2.86    5.57
  48853.979    72.876    -5.32    5.67
  49224.903    70.315    -6.91    4.75
  49595.755    69.167    -3.10    4.24
  49966.535    70.284     3.01    5.77
  50337.242    74.807    12.20    7.96
  50707.877    77.568     7.45    6.75
  51078.439    78.034     1.26    6.40
  51448.930    75.888    -5.79    7.54
  51819.347    73.182    -7.30    8.32
  52189.693    70.733    -6.61    7.33
  52559.967    68.212    -6.81    6.00
  52930.168    65.876    -6.31    3.80
  53300.297    64.317    -4.21    3.88
  53670.354    62.483    -4.96    6.13
  54040.340    60.313    -5.86    8.80
  54410.253    58.596    -4.64   10.11
  54780.094    59.767     3.17   11.08
  55149.864    64.733    13.43   11.68
  55519.561    71.448    18.16    8.47
  55889.187    75.889    12.01    7.23
  56258.741    78.678     7.55    8.03
  56628.223    82.517    10.39    7.50
  56997.634    85.886     9.12    7.62
  57366.973    90.636    12.86    8.72
  57736.240    94.831    11.36   10.21
  58105.436   101.216    17.29   11.29
  58474.561   107.899    18.10   10.62
  58843.614   116.609    23.60   11.41
  59212.595   125.057    22.89   10.62
  59581.505   130.783    15.52    7.65
  59950.344   128.727    -5.57    9.77
  60319.111   122.310   -17.40   13.36
  60687.808   116.067   -16.93   12.24
  61056.433   114.616    -3.94   11.17
  61424.986   120.311    15.45   13.88
  61793.469   127.586    19.74   13.96
  62161.881   132.922    14.48   11.93
  62530.221   136.674    10.19    8.16
  62898.491   135.169    -4.09    8.41
  63266.689   130.227   -13.42   10.97
  63634.817   122.261   -21.64   11.93
  64002.873   115.079   -19.51   12.24
  64370.859   109.391   -15.46   10.10
  64738.774   106.156    -8.79    7.54
  65106.619   105.048    -3.01    4.72
  65474.392   104.545    -1.37    4.98
  65842.095   105.451     2.46    7.79
  66209.727   109.584    11.24   12.17
  66577.289   116.321    18.33   14.17
  66944.780   126.034    26.43   12.32
  67312.200   133.494    20.30    8.81
  67679.550   136.539     8.29    7.84
  68046.830   138.529     5.42    7.84
  68414.039   136.955    -4.29    9.28
  68781.178   136.598    -0.97    9.16
  69148.246   137.494     2.44    8.36
  69515.244   139.333     5.01    7.25
  69882.172   142.624     8.97    7.17
  70249.030   147.087    12.17    5.85
  70615.818   150.738     9.95    5.43
  70982.535   153.596     7.79    4.50
  71349.182   155.395     4.91    5.27
  71715.760   155.795     1.09    5.94
  72082.267   155.860     0.18    6.12
  72448.704   154.333    -4.17    6.45
  72815.072   152.614    -4.69    5.98
  73181.369   150.602    -5.49    5.61
  73547.597   149.216    -3.79    5.70
  73913.755   145.919    -9.00    6.54
  74279.843   142.375    -9.68    7.86
  74658.682   136.553   -15.37    8.73
  75039.251   130.656   -15.50   10.43
  75419.744   126.570   -10.74   10.28
  75800.161   123.922    -6.96    9.44
  76180.502   121.437    -6.53    8.23
  76560.766   122.775     3.52    7.53
  76940.955   124.455     4.42    7.70
  77321.067   125.616     3.06    7.94
  77701.103   124.689    -2.44   10.49
  78081.064   121.506    -8.38   12.40
  78460.948   117.477   -10.60   10.89
  78840.757   115.977    -3.95    9.24
  79220.490   112.511    -9.13    9.04
  79600.147   108.833    -9.69    9.99
  79979.728   105.295    -9.32    9.01
  80359.233   104.976    -0.84    8.35
  80738.663   113.000    21.15   12.42
  81118.018   122.155    24.13   11.14
  81497.296   125.396     8.54    8.43
  81876.500   124.690    -1.86    8.55
  82255.627   118.909   -15.25    9.23
  82634.680   112.735   -16.29    5.32
  83013.657   111.135    -4.22    4.91
  83392.558   111.786     1.72    6.89
  83771.384   115.318     9.32    7.51
  84150.135   120.471    13.60    8.82
  84528.811   127.534    18.65   12.42
  84907.412   136.116    22.67   11.68
  85285.938   139.920    10.05    8.93
  85664.388   141.517     4.22    8.35
  86042.764   142.557     2.75   10.08
  86421.064   142.802     0.65   12.49
  86799.290   142.186    -1.63   13.16
  87177.440   142.727     1.43   12.15
  87555.516   146.114     8.96   12.93
  87933.517   151.326    13.79   15.08
  88311.443   158.791    19.75   13.24
  88689.295   163.529    12.54    8.61
  89067.072   163.805     0.73    8.90
  89444.774   162.625    -3.12    8.44
  89822.402   163.872     3.30    7.04
  90199.955   163.091    -2.07    6.82
  90577.433   160.744    -6.22    7.59
  90954.837   159.273    -3.90    7.22
  91332.167   159.812     1.43    7.41
  91709.422   163.136     8.81    7.36
  92086.603   165.476     6.20    6.22
  92463.710   164.557    -2.44    6.60
  92840.743   161.788    -7.34    9.06
  93217.701   160.400    -3.68    9.98
  93594.585   158.810    -4.22    9.84
  93971.395   159.943     3.01    9.48
  94348.131   163.549     9.57   10.22
  94724.793   168.898    14.20   12.65
  95101.381   174.122    13.87   12.13
  95477.895   173.736    -1.03   11.96
  95854.335   171.747    -5.28   12.02
  96230.702   167.378   -11.61   11.45
  96606.994   162.500   -12.96    9.97
  96983.213   158.400   -10.90    7.48
  97359.358   156.390    -5.34    4.91
  97735.429   155.648    -1.97    4.16
  98111.427   157.183     4.08    4.77
  98487.351   158.207     2.72    4.71
  98863.202   158.768     1.49    3.86
  99238.979   159.787     2.71    2.32
  99614.683   159.159    -1.67    1.98
  99990.313   158.467    -1.84    3.04
 100365.870   156.771    -4.51    6.68
 100741.353   157.598     2.20    9.77
 101116.763   159.427     4.87   11.47
 101492.100   162.091     7.10   11.47
 101867.364   164.915     7.52   10.45
 102242.555   164.831    -0.22    9.76
 102617.672   162.768    -5.50    9.72
 102992.716   158.478   -11.44    8.71
 103367.688   154.831    -9.72    8.18
 103742.586   151.448    -9.02    6.57
 104117.412   149.805    -4.38    6.21
 104492.164   148.352    -3.88    5.96
 104866.844   147.451    -2.40    5.62
 105241.451   147.375    -0.20    6.64
 105615.985   149.341     5.25    9.28
 105990.446   153.911    12.20   10.94
 106364.835   159.904    16.00    9.49
 106739.150   163.115     8.58    7.35
 107113.394   163.122     0.02    8.62
 107487.565   164.115     2.65    8.91
 107861.663   166.366     6.02    8.56
 108235.688   171.716    14.30    8.80
 108609.642   179.207    20.03    9.85
 108983.523   187.211    21.41   10.87
 109357.331   195.578    22.38   10.31
 109731.067   202.727    19.13    9.53
 110104.731   207.110    11.73    8.62
 110478.323   207.895     2.10    7.89
 110851.843   205.305    -6.93    8.43
 111225.290   200.045   -14.08    9.98
 111598.665   193.171   -18.41   10.40
 111971.968   187.956   -13.97    8.39
 112345.199   187.085    -2.33    7.49
 112718.358   191.540    11.94   10.78
 113091.446   199.585    21.56   11.19
 113464.461   205.193    15.03    9.26
 113837.404   207.675     6.65    7.41
 114210.276   209.655     5.31    6.50
 114583.076   212.867     8.62    7.27
 114955.804   217.402    12.17    8.01
 115328.460   222.398    13.40    6.58
 115701.045   226.750    11.68    5.31
 116073.558   229.447     7.24    4.00
 116446.000   228.705    -1.99    5.19
 116818.370   225.388    -8.91    7.60
 117190.668   220.114   -14.17    7.77
 117562.895   215.422   -12.60    5.82
 117935.051   213.091    -6.26    4.82
 118307.135   213.161     0.19    4.91
 118679.148   215.059     5.10    6.70
 119051.090   220.140    13.66   10.03
 119422.960   225.609    14.71   10.21
 119794.759   230.506    13.17    9.38
 120166.487   229.761    -2.00    9.70
 120538.144   223.412   -17.08   13.70
 120909.730   215.529   -21.21   13.99
 121281.245   211.281   -11.43   11.18
 121652.688   210.482    -2.15   10.38
 122024.061   213.511     8.16   11.42
 122395.363   217.070     9.58   11.54
 122766.594   221.540    12.04   10.91
 123137.754   226.581    13.58    9.63
 123508.844   231.159    12.33    7.65
 123879.862   233.435     6.13    6.31
 124250.810   233.427    -0.02    6.84
 124621.687   233.518     0.25    7.83
 124992.494   233.943     1.14    7.82
 125363.230   233.469    -1.28    7.90
 125733.895   230.103    -9.08    8.70
 126104.490   227.134    -8.01    6.92
 126475.014   225.466    -4.50    4.55
 126845.468   226.402     2.53    5.82
 127215.852   229.931     9.53    5.88
 127586.165   232.108     5.88    5.60
 127956.408   230.591    -4.10    7.74
 128326.580   229.400    -3.22    8.38
 128696.682   230.818     3.83   10.35
 129066.715   234.671    10.41   12.24
 129436.677   241.284    17.87   11.95
 129806.568   248.529    19.58   11.97
 130176.390   256.686    22.06   12.88
 130546.142   263.864    19.41   13.00
 130915.824   270.381    17.63   10.23
 131285.435   274.310    10.63   10.66
 131654.977   277.105     7.56   14.51
 132024.449   279.828     7.37   18.21
 132393.851   282.965     8.49   19.67
 132763.183   283.080     0.31   17.54
 133132.446   277.976   -13.82   15.55
 133501.639   272.261   -15.48   15.74
 133870.762   265.476   -18.38   13.60
 134239.815   258.195   -19.72   16.85
 134608.799   250.538   -20.75   19.22
 134977.713   245.460   -13.76   20.65
 135346.558   242.747    -7.35   19.66
 135715.333   241.909    -2.27   19.46
 136084.039   242.679     2.09   18.38
 136452.676   242.977     0.81   17.37
 136821.243   244.384     3.82   16.63
 137189.740   249.302    13.35   14.67
 137558.169   253.659    11.82   13.21
 137926.528   258.511    13.17   13.61
 138294.818   265.435    18.80   12.68
 138663.038   275.023    26.04   13.98
 139031.190   282.593    20.56   14.73
 139399.272   289.333    18.31   10.52
 139767.286   294.307    13.51    7.95
 140135.230   298.193    10.56    5.08
 140503.106   300.395     5.99    5.74
 140870.912   303.148     7.48    4.24
 141238.650   304.977     4.97    4.61
 141606.318   305.148     0.46    5.65
 141973.918   299.742   -14.71   11.62
 142341.449   292.310   -20.22   13.66
 142708.912   281.909   -28.30   12.23
 143076.305   275.616   -17.13    8.44
 143443.630   272.198    -9.31    7.69
 143810.886   271.632    -1.54    8.66
 144178.074   269.690    -5.29   10.69
 144545.193   267.345    -6.39   12.01
 144912.244   264.207    -8.55   13.44
 145279.226   260.172   -10.99   15.01
 145646.140   256.143   -10.98   15.44
 146012.985   253.011    -8.53   16.06
 146379.762   250.654    -6.43   15.96
 146746.470   245.576   -13.85   18.34
 147113.111   240.247   -14.53   19.74
 147479.683   234.349   -16.09   17.96
 147846.186   228.434   -16.14   16.33
 148212.622   225.216    -8.78   17.45
 148578.990   219.337   -16.04   17.65
 148945.289   213.202   -16.75   15.53
 149320.148   209.264   -10.50   14.60
 149700.564   204.372   -12.86   15.39
 150080.907   201.831    -6.68   14.09
 150461.175   198.080    -9.86   12.55
 150841.369   193.880   -11.05   12.83
 151221.489   192.172    -4.49   13.84
 151601.535   188.889    -8.64   15.02
 151981.507   187.000    -4.97   13.65
 152361.405   184.213    -7.34   12.20
 152741.229   179.667   -11.97   11.02
 153120.979   176.074    -9.46    8.48
 153500.655   173.227    -7.50    5.92
 153880.257   169.857    -8.88    6.42
 154259.785   165.455   -11.60    7.39
 154639.240   160.036   -14.28    6.57
 155018.621   157.279    -7.27    4.62
 155397.928   154.523    -7.26    4.93
 155777.162   154.012    -1.35    5.37
 156156.322   156.159     5.66    6.47
 156535.409   157.488     3.51    6.37
 156914.422   159.860     6.26    4.65
 157293.362   159.140    -1.90    4.83
 157672.228   156.588    -6.73    3.95
 158051.021   155.202    -3.66    3.42
 158429.740   155.733     1.40    3.32
 158808.387   156.440     1.87    3.15
 159186.960   155.782    -1.74    2.93
 159565.460   155.512    -0.71    2.49
 159943.886   154.640    -2.31    2.17
 160322.240   153.562    -2.85    2.81
 160700.521   152.314    -3.30    3.79
 161078.728   151.012    -3.44    3.76
 161456.863   149.759    -3.32    3.38
 161834.924   149.012    -1.97    2.99
 162212.913   147.430    -4.19    3.58
 162590.829   145.756    -4.43    4.28
 162968.672   142.395    -8.89    5.08
 163346.442   140.084    -6.12    4.14
 163724.140   140.333     0.66    4.47
 164101.764   140.395     0.16    4.18
 164479.317   140.729     0.88    3.82
 164856.796   139.953    -2.06    3.96
 165234.203   138.591    -3.61    3.11
 165611.538   137.274    -3.49    4.35
 165988.800   135.565    -4.53    5.01
 166365.989   133.739    -4.84    4.31
 166743.106   133.929     0.50    3.87
 167120.151   135.341     3.75    3.05
 167497.123   136.744     3.72    2.25
 167874.024   136.459    -0.76    2.70
 168250.852   135.202    -3.33    3.56
 168627.607   133.093    -5.60    4.22
 169004.291   130.750    -6.22    2.92
 169380.903   128.221    -6.71    3.09
 169757.442   125.535    -7.13    4.57
 170133.909   123.563    -5.24    4.49
 170510.305   122.265    -3.45    3.47
 170886.628   122.424     0.42    2.94
 171262.880   122.247    -0.47    3.09
 171639.060   122.034    -0.56    3.76
 172015.167   123.000     2.57    5.11
 172391.203   124.920     5.10    5.60
 172767.168   126.593     4.45    4.95
 173143.060   124.172    -6.44    6.30
 173518.881   120.346   -10.18    6.75
 173894.631   115.930   -11.75    6.77
 174270.309   111.568   -11.61    4.49
 174645.915   108.989    -6.87    4.95
 175021.450   107.815    -3.13    4.53
 175396.913   106.425    -3.70    4.62
 175772.305   105.695    -1.94    4.37
 176147.625   106.765     2.85    4.88
 176522.875   107.753     2.63    5.64
 176898.052   108.057     0.81    5.80
 177273.159   107.198    -2.29    6.31
 177648.194   106.674    -1.39    7.02
 178023.159   106.753     0.21    7.33
 178398.052   105.930    -2.19    7.27
 178772.874   104.700    -3.28    7.30
 179147.625   102.860    -4.91    7.28
 179522.305   102.317    -1.45    7.10
 179896.914   102.517     0.53    6.92
 180271.452   102.988     1.26    6.58
 180645.919   102.465    -1.40    6.53
 181020.315   101.500    -2.58    6.61
 181394.641   100.643    -2.29    6.57
 181768.895    99.728    -2.44    5.41
 182143.079   100.070     0.91    5.34
 182517.193    99.976    -0.25    5.51
 182891.235   100.419     1.18    5.35
 183265.207   100.265    -0.41    5.73
 183639.109    99.588    -1.81    5.97
 184012.940    99.427    -0.43    5.64
 184386.700   100.874     3.87    5.95
 184760.390   101.916     2.79    5.86
 185134.010   101.733    -0.49    6.17
 185507.559   100.827    -2.42    6.58
 185881.038    99.593    -3.30    5.46
 186254.446   100.482     2.38    5.47
 186627.785   102.644     5.79    5.91
 187001.053   106.185     9.49    4.25
 187374.251   108.918     7.32    3.86
 187747.378   111.148     5.98    2.78
 188120.436   112.709     4.18    2.72
 188493.424   113.864     3.10    3.54
 188866.341   114.523     1.77    3.99
 189239.189   114.162    -0.97    4.72
 189611.967   113.718    -1.19    4.23
 189984.674   112.838    -2.36    3.56
 190357.312   111.221    -4.34    3.49
 190729.880   109.000    -5.96    4.02
 191102.379   106.512    -6.68    3.75
 191474.807   104.691    -4.89    2.08
 191847.166   104.310    -1.02    1.74
 192219.455   104.358     0.13    1.65
 192591.675   103.847    -1.37    1.62
 192963.825   102.838    -2.71    1.96
 193335.905   102.058    -2.09    2.28
 193707.916   101.588    -1.26    2.92
 194079.858   101.616     0.08    4.67
 194451.730   103.125     4.06    5.78
 194823.532   104.093     2.60    5.38
 195195.266   103.562    -1.43    6.22
 195566.930   100.494    -8.25    7.86
 195938.524    97.213    -8.83    7.83
 196310.050    94.080    -8.43    6.76
 196681.506    91.506    -6.93    4.96
 197052.893    91.872     0.99    5.51
 197424.211    93.723     4.98    6.49
 197795.460    97.541    10.28    7.06
 198166.640   102.047    12.14    5.21
 198537.751   104.779     7.36    3.07
 198908.792   105.410     1.70    3.40
 199279.765   106.267     2.31    3.55
 199650.669   105.817    -1.21    3.99
 200021.505   104.165    -4.46    3.67
 200392.271   103.047    -3.02    4.02
 200762.968   100.812    -6.03    3.44
 201133.597    99.916    -2.42    2.69
 201504.157   100.977     2.86    3.34
 201874.649   103.176     5.94    4.83
 202245.072   107.024    10.39    5.45
 202615.426   111.141    11.11    6.55
 202985.712   116.500    14.47    6.24
 203355.929   118.741     6.05    5.50
 203726.078   119.793     2.84    4.97
 204096.158   117.800    -5.38    5.08
 204466.170   115.841    -5.29    3.39
 204836.113   114.966    -2.37    2.76
 205205.988   115.000     0.09    3.50
 205575.795   117.779     7.51    5.14
 205945.534   121.444     9.91    6.29
 206315.205   122.395     2.57    5.77
 206684.807   123.012     1.67    5.77
 207054.341   121.976    -2.80    5.90
 207423.807   119.400    -6.97    4.44
 207793.205   120.286     2.40    4.32
 208162.535   118.887    -3.79    4.31
 208531.797   116.407    -6.72    5.28
 208900.991   114.422    -5.38    6.26
 209270.117   110.081   -11.76    6.31
 209639.175   106.866    -8.71    6.53
 210008.166   104.081    -7.54    6.66
 210377.089   101.376    -7.33    7.13
 210745.943    99.929    -3.92    7.29
 211114.731    98.549    -3.74    7.34
 211483.450    98.080    -1.27    7.06
 211852.102    95.440    -7.16    7.17
 212220.686    93.892    -4.20    6.50
 212589.203    92.553    -3.63    5.94
 212957.652    89.753    -7.60    6.19
 213326.033    88.322    -3.88    6.11
 213694.348    86.232    -5.67    6.58
 214062.594    83.595    -7.16    6.40
 214430.774    84.037     1.20    6.62
 214798.886    86.733     7.32    8.90
 215166.930    90.838    11.15    8.21
 215534.908    94.184     9.09    4.06
 215902.818    94.975     2.15    2.62
 216270.661    94.477    -1.35    2.35
 216638.437    93.866    -1.66    2.40
 217006.145    92.103    -4.79    5.68
 217373.787    90.610    -4.06    7.15
 217741.361    90.810     0.54   10.04
 218108.869    90.622    -0.51   11.00
 218476.309    88.179    -6.65   11.89
 218843.683    85.360    -7.67   10.94
 219210.990    83.024    -6.36    9.73
 219578.229    83.193     0.46   10.12
 219945.402    85.795     7.09   11.99
 220312.508    88.417     7.14   12.79
 220679.548    92.025     9.83   13.55
 221046.520    94.341     6.31   13.27
 221413.426    96.524     5.95   12.17
 221780.266    99.106     7.04   10.01
 222147.038   102.436     9.08    6.20
 222513.745   104.512     5.66    3.84
 222880.384   105.494     2.68    3.51
 223246.957   104.241    -3.42    5.33
 223613.464   101.852    -6.52    6.58
 223984.661    99.193    -7.16    6.57
 224364.925    93.975   -13.72    8.00
 224745.116    89.337   -12.20    8.25
 225125.236    87.152    -5.75    7.30
 225505.283    87.659     1.33    5.94
 225885.258    91.266     9.49    4.51
 226265.161    93.941     7.04    3.40
 226644.992    94.855     2.41    3.23
 227024.751    92.729    -5.60    5.90
 227404.438    87.914   -12.68    8.80
 227784.052    87.588    -0.86    9.53
 228163.595    91.247     9.64   11.65
 228543.066    95.422    11.00    9.69
 228922.466    99.337    10.32    4.88
 229301.793    99.558     0.58    4.80
 229681.049   100.400     2.22    4.28
 230060.233   102.975     6.79    3.88
 230439.345   102.012    -2.54    4.94
 230818.386    99.902    -5.56    5.74
 231197.355    97.326    -6.80    4.78
 231576.252    96.494    -2.20    3.61
 231955.078    97.393     2.37    4.19
 232333.832    99.162     4.67    4.07
 232712.515   100.694     4.04    4.52
 233091.127   100.418    -0.73    5.18
 233469.667    99.988    -1.13    5.34
 233848.136   101.099     2.93    5.46
 234226.534   101.895     2.10    6.35
 234604.860   103.884     5.25    6.94
 234983.116   103.571    -0.83    6.84
 235361.300   101.036    -6.70    6.77
 235739.413    98.976    -5.45    5.43
 236117.455    99.000     0.06    4.20
 236495.426    98.566    -1.15    4.23
 236873.325    97.512    -2.79    6.28
 237251.154    93.776    -9.88   10.37
 237628.912    88.179   -14.82   10.74
 238006.600    84.778    -9.00   10.32
 238384.216    83.325    -3.85    9.73
 238761.761    83.976     1.72    9.41
 239139.236    82.671    -3.46    8.85
 239516.640    81.405    -3.35    8.23
 239893.973    81.193    -0.56    8.03
 240271.236    81.570     1.00    7.68
 240648.428    81.988     1.11    6.77
 241025.550    82.600     1.62    6.89
 241402.601    82.833     0.62    7.87
 241779.581    82.658    -0.46    9.05
 242156.491    81.628    -2.73   10.26
 242533.331    81.444    -0.49   10.63
 242910.100    81.048    -1.05   11.12
 243286.799    79.630    -3.77   11.52
 243663.428    80.709     2.87   11.88
 244039.987    81.000     0.77   12.12
 244416.475    80.821    -0.47   12.09
 244792.893    81.951     3.00   11.82
 245169.241    80.810    -3.03   11.28
 245545.519    79.847    -2.56   10.60
 245921.727    78.434    -3.76    9.88
 246297.864    77.735    -1.86   10.70
 246673.932    77.226    -1.35   10.55
 247049.930    77.145    -0.22   11.16
 247425.858    76.253    -2.37   11.49
 247801.716    76.386     0.35   10.86
 248177.505    76.341    -0.12   10.71
 248553.223    76.000    -0.91   10.04
 248928.872    77.864     4.96   10.95
 249304.451    81.131     8.70   11.49
 249679.961    85.776    12.37   11.81
 250055.401    94.000    21.90    8.99
 250430.771    99.926    15.78    7.64
 250806.072   105.202    14.06    7.24
 251181.303   108.568     8.97    5.04
 251556.465   108.488    -0.21    5.41
 251931.557   107.200    -3.43    5.66
 252306.580   104.561    -7.04    6.22
 252681.534   102.363    -5.86    6.78
 253056.418   101.929    -1.16    6.86
 253431.233   100.051    -5.01    7.19
 253805.979    98.393    -4.42    7.42
 254180.655    95.177    -8.58    8.39
 254555.263    93.400    -4.74    8.68
 254929.801    92.679    -1.92    8.60
 255304.270    92.655    -0.07    8.73
 255678.670    94.588     5.16    9.58
 256053.001    97.835     8.67    8.87
 256427.264   101.256     9.14    6.90
 256801.457   102.687     3.82    4.80
 257175.581   101.269    -3.79    5.76
 257549.637    98.706    -6.85    6.53
 257923.623    97.363    -3.59    6.55
 258297.541    97.536     0.46    6.75
 258671.390    95.718    -4.86    8.30
 259045.171    93.753    -5.26    8.24
 259418.883    90.775    -7.97    8.13
 259792.526    90.059    -1.92    8.86
 260166.100    90.500     1.18   11.05
 260539.606    84.855   -15.11   14.83
 260913.044    81.808    -8.16   13.98
 261286.413    80.718    -2.92   13.06
 261659.713    78.152    -6.87   12.60
 262032.945    74.831    -8.89   10.97
 262406.109    75.625     2.13    9.06
 262779.205    79.419    10.17   10.22
 263152.232    86.165    18.08   10.02
 263525.191    92.506    17.00    8.58
 263898.082    97.500    13.39    6.68
 264270.904    99.733     5.99    5.78
 264643.658   101.600     5.01    3.96
 265016.345   101.366    -0.63    3.02
 265388.963   101.525     0.43    2.92
 265761.513   102.306     2.10    3.18
 266133.995   103.662     3.64    2.88
 266506.410   104.458     2.14    2.13
 266878.756   104.101    -0.96    2.67
 267251.034   102.753    -3.62    3.57
 267623.245   100.342    -6.48    4.28
 267995.388    98.735    -4.32    3.98
 268367.463    98.103    -1.70    3.91
 268739.470    99.012     2.44    4.46
 269111.410   101.526     6.76    5.02
 269483.282   104.036     6.75    5.12
 269855.086   105.671     4.40    4.62
 270226.823   106.565     2.40    4.71
 270598.492   109.090     6.79    4.47
 270970.094   110.976     5.07    3.55
 271341.628   112.692     4.62    3.46
 271713.095   114.741     5.51    3.27
 272084.494   115.769     2.77    2.78
 272455.826   116.096     0.88    2.28
 272827.091   114.910    -3.19    2.68
 273198.288   113.631    -3.45    2.23
 273569.418   113.090    -1.46    2.17
 273940.481   111.939    -3.10    3.17
 274311.477   109.359    -6.95    5.70
 274682.406   105.541   -10.29    7.10
 275053.267   100.705   -13.04    6.02
 275424.062    98.107    -7.01    4.37
 275794.789    97.231    -2.36    3.12
 276165.449    98.000     2.07    2.85
 276536.043   100.062     5.56    4.04
 276906.569   103.988    10.59    4.51
 277277.029   107.418     9.26    4.89
 277647.422   110.759     9.02    4.57
 278017.748   111.000     0.65    5.98
 278388.007   108.012    -8.07    8.07
 278758.199   104.354    -9.88    7.58
 279128.325   100.964    -9.16    5.27
 279498.384    98.952    -5.44    2.06
 279868.376    99.048     0.26    1.71
 280238.302    99.257     0.57    1.48
 280608.161    99.500     0.66    1.32
