-189370.514    48.818     0.00    3.87
-188993.746    48.515    -0.80    5.02
-188616.904    49.908     3.70    7.40
-188239.990    50.852     2.50    8.87
-187863.004    52.342     3.95    8.88
-187485.944    53.059     1.90    8.20
-187108.812    55.569     6.65    7.80
-186731.607    59.256     9.77    8.37
-186354.330    67.321    21.37   11.14
-185976.979    73.703    16.91    9.92
-185599.556    77.256     9.41    8.10
-185222.059    76.035    -3.23    8.29
-184844.490    74.183    -4.90    7.91
-184466.847    73.415    -2.03    8.29
-184089.132    72.496    -2.43    7.78
-183711.343    70.999    -3.96    8.93
-183333.481    68.745    -5.96    9.86
-182955.546    65.785    -7.83    9.14
-182577.537    62.415    -8.91    8.82
-182199.456    59.812    -6.89    9.32
-181821.301    59.185    -1.66    8.90
-181443.072    57.868    -3.48    8.79
-181064.770    57.438    -1.14    7.95
-180686.395    58.660     3.23    7.37
-180307.946    60.116     3.85    6.98
-179929.424    63.587     9.17    6.88
-179550.828    66.024     6.44    5.67
-179172.158    68.142     5.59    4.51
-178793.415    69.767     4.29    4.16
-178414.597    71.826     5.43    4.52
-178035.707    73.811     5.24    3.85
-177656.742    74.392     1.53    3.81
-177277.703    72.194    -5.80    6.20
-176898.591    69.264    -7.73    6.26
-176519.405    68.439    -2.18    5.44
-176140.144    68.788     0.92    4.45
-175760.810    70.450     4.38    3.33
-175381.401    73.055     6.86    3.82
-175001.919    74.886     4.83    3.88
-174622.362    75.869     2.59    3.92
-174242.731    75.678    -0.50    4.52
-173863.026    74.567    -2.93    4.86
-173483.247    74.063    -1.33    5.46
-173103.393    74.220     0.41    6.73
-172723.465    74.904     1.80    7.56
-172343.462    74.801    -0.27    6.88
-171963.385    73.795    -2.65    6.13
-171583.234    72.813    -2.58    5.76
-171203.008    69.275    -9.30    5.92
-170822.707    67.358    -5.04    5.94
-170442.332    68.160     2.11    6.65
-170070.182    71.767     9.69    7.66
-169703.995    76.380    12.60    5.97
-169337.740    79.449     8.38    3.76
-168971.417    81.490     5.57    3.05
-168605.024    82.540     2.87    2.64
-168238.564    83.614     2.93    2.39
-167872.035    84.921     3.56    2.84
-167505.437    86.592     4.56    4.07
-167138.771    89.622     8.26    5.35
-166772.036    92.055     6.63    4.75
-166405.232    93.710     4.51    3.19
-166038.359    93.450    -0.71    3.66
-165671.418    91.668    -4.86    3.68
-165304.408    92.148     1.31    3.75
-164937.329    93.666     4.13    4.60
-164570.181    95.301     4.45    4.36
-164202.964    96.197     2.44    3.46
-163835.678    96.070    -0.34    3.06
-163468.323    95.392    -1.85    2.82
-163100.899    95.085    -0.83    2.06
-162733.406    95.561     1.29    2.10
-162365.844    96.346     2.14    2.17
-161998.213    98.128     4.85    3.50
-161630.512   100.426     6.25    3.99
-161262.742   102.415     5.41    3.88
-160894.903   104.322     5.18    4.50
-160526.995   106.345     5.50    5.64
-160159.017   108.346     5.44    5.52
-159790.969   109.266     2.50    4.76
-159422.853   107.875    -3.78    5.72
-159054.667   105.335    -6.90    7.66
-158686.411    99.452   -15.97    9.65
-158318.085    92.921   -17.73    9.93
-157949.690    85.807   -19.31    9.21
-157581.226    80.415   -14.63    7.99
-157212.692    76.948    -9.41    6.04
-156844.088    74.231    -7.37    4.84
-156475.414    73.404    -2.24    5.03
-156106.670    75.051     4.47    7.26
-155737.857    76.833     4.83    9.20
-155368.974    78.834     5.42    9.49
-155000.020    78.904     0.19    9.14
-154630.997    77.157    -4.73    7.77
-154261.904    73.710    -9.34    6.27
-153892.741    71.699    -5.45    4.96
-153523.507    72.950     3.39    5.53
-153154.204    75.811     7.74    5.87
-152784.830    78.794     8.08    4.52
-152415.386    80.987     5.94    3.21
-152045.872    82.794     4.89    4.40
-151676.288    85.079     6.18    5.95
-151306.633    87.657     6.97    6.56
-150936.908    90.124     6.67    5.30
-150567.113    90.592     1.27    3.67
-150197.247    88.770    -4.93    3.55
-149827.310    86.381    -6.46    3.93
-149457.303    84.246    -5.77    4.74
-149087.226    81.348    -7.83    5.94
-148717.078    78.654    -7.28    6.99
-148346.859    75.892    -7.46    6.21
-147976.570    75.439    -1.22    4.68
-147606.210    77.461     5.46    5.45
-147235.779    80.381     7.88    4.82
-146865.277    83.290     7.85    3.20
-146494.704    84.852     4.21    2.00
-146124.061    85.279     1.15    2.41
-145753.347    85.090    -0.51    2.63
-145382.561    85.233     0.39    3.18
-145011.705    85.302     0.19    3.46
-144640.777    84.964    -0.91    4.07
-144269.779    83.074    -5.09    6.41
-143898.709    77.852   -14.07    9.11
-143527.568    72.983   -13.12   10.34
-143156.356    68.206   -12.87    7.98
-142785.073    66.688    -4.09    6.02
-142413.719    65.992    -1.87    5.59
-142042.293    63.572    -6.52    6.79
-141670.795    59.452   -11.09    7.06
-141299.227    56.639    -7.57    5.63
-140927.587    56.819     0.48    5.98
-140555.875    62.473    15.21    8.58
-140184.092    68.551    16.35    7.89
-139812.237    73.426    13.11    6.73
-139440.311    77.537    11.05    6.32
-139068.313    82.414    13.11    6.75
-138696.243    86.636    11.35    6.39
-138324.101    90.257     9.73    5.60
-137951.888    92.850     6.96    3.76
-137579.603    93.960     2.98    2.64
-137207.246    94.702     1.99    2.72
-136834.817    95.722     2.74    2.90
-136462.316    96.694     2.61    2.63
-136089.743    97.847     3.09    2.21
-135717.098    98.110     0.71    2.18
-135344.381    96.892    -3.27    2.97
-134971.592    95.323    -4.21    4.10
-134598.731    93.358    -5.27    4.45
-134225.798    91.985    -3.68    4.21
-133852.792    92.162     0.47    4.06
-133479.714    92.243     0.22    3.57
-133106.564    91.392    -2.28    4.03
-132733.341    89.962    -3.83    4.06
-132360.046    87.381    -6.91    4.63
-131986.678    85.085    -6.15    4.70
-131613.238    82.358    -7.30    5.80
-131239.726    79.460    -7.76    6.58
-130866.141    75.020   -11.88    7.48
-130492.483    70.881   -11.08    7.19
-130118.753    68.301    -6.90    5.47
-129744.949    66.601    -4.55    3.42
-129371.074    68.301     4.55    5.13
-128997.125    71.601     8.82    5.47
-128623.103    76.369    12.75    7.20
-128249.009    83.089    17.96    9.50
-127874.842    92.555    25.30   11.29
-127500.601   100.583    21.45   11.40
-127126.288   108.585    21.38    8.83
-126751.902   112.779    11.20    5.62
-126377.443   113.657     2.34    6.68
-126002.910   112.967    -1.84    8.79
-125628.304   111.760    -3.22    9.66
-125253.626   112.279     1.38    8.72
-124878.873   114.608     6.22    7.50
-124504.048   116.684     5.54    6.72
-124129.149   117.680     2.65    5.86
-123754.177   117.551    -0.34    5.32
-123379.131   115.909    -4.38    4.55
-123004.012   114.806    -2.94    3.90
-122628.820   114.788    -0.05    4.10
-122253.554   117.105     6.17    5.29
-121878.214   120.794     9.83    6.23
-121502.801   124.493     9.85    5.69
-121127.313   126.185     4.51    3.82
-120751.753   123.954    -5.94    5.68
-120376.118   119.813   -11.02    7.42
-120000.410   114.631   -13.79    7.33
-119624.628   108.938   -15.15    6.42
-119248.771   105.955    -7.93    7.12
-118872.841   104.790    -3.10    8.43
-118496.837   103.472    -3.51    8.01
-118120.759   102.210    -3.35    6.90
-117744.607   102.696     1.29    4.96
-117368.381   104.151     3.87    5.94
-116992.080   105.774     4.31    7.59
-116615.706   107.699     5.11    8.09
-116239.257   107.267    -1.15    9.56
-115862.734   102.662   -12.23   12.05
-115486.136    97.799   -12.91   12.91
-115109.464    92.033   -15.31   10.46
-114732.718    88.654    -8.97    8.04
-114355.897    86.029    -6.97    7.67
-113979.002    83.875    -5.71    8.53
-113602.032    81.024    -7.56    8.79
-113224.987    78.794    -5.91    8.34
-112847.868    78.642    -0.40    8.62
-112470.675    77.024    -4.29    8.57
-112093.406    75.826    -3.18    8.80
-111716.063    72.462    -8.91    8.12
-111338.645    67.619   -12.83    6.31
-110961.152    64.090    -9.35    5.39
-110583.584    61.847    -5.94    3.82
-110205.941    60.678    -3.09    3.73
-109828.223    59.875    -2.12    3.58
-109450.430    60.169     0.78    3.29
-109072.563    60.983     2.16    3.00
-108694.619    63.154     5.74    4.23
-108316.601    69.106    15.74    8.78
-107938.508    76.249    18.89   10.31
-107560.339    85.403    24.20   11.72
-107182.095    93.273    20.80    9.84
-106803.776    97.972    12.42    9.96
-106425.381   104.055    16.07   12.27
-106046.911   108.269    11.13   13.83
-105668.365   109.790     4.02   14.10
-105289.744   108.403    -3.66   12.76
-104911.047   104.063   -11.46   12.05
-104532.275    96.583   -19.75   11.63
-104153.427    88.461   -21.44    8.86
-103774.503    81.392   -18.65    8.51
-103395.503    77.231   -10.98    6.74
-103016.428    74.819    -6.36    5.90
-102637.277    73.220    -4.22    6.13
-102258.050    74.082     2.27    6.66
-101878.747    75.744     4.38    7.85
-101499.368    77.699     5.15    8.96
-101119.913    83.210    14.52   11.56
-100740.382    89.119    15.57   11.16
-100360.775    93.392    11.25    7.86
 -99981.091    95.829     6.42    5.61
 -99601.332    97.585     4.62    6.55
 -99221.496   101.220     9.57    8.36
 -98841.584   108.248    18.50    8.75
 -98461.596   113.588    14.05    8.70
 -98081.531   118.126    11.94    9.80
 -97701.390   121.892     9.91   10.13
 -97321.172   122.970     2.83    9.09
 -96940.878   122.416    -1.46    7.96
 -96560.507   118.017   -11.56    8.50
 -96180.059   111.766   -16.43    7.41
 -95799.535   109.729    -5.35    6.07
 -95422.881   109.737     0.02    6.15
 -95056.911   111.824     5.70    6.03
 -94690.870   114.761     8.02    5.21
 -94324.760   116.887     5.81    5.55
 -93958.579   120.233     9.14    6.38
 -93592.328   124.748    12.33    6.42
 -93226.007   127.494     7.50    4.75
 -92859.616   127.651     0.43    5.31
 -92493.155   126.269    -3.77    6.56
 -92126.623   122.631    -9.92    5.45
 -91760.020   121.280    -3.68    4.16
 -91393.348   121.794     1.40    3.64
 -91026.604   123.183     3.79    3.51
 -90659.791   125.535     6.41    3.11
 -90292.906   127.915     6.49    2.74
 -89925.951   129.368     3.96    2.24
 -89558.926   130.842     4.01    4.06
 -89191.830   132.128     3.50    4.73
 -88824.663   133.583     3.96    4.80
 -88457.425   134.267     1.86    5.43
 -88090.116   135.767     4.08    6.53
 -87722.737   136.348     1.58    6.66
 -87355.287   137.323     2.65    5.84
 -86987.766   136.190    -3.08    5.18
 -86620.174   134.192    -5.43    5.37
 -86252.510   132.313    -5.11    6.56
 -85884.776   130.559    -4.77    7.20
 -85516.971   129.030    -4.16    7.23
 -85149.095   127.239    -4.87    6.69
 -84781.147   124.700    -6.90    7.48
 -84413.128   122.710    -5.41    7.66
 -84045.038   120.089    -7.12    7.70
 -83676.877   117.312    -7.54    6.88
 -83308.645   114.540    -7.53    5.47
 -82940.341   112.392    -5.83    3.96
 -82571.965   110.711    -4.56    2.55
 -82203.518   109.637    -2.92    2.56
 -81835.000   107.967    -4.53    2.84
 -81466.410   106.270    -4.60    3.11
 -81097.749   105.101    -3.17    2.53
 -80729.015   104.617    -1.31    2.35
 -80360.211   104.535    -0.22    3.41
 -79991.334   103.752    -2.12    4.17
 -79622.386   101.559    -5.94    4.21
 -79253.366    98.797    -7.48    3.65
 -78884.274    96.519    -6.17    3.26
 -78515.110    94.726    -4.86    3.08
 -78145.875    93.052    -4.53    3.65
 -77776.567    91.381    -4.52    4.22
 -77407.188    90.003    -3.73    4.43
 -77037.736    87.801    -5.96    4.19
 -76668.212    86.280    -4.12    3.39
 -76298.617    85.266    -2.74    2.17
 -75928.949    85.170    -0.26    2.05
 -75559.208    86.938     4.78    3.54
 -75189.396    89.114     5.89    4.68
 -74819.511    91.648     6.85    4.65
 -74449.554    93.832     5.90    3.57
 -74079.525    95.654     4.92    3.23
 -73709.423    96.770     3.01    3.11
 -73339.249    96.559    -0.57    3.75
 -72969.002    94.808    -4.73    4.97
 -72598.682    92.321    -6.72    4.99
 -72228.290    91.347    -2.63    4.40
 -71857.826    92.932     4.28    5.79
 -71487.289    95.192     6.10    5.61
 -71116.679    96.139     2.56    4.80
 -70745.996    93.572    -6.93    7.02
 -70375.240    88.259   -14.33    8.54
 -70004.412    80.026   -22.20    9.82
 -69633.511    72.210   -21.07    9.86
 -69262.537    64.243   -21.48    8.13
 -68891.489    58.538   -15.37    6.15
 -68520.369    54.944    -9.68    4.34
 -68149.176    55.227     0.76    5.19
 -67777.910    58.926     9.96    9.10
 -67406.570    66.161    19.48   11.87
 -67035.158    75.886    26.18   11.17
 -66663.672    84.458    23.07    9.93
 -66292.113    91.309    18.44    7.35
 -65920.480    95.092    10.18    5.89
 -65548.775    98.321     8.69    7.04
 -65176.995   101.748     9.22    7.51
 -64805.143   103.487     4.68    7.08
 -64433.217   105.190     4.58    7.03
 -64061.217   105.571     1.02    6.42
 -63689.144   105.010    -1.51    5.10
 -63316.997   104.299    -1.91    4.21
 -62944.776   104.103    -0.53    3.89
 -62572.482   104.794     1.86    3.87
 -62200.114   105.537     1.99    3.42
 -61827.672   105.975     1.18    3.46
 -61455.157   104.448    -4.10    4.59
 -61082.567   103.016    -3.84    4.26
 -60709.904   101.514    -4.03    3.92
 -60337.167    99.081    -6.53    4.38
 -59964.355    95.438    -9.77    4.76
 -59591.470    92.870    -6.89    4.08
 -59218.511    92.222    -1.74    3.26
 -58845.477    94.314     5.61    4.97
 -58472.369    98.590    11.46    5.58
 -58099.187   102.203     9.68    4.73
 -57725.931   105.052     7.63    2.73
 -57352.600   105.892     2.25    2.24
 -56979.195   105.111    -2.09    2.30
 -56605.716   103.062    -5.49    3.03
 -56232.162    99.806    -8.72    4.91
 -55858.534    96.041   -10.08    5.48
 -55484.831    92.067   -10.63    5.09
 -55111.053    89.752    -6.19    4.32
 -54737.201    87.273    -6.63    3.71
 -54363.275    84.460    -7.52    4.24
 -53989.273    83.130    -3.55    4.06
 -53615.197    83.848     1.92    4.92
 -53241.046    87.039     8.53    7.06
 -52866.820    91.026    10.65    7.42
 -52492.520    95.261    11.32    7.05
 -52118.144    99.273    10.71    5.94
 -51743.693   102.474     8.55    4.53
 -51369.168   105.425     7.88    3.67
 -50994.567   107.799     6.34    2.54
 -50619.891   108.501     1.87    2.32
 -50245.140   107.718    -2.09    3.34
 -49870.314   105.238    -6.61    4.44
 -49495.412   101.821    -9.12    4.14
 -49120.436    97.670   -11.07    5.06
 -48745.384    92.992   -12.47    6.01
 -48370.256    89.892    -8.26    6.53
 -47995.053    88.571    -3.52    5.74
 -47619.775    87.617    -2.54    5.23
 -47244.421    83.758   -10.28    8.32
 -46868.991    77.280   -17.25   10.04
 -46493.486    72.183   -13.57    8.59
 -46117.906    71.914    -0.71    7.95
 -45742.249    74.967     8.13    7.74
 -45366.517    78.821    10.26    5.40
 -44990.709    79.622     2.13    4.30
 -44614.825    74.392   -13.91    8.81
 -44238.866    69.082   -14.12    9.19
 -43862.830    63.722   -14.25    7.97
 -43486.719    60.266    -9.19    7.98
 -43110.531    59.381    -2.35    8.01
 -42734.267    59.869     1.30    8.03
 -42357.928    61.106     3.29    8.38
 -41981.512    64.256     8.37    9.41
 -41605.020    68.711    11.83   10.50
 -41228.451    75.093    16.95   11.03
 -40851.807    81.436    16.84    9.38
 -40475.086    85.220    10.04    6.74
 -40098.288    86.859     4.35    4.32
 -39721.415    87.486     1.66    3.80
 -39344.464    88.078     1.57    3.17
 -38967.438    86.833    -3.30    3.14
 -38590.334    84.123    -7.19    5.06
 -38213.154    80.249   -10.27    6.50
 -37835.898    74.226   -15.97    7.54
 -37458.564    69.216   -13.28    6.60
 -37081.154    65.227   -10.57    6.23
 -36703.667    61.039   -11.09    5.03
 -36326.104    59.106    -5.12    4.35
 -35948.463    57.118    -5.26    4.18
 -35570.745    55.338    -4.71    3.45
 -35192.951    53.648    -4.47    3.21
 -34815.079    51.262    -6.31    2.92
 -34437.131    49.474    -4.73    2.95
 -34059.105    48.381    -2.89    2.74
 -33681.002    47.160    -3.23    2.26
 -33302.822    45.631    -4.04    3.64
 -32924.564    43.183    -6.47    6.83
 -32546.230    39.909    -8.65    7.70
 -32167.817    37.576    -6.16    6.72
 -31789.328    37.794     0.58    6.52
 -31410.761    39.116     3.49    5.83
 -31032.116    40.360     3.28    5.22
 -30653.394    39.116    -3.28    4.07
 -30274.595    38.008    -2.93    4.17
 -29895.718    35.771    -5.90    4.77
 -29516.763    32.634    -8.28    7.02
 -29137.730    29.233    -8.97    7.93
 -28758.620    25.414   -10.07    7.60
 -28379.431    22.051    -8.87    6.77
 -28000.165    19.238    -7.42    7.82
 -27620.821    15.847    -8.94    7.67
 -27241.399    11.414   -11.68    7.44
 -26861.899     7.190   -11.13    5.60
 -26482.321     6.737    -1.19    5.40
 -26102.664     6.348    -1.02    6.76
 -25722.930     6.224    -0.33    7.28
 -25343.117     6.348     0.33    7.90
 -24963.226     5.703    -1.70    7.88
 -24583.257     4.953    -1.97    7.73
 -24203.210     3.944    -2.65    6.14
 -23823.084     3.513    -1.13    5.53
 -23442.879     2.392    -2.95    4.68
 -23062.596     0.637    -4.62    3.04
 -22682.235    -0.643    -3.36    1.22
 -22301.795    -1.046    -1.06    0.58
 -21921.276    -1.173    -0.33    0.70
 -21540.679    -1.252    -0.21    0.68
 -21160.003    -1.387    -0.35    0.60
 -20779.248    -1.267     0.31    0.90
 -20412.721    -0.149     3.05    2.60
 -20046.902     1.218     3.74    3.92
 -19681.011     1.801     1.59    4.57
 -19315.048     1.881     0.22    4.52
 -18949.013     1.549    -0.91    4.34
 -18582.906     4.696     8.59    9.32
 -18216.728     8.338     9.95   11.33
 -17850.477    12.767    12.09   11.22
 -17484.154    14.142     3.75    9.89
 -17117.759    12.753    -3.79    6.66
 -16751.292     9.849    -7.92    5.13
 -16384.753     7.671    -5.94    3.18
 -16018.142     6.381    -3.52    2.78
 -15651.458     5.210    -3.19    3.03
 -15284.702     3.816    -3.80    2.86
 -14917.874     3.414    -1.10    3.66
 -14550.973     2.822    -1.61    4.27
 -14184.000     3.062     0.65    4.46
 -13816.954     3.714     1.78    4.37
 -13449.836     2.783    -2.54    3.97
 -13082.645     1.171    -4.39    2.85
 -12715.382     0.001    -3.19    2.26
 -12348.046    -0.884    -2.41    1.12
 -11980.637    -0.795     0.24    1.13
 -11613.155     0.282     2.93    1.95
 -11245.601     1.271     2.69    2.12
 -10877.974     1.926     1.78    2.23
 -10510.274     1.269    -1.79    2.47
 -10142.501     0.689    -1.58    2.28
  -9774.656     0.581    -0.29    2.02
  -9406.737     0.990     1.11    2.19
  -9038.745     1.508     1.41    1.98
  -8670.680     1.844     0.91    1.87
  -8302.542     1.846     0.01    1.86
  -7934.331     0.704    -3.10    1.71
  -7566.046     0.014    -1.87    1.41
  -7197.689    -0.025    -0.11    1.55
  -6829.258    -0.253    -0.62    1.49
  -6460.753    -0.397    -0.39    1.53
  -6092.176    -0.782    -1.04    1.37
  -5723.525    -1.338    -1.51    0.69
  -5354.800    -1.542    -0.55    0.25
  -4986.002    -1.483     0.16    0.37
  -4617.130    -1.113     1.00    1.06
  -4248.185    -0.375     2.00    2.03
  -3879.166     0.110     1.31    2.18
  -3510.073     0.694     1.58    2.62
  -3140.907     0.748     0.14    2.79
  -2771.667     0.565    -0.50    2.88
  -2402.353     0.656     0.25    3.70
  -2032.965     0.415    -0.65    3.86
  -1663.503    -0.285    -1.90    3.83
  -1293.967    -0.708    -1.14    3.91
   -924.358    -1.608    -2.43    3.22
   -554.674    -2.552    -2.55    0.53
   -184.916    -0.102     6.63    5.80
    184.916     1.854     5.29    6.30
    554.822     3.292     3.89    5.74
    924.803     3.984     1.87    5.09
   1294.857     2.892    -2.95    3.98
   1664.986     1.642    -3.38    2.70
   2035.190     1.357    -0.77    2.15
   2405.467     1.947     1.59    2.60
   2775.819     3.585     4.43    3.54
   3146.246     5.080     4.04    3.61
   3516.747     5.892     2.19    3.07
   3887.323     7.678     4.82    3.68
   4257.973     8.629     2.57    3.27
   4628.698    10.041     3.81    3.37
   4999.498    11.447     3.79    2.93
   5370.373    12.392     2.55    3.07
   5741.322    13.681     3.47    3.39
   6112.346    15.949     6.11    3.21
   6483.445    17.566     4.36    2.90
   6854.619    18.370     2.17    2.15
   7225.868    18.849     1.29    1.82
   7597.192    18.729    -0.32    1.82
   7968.591    17.607    -3.02    1.91
   8340.065    16.788    -2.21    2.31
   8711.615    14.762    -5.45    2.99
   9083.239    12.555    -5.94    3.10
   9454.939    11.294    -3.39    3.12
   9826.714    10.231    -2.86    2.94
  10198.565    10.425     0.52    3.52
  10570.490    11.414     2.66    3.81
  10942.492    12.294     2.37    3.96
  11314.568    14.551     6.07    5.01
  11686.721    16.338     4.80    5.13
  12058.949    17.403     2.86    4.36
  12431.252    17.066    -0.91    3.63
  12803.631    16.117    -2.55    3.18
  13176.086    14.091    -5.44    3.20
  13548.617    12.403    -4.53    3.55
  13921.223     9.512    -7.76    4.27
  14293.905     7.273    -6.01    3.86
  14666.663     5.737    -4.12    3.07
  15039.497     6.037     0.81    3.37
  15412.407     7.538     4.02    4.06
  15785.393     9.990     6.57    4.31
  16158.455    12.648     7.12    4.52
  16531.594    15.729     8.26    4.20
  16904.808    18.485     7.38    3.44
  17278.099    19.664     3.16    3.70
  17651.466    20.625     2.57    4.75
  18024.909    21.642     2.72    5.18
  18398.428    22.776     3.04    5.23
  18772.024    24.088     3.51    4.53
  19145.697    24.626     1.44    3.85
  19519.446    25.658     2.76    3.49
  19893.271    27.227     4.20    4.56
  20267.173    29.175     5.21    5.00
  20641.152    31.381     5.90    4.69
  21015.207    33.077     4.53    3.81
  21389.339    35.618     6.79    3.88
  21763.548    38.986     9.00    4.84
  22137.833    42.231     8.67    5.68
  22512.196    45.041     7.51    5.02
  22886.635    47.855     7.52    4.30
  23261.152    49.803     5.20    3.59
  23635.745    50.316     1.37    5.13
  24010.415    49.931    -1.03    7.64
  24385.163    48.690    -3.31    8.81
  24759.987    47.648    -2.78    9.19
  25134.889    44.059    -9.57   10.40
  25509.868    39.437   -12.33    9.09
  25884.925    37.070    -6.31    5.71
  26260.058    39.722     7.07    8.25
  26635.270    44.414    12.51    8.85
  27010.558    51.150    17.95    9.75
  27385.924    57.186    16.08   11.82
  27761.368    64.214    18.72   14.02
  28136.889    71.207    18.62   15.31
  28512.487    79.926    23.21   14.17
  28888.164    87.338    19.73   15.16
  29263.918    96.414    24.16   12.71
  29639.750   101.935    14.69   10.79
  30015.659   107.526    14.87    5.64
  30391.647   107.882     0.95    5.41
  30767.712   106.869    -2.69    5.48
  31143.856   104.914    -5.20    5.34
  31520.077   101.473    -9.15    7.23
  31896.376    95.957   -14.66   11.28
  32272.754    88.171   -20.69   14.66
  32649.210    79.403   -23.29   13.66
  33025.744    72.706   -17.79   12.72
  33402.356    66.607   -16.19    9.86
  33779.046    58.565   -21.35   12.31
  34155.815    47.467   -29.45   18.33
  34532.662    39.404   -21.40   16.93
  34909.587    40.747     3.56   17.36
  35286.591    45.392    12.32   19.52
  35663.674    55.930    27.95   22.09
  36040.835    65.151    24.45   18.75
  36418.075    70.733    14.80   15.37
  36795.393    77.233    17.23   16.93
  37172.791    78.743     4.00   17.38
  37550.267    78.494    -0.66   18.38
  37927.821    73.532   -13.14   15.98
  38305.455    67.967   -14.74   12.45
  38683.168    69.828     4.93   15.23
  39060.959    70.801     2.58   15.86
  39438.830    70.935     0.35   14.87
  39816.779    67.563    -8.92   14.98
  40194.808    63.123   -11.74   13.23
  40572.916    58.680   -11.75   11.74
  40951.103    52.882   -15.33    8.88
  41329.370    49.494    -8.95    7.15
  41707.715    46.661    -7.49    5.97
  42086.140    46.665     0.01    6.69
  42464.645    50.500    10.13    8.09
  42843.229    53.313     7.43    8.36
  43221.892    56.030     7.18    4.98
  43600.635    56.145     0.30    3.84
  43979.458    55.967    -0.47    4.18
  44358.360    56.037     0.18    4.66
  44737.342    55.882    -0.41    4.93
  45116.404    52.337    -9.35    8.04
  45495.546    48.318   -10.60    8.89
  45874.767    44.304   -10.59    7.99
  46254.068    42.080    -5.86    6.05
  46633.450    44.579     6.59    6.80
  47012.911    48.382    10.02    8.30
  47392.452    51.436     8.05    7.65
  47772.074    52.588     3.04    6.95
  48151.775    53.626     2.73    7.11
  48531.557    53.088    -1.42    6.19
  48911.419    55.693     6.86    6.07
  49291.362    58.754     8.06    4.40
  49671.385    59.653     2.37    4.21
  50051.488    60.690     2.73    3.87
  50431.671    58.205    -6.54    4.64
  50811.936    56.489    -4.51    5.21
  51192.280    54.026    -6.48    5.09
  51572.706    52.682    -3.53    6.71
  51953.212    48.697   -10.48   10.16
  52333.798    47.801    -2.35   10.45
  52714.466    50.664     7.52   12.37
  53095.214    55.371    12.36   13.49
  53476.043    60.446    13.33   11.37
  53856.953    64.773    11.36   12.57
  54228.335    70.005    14.09   14.12
  54593.927    74.457    12.18   13.67
  54959.593    81.822    20.14    9.64
  55325.332    84.457     7.20    8.07
  55691.145    84.568     0.30    7.72
  56057.031    83.844    -1.98    9.60
  56422.992    80.369    -9.50   13.57
  56789.025    77.532    -7.75   12.92
  57155.133    76.392    -3.11   11.69
  57521.314    83.457    19.29   15.49
  57887.570    93.930    28.60   12.47
  58253.899   102.596    23.66    8.30
  58620.302   106.251     9.97    4.86
  58986.780   107.623     3.74    5.84
  59353.331   108.467     2.30    7.15
  59719.956   106.404    -5.63    9.02
  60086.656   102.027   -11.94    9.63
  60453.430    99.055    -8.10    9.60
  60820.277    95.509    -9.67    8.48
  61187.200    92.860    -7.22    5.58
  61554.196    93.477     1.68    5.68
  61921.267    96.041     6.98    6.62
  62288.412   100.295    11.59    5.23
  62655.632   102.956     7.25    3.91
  63022.927   104.915     5.33    3.11
  63390.295   106.295     3.76    3.65
  63757.739   108.392     5.71    3.96
  64125.257   109.924     4.17    3.37
  64492.850   110.403     1.30    3.59
  64860.517   108.849    -4.23    4.15
  65228.259   108.509    -0.92    4.78
  65596.076   109.091     1.58    5.73
  65963.968   109.936     2.30    6.12
  66331.935   110.909     2.64    5.55
  66699.977   110.062    -2.30    4.92
  67068.094   108.680    -3.76    3.87
  67436.285   108.605    -0.20    4.25
  67804.552   108.116    -1.33    4.30
  68172.894   109.499     3.75    7.47
  68541.311   111.305     4.90    9.93
  68909.804   113.286     5.38   10.41
  69278.372   113.984     1.89    9.93
  69647.015   114.275     0.79    8.32
  70015.733   114.979     1.91    6.83
  70384.527   114.870    -0.29    6.44
  70753.396   114.705    -0.45    5.60
  71122.341   114.949     0.66    4.67
  71491.361   113.693    -3.40    3.23
  71860.457   115.210     4.11    4.66
  72229.629   118.584     9.14    5.70
  72598.876   121.059     6.70    5.58
  72968.199   123.084     5.48    4.36
  73337.597   125.203     5.74    5.53
  73707.072   123.715    -4.03    8.08
  74076.622   121.512    -5.96   11.22
  74446.249   116.775   -12.82   14.46
  74815.951   113.027   -10.14   15.58
  75185.729   109.227   -10.27   13.76
  75555.584   110.275     2.83   11.20
  75925.514   112.201     5.21    7.56
  76295.521   113.897     4.58    5.90
  76665.603   115.684     4.83    4.50
  77035.762   115.550    -0.36    4.82
  77405.998   110.876   -12.63   10.39
  77776.309   104.254   -17.88   13.27
  78146.698    97.650   -17.83   12.79
  78517.162    92.935   -12.73   10.37
  78887.703    91.903    -2.79    9.83
  79258.320    92.816     2.46   10.82
  79629.014    97.129    11.64   11.08
  79999.785   100.714     9.67    7.53
  80370.632   101.265     1.48    6.34
  80741.556    98.948    -6.25    7.75
  81112.557    93.328   -15.15    9.90
  81483.635    86.392   -18.69   11.17
  81854.789    79.403   -18.83   10.59
  82226.021    74.381   -13.53    7.75
  82597.329    69.887   -12.10    7.91
  82968.714    66.986    -7.81    6.99
  83340.176    65.626    -3.66    5.38
  83711.716    64.639    -2.66    3.94
  84083.332    65.924     3.46    4.23
  84455.026    67.339     3.81    4.20
  84826.797    67.711     1.00    4.25
  85198.645    68.307     1.60    5.08
  85570.571    66.532    -4.77    6.40
  85942.574    64.360    -5.84    7.46
  86314.654    60.327   -10.84    7.04
  86686.812    57.030    -8.86    5.10
  87059.047    54.139    -7.77    4.17
  87431.360    52.645    -4.01    4.72
  87803.751    50.914    -4.65    4.82
  88176.219    49.124    -4.81    4.02
  88548.765    47.670    -3.90    3.06
  88921.389    46.445    -3.29    3.43
  89294.090    45.903    -1.45    3.64
  89666.869    45.266    -1.71    3.57
  90039.727    44.909    -0.96    3.76
  90412.662    43.977    -2.50    3.28
  90785.675    42.892    -2.91    2.29
  91158.766    43.456     1.51    2.66
  91531.936    43.457     0.00    3.52
  91905.183    41.924    -4.11    4.69
  92278.509    40.849    -2.88    4.68
  92651.913    38.855    -5.34    3.99
  93025.395    37.052    -4.83    3.38
  93398.955    35.403    -4.41    3.06
  93772.594    33.497    -5.10    3.03
  94146.312    31.744    -4.69    2.86
  94520.107    30.803    -2.52    2.39
  94893.982    30.737    -0.18    2.43
  95267.935    31.908     3.13    2.83
  95641.966    32.081     0.46    2.68
  96016.077    30.485    -4.27    4.21
  96390.266    28.696    -4.78    5.05
  96764.533    26.265    -6.50    4.18
  97138.880    24.119    -5.73    2.14
  97513.306    22.976    -3.06    2.46
  97887.810    21.920    -2.82    2.79
  98262.393    21.392    -1.41    2.41
  98637.056    20.773    -1.65    2.24
  99011.797    20.711    -0.16    2.21
  99386.618    21.156     1.19    1.72
  99761.518    20.950    -0.55    1.77
 100136.497    20.446    -1.34    2.17
 100511.555    18.903    -4.11    3.85
 100886.693    16.594    -6.15    4.74
 101261.910    13.935    -7.09    4.61
 101637.206    11.233    -7.20    3.77
 102012.582    10.209    -2.73    3.03
 102388.037    10.179    -0.08    3.18
 102763.572    10.913     1.95    3.03
 103139.187    12.424     4.02    3.47
 103514.881    14.339     5.10    3.01
 103890.655    15.243     2.41    2.33
 104266.509    14.588    -1.74    3.01
 104642.443    12.940    -4.38    3.89
 105018.456    10.577    -6.28    3.65
 105394.550    10.243    -0.89    3.75
 105770.723    10.620     1.00    4.22
 106146.976    11.666     2.78    4.51
 106523.310    12.436     2.05    3.99
 106899.724    11.913    -1.39    4.22
 107276.217    10.505    -3.74    4.57
 107652.791     8.329    -5.78    4.62
 108029.446     6.051    -6.05    3.45
 108406.180     4.360    -4.49    3.21
 108782.995     3.074    -3.41    2.71
 109159.891     2.361    -1.89    2.35
 109536.867     2.926     1.50    2.68
 109913.923     4.361     3.81    2.95
 110291.060     5.131     2.04    3.44
 110668.278     3.227    -5.05    5.48
 111045.576     0.514    -7.19    6.06
 111422.955    -2.214    -7.23    5.12
 111800.415    -4.274    -5.46    4.14
 112177.956    -2.523     4.64    5.97
 112555.577     0.358     7.63    7.37
 112933.280     4.634    11.32    8.80
 113311.063     9.570    13.07    8.58
 113688.928    14.835    13.94    8.61
 114066.873    20.457    14.88    7.79
 114444.900    24.268    10.08    7.24
 114823.008    27.270     7.94    6.16
 115201.197    29.497     5.89    5.31
 115579.468    31.449     5.16    4.65
 115957.820    34.318     7.58    6.10
 116336.253    36.583     5.98    6.04
 116714.768    39.034     6.48    6.58
 117093.364    40.865     4.84    7.35
 117472.042    41.413     1.45    7.36
 117850.802    41.914     1.32    6.83
 118229.643    40.444    -3.88    5.96
 118608.565    38.491    -5.15    5.27
 118987.570    38.571     0.21    4.68
 119366.656    40.179     4.24    5.16
 119745.825    42.497     6.12    5.79
 120125.075    46.783    11.30    5.84
 120504.407    51.224    11.71    6.34
 120883.821    54.381     8.32    5.78
 121263.318    56.341     5.16    5.17
 121642.896    58.175     4.83    4.19
 122022.557    58.746     1.51    3.45
 122402.300    60.914     5.71    3.36
 122782.125    62.624     4.50    3.41
 123162.032    62.921     0.78    3.08
 123542.022    62.573    -0.92    3.63
 123922.094    61.257    -3.46    4.13
 124302.249    58.227    -7.97    5.21
 124682.487    54.892    -8.77    4.36
 125062.807    51.715    -8.35    6.01
 125443.209    48.714    -7.89    6.64
 125823.695    45.746    -7.80    6.83
 126204.263    42.797    -7.75    6.54
 126584.914    39.956    -7.46    6.62
 126965.648    37.029    -7.69    7.05
 127346.465    33.038   -10.48    8.34
 127727.364    28.370   -12.26    6.60
 128108.347    25.402    -7.79    5.43
 128489.413    22.754    -6.95    5.30
 128866.065    20.207    -6.76    6.35
 129231.425    17.092    -8.53    6.89
 129596.861    13.194   -10.67    5.55
 129962.371     9.925    -8.95    4.06
 130327.957     8.171    -4.80    3.50
 130693.619     7.126    -2.86    3.02
 131059.356     5.275    -5.06    3.15
 131425.168     3.588    -4.61    3.35
 131791.056     2.594    -2.72    3.50
 132157.019     2.041    -1.51    3.51
 132523.058     2.659     1.69    3.88
 132889.173     5.236     7.04    4.82
 133255.363     8.434     8.73    4.61
 133621.630    11.267     7.74    3.09
 133987.972    12.275     2.75    2.04
 134354.389    11.529    -2.04    2.54
 134720.883    10.350    -3.22    2.99
 135087.453     8.686    -4.54    3.14
 135454.099     6.215    -6.74    3.32
 135820.821     4.513    -4.64    3.15
 136187.619     2.351    -5.90    2.69
 136554.493     1.297    -2.87    2.43
 136921.443     0.550    -2.04    2.43
 137288.469     0.059    -1.34    2.25
 137655.572    -0.119    -0.48    2.40
 138022.751    -0.868    -2.04    3.16
 138390.007    -2.774    -5.19    4.26
 138757.339    -6.327    -9.67    6.37
 139124.747    -9.884    -9.68    6.52
 139492.232   -12.387    -6.81    5.10
 139859.793   -13.060    -1.83    4.65
 140227.431   -13.050     0.03    4.68
 140595.146   -13.041     0.02    4.58
 140962.938   -10.993     5.57    4.91
 141330.806    -8.379     7.11    6.11
 141698.751    -5.008     9.16    5.87
 142066.773    -3.012     5.42    3.22
 142434.872    -3.057    -0.12    2.95
 142803.047    -3.701    -1.75    2.63
 143171.300    -3.799    -0.27    2.32
 143539.630    -2.350     3.93    2.93
 143908.037    -0.837     4.11    2.67
 144276.521     0.775     4.38    3.60
 144645.082     2.372     4.33    4.37
 145013.720     3.116     2.02    4.62
 145382.436     5.249     5.79    4.33
 145751.229     6.770     4.12    3.90
 146120.100     7.413     1.74    3.68
 146489.047     8.283     2.36    2.33
 146858.073     7.851    -1.17    2.58
 147227.176     7.477    -1.01    2.82
 147596.356     6.423    -2.85    2.83
 147965.614     5.153    -3.44    3.59
 148334.950     3.693    -3.95    3.72
 148704.363     1.673    -5.47    2.64
 149073.855    -0.006    -4.54    1.62
 149443.424    -0.719    -1.93    2.27
 149813.071    -1.760    -2.82    2.76
 150182.795    -2.474    -1.93    2.60
 150552.598    -2.999    -1.42    2.47
 150922.479    -3.577    -1.56    2.86
 151292.438    -3.672    -0.26    3.11
 151662.475    -4.577    -2.45    2.95
 152032.590    -4.824    -0.67    2.84
 152402.783    -5.523    -1.89    2.93
 152773.055    -5.587    -0.17    2.43
 153143.405    -5.512     0.20    2.32
 153513.833    -5.052     1.24    2.29
 153884.340    -4.488     1.52    1.95
 154254.925    -4.216     0.73    1.74
 154625.589    -4.543    -0.88    2.08
 154996.331    -4.783    -0.65    2.07
 155367.152    -5.156    -1.01    2.46
 155738.051    -6.014    -2.31    2.68
 156109.029    -6.669    -1.77    2.63
 156480.086    -6.471     0.53    2.88
 156851.222    -6.505    -0.09    2.74
 157222.436    -5.972     1.43    2.75
 157593.730    -6.295    -0.87    3.07
 157965.102    -6.097     0.53    2.78
 158336.554    -5.412     1.84    2.89
 158708.084    -5.274     0.37    3.43
 159079.694    -3.536     4.68    3.99
 159451.382    -1.651     5.07    3.80
 159823.150    -0.920     1.97    3.41
 160194.998    -0.278     1.73    2.69
 160566.924    -1.443    -3.13    3.06
 160938.930    -2.450    -2.71    2.75
 161311.015    -2.822    -1.00    2.77
 161683.180    -2.254     1.53    3.64
 162055.424    -1.087     3.14    4.26
 162427.748     0.949     5.47    4.73
 162800.151     4.436     9.36    3.92
 163172.634     5.797     3.65    3.71
 163545.197     5.908     0.30    3.85
