# NaN NaN NaN ;Mean Elev.(m), Avg Gradient(m/km), RMS Gradient(m/km) - SRTM1     
#   11.200  -1.406   5.246 ;Mean Elev.(m), Avg Gradient(m/km), RMS Gradient(m/km) - ASTER GDEM
#    3.000  -1.290   2.830 ;Mean Elev.(m), Avg Gradient(m/km), RMS Gradient(m/km) - GMTED2010 
  7     0.651 52468.70826904 26.58  53.469134  67.884673 22.856
  7     0.304 52468.70826969 20.23  53.465444  67.887723 22.856
  7     0.330 52468.70827033 16.51  53.461754  67.890773 22.856
  7     1.893 52468.70827098 17.56  53.458064  67.893813 22.856
  8    -0.565 52503.70825643 15.80  53.474657  67.883614 19.894
  8    -0.884 52503.70825708 15.10  53.470967  67.886664 19.894
  8    -1.158 52503.70825772 13.79  53.467277  67.889714 19.894
  8    -1.392 52503.70825836 13.35  53.463587  67.892754 19.894
  9     1.206 52538.70824121 14.40  53.451802  67.884289 35.025
  9     0.809 52538.70824185 16.45  53.448100  67.887344 23.579
  9     1.119 52538.70824250 20.84  53.444410  67.890384 23.579
 10    -0.124 52573.70828273 43.39  53.462659  67.885452 13.664
 10    -0.125 52573.70828337 46.10  53.458969  67.888502 13.664
 10    -0.158 52573.70828402 37.58  53.455279  67.891552 13.664
 11     0.055 52608.70824136 18.54  53.474259  67.886517  2.734
 11     0.035 52608.70824201 18.54  53.470569  67.889567  2.734
 11    -0.155 52608.70824265 18.61  53.466879  67.892617  2.734
 12     0.260 52643.70823564 13.36  53.460225  67.884357  2.294
 12     0.139 52643.70823629 13.41  53.456535  67.887407  2.294
 12     0.011 52643.70823693 13.95  53.452845  67.890447  2.294
 13     0.589 52678.70821629 11.23  53.480699  67.885387  2.174
 13     0.354 52678.70821693 11.88  53.477009  67.888437  2.174
 13     0.003 52678.70821758 11.24  53.473319  67.891487  2.174
 13    -0.151 52678.70821822 11.92  53.469629  67.894537  2.174
 15     0.647 52748.70828302 37.35  53.468474  67.885682 21.723
 15     0.540 52748.70828367 29.81  53.464784  67.888732 21.723
 15    -0.137 52748.70828431 20.38  53.461104  67.891779 19.161
 16     3.319 52783.70822408 25.14  53.451176  67.882334 23.546
 16     3.018 52783.70822472 23.16  53.447476  67.885384 23.546
 16     3.195 52783.70822537 25.87  53.443786  67.888424 23.546
 16     3.585 52783.70822601 34.98  53.440099  67.891468 39.202
 17     1.416 52818.70830149 16.60  53.450842  67.884233 37.501
 17     1.262 52818.70830213 18.57  53.447152  67.887283 37.501
 17     3.032 52818.70830278 16.13  53.443459  67.890329 26.318
 18     0.146 52853.70835034 51.91  53.463356  67.883682 44.324
 18     0.066 52853.70835098 52.72  53.459666  67.886732 44.324
 18     0.013 52853.70835163 53.22  53.455966  67.889772 44.324
 18     0.167 52853.70835227 51.42  53.452282  67.892821 44.169
 20     1.114 52923.70833802 18.23  53.479681  67.885884 20.947
 20     0.845 52923.70833867 16.11  53.476001  67.888934 20.947
 20     0.395 52923.70833931 17.42  53.472311  67.891984 20.947
 21     0.785 52958.70830430 30.05  53.464486  67.883040  6.230
 21     0.785 52958.70830495 32.14  53.460796  67.886090  6.230
 21     0.820 52958.70830559 32.26  53.457106  67.889130  6.230
 21     0.839 52958.70830624 30.95  53.453415  67.892176  5.814
 22     0.231 52993.70833261 18.28  53.466409  67.884511  2.899
 22     0.080 52993.70833325 17.88  53.462719  67.887561  2.899
 22     0.093 52993.70833389 17.69  53.459029  67.890601  2.899
 23     0.277 53028.70829660 11.05  53.486025  67.884799  2.060
 23     0.068 53028.70829724 11.20  53.482335  67.887849  2.060
 23     0.156 53028.70829789 11.37  53.478645  67.890899  2.060
 23    -0.109 53028.70829853 11.25  53.474955  67.893949  2.060
 24     0.090 53063.70830470 10.88  53.471882  67.883542  2.110
 24     0.034 53063.70830534 11.20  53.468192  67.886592  2.110
 24    -0.006 53063.70830599 11.44  53.464502  67.889632  2.110
 24     0.199 53063.70830663 11.02  53.460812  67.892681  2.113
 25     0.578 53098.70831948 10.30  53.475580  67.885611  1.805
 25     1.071 53098.70832012  9.96  53.471900  67.888661  1.805
 25     1.042 53098.70832077  9.80  53.468210  67.891711  1.805
 26     0.260 53133.70830364 12.96  53.470405  67.884620 14.541
 26    -0.038 53133.70830429 13.17  53.466715  67.887670 14.541
 26    -0.244 53133.70830493 13.21  53.463025  67.890710 14.541
 26    -0.240 53133.70830558 12.74  53.459341  67.893759  9.426
 28     0.511 53203.70837680 47.24  53.467466  67.883812 42.565
 28     0.461 53203.70837745 35.16  53.463776  67.886862 42.565
 28     0.518 53203.70837809 39.95  53.460086  67.889912 42.565
 28     0.496 53203.70837874 48.31  53.456402  67.892953 37.946
 29     0.022 53238.70834535 26.80  53.482087  67.886647 31.851
 29    -0.077 53238.70834600 21.97  53.478397  67.889697 31.851
 29    -0.038 53238.70834664 20.77  53.474707  67.892747 31.851
 30     0.533 53273.70830686 19.56  53.451476  67.882704 33.828
 30     0.347 53273.70830751 21.55  53.447786  67.885754 33.828
 30     0.831 53273.70830815 22.02  53.444085  67.888807 32.441
 30     1.020 53273.70830880 30.09  53.440395  67.891847 32.441
 31     0.486 53308.70836309 36.96  53.460515  67.883152 18.610
 31     0.514 53308.70836374 41.75  53.456825  67.886202 18.610
 31     0.557 53308.70836438 45.31  53.453135  67.889252 18.610
 31     0.584 53308.70836503 43.86  53.449445  67.892292 18.610
 33     0.264 53378.70827307 20.96  53.453307  67.883097  3.068
 33     0.272 53378.70827371 20.59  53.449617  67.886147  3.068
 33     0.239 53378.70827436 20.77  53.445917  67.889197  3.068
 33     0.178 53378.70827500 20.33  53.442227  67.892247  3.068
 34     0.227 53413.70830608 16.28  53.472793  67.885987  2.640
 34    -0.042 53413.70830672 16.10  53.469103  67.889037  2.640
 34    -0.246 53413.70830736 16.43  53.465413  67.892087  2.640
 35    -0.098 53448.70829570 13.60  53.448940  67.883490  2.239
 35    -0.326 53448.70829634 14.23  53.445250  67.886540  2.239
 35    -0.281 53448.70829699 13.87  53.441560  67.889580  2.239
 36     0.149 53483.70838101 11.00  53.455177  67.884112  1.821
 36     0.071 53483.70838166 10.98  53.451487  67.887152  1.821
 36     0.082 53483.70838230 11.22  53.447803  67.890201  2.065
 37     2.319 53518.70837960 20.88  53.471572  67.885940 20.819
 37     2.253 53518.70838024 21.18  53.467882  67.888990 20.819
 37     2.681 53518.70838088 21.67  53.464192  67.892040 20.819
 38     0.554 53553.70840141 23.63  53.464826  67.884026 30.706
 38     0.380 53553.70840205 19.17  53.461146  67.887076 30.706
 38     0.164 53553.70840270 24.07  53.457456  67.890126 30.706
 38     0.100 53553.70840334 22.39  53.453759  67.893169 26.806
 39     0.282 53588.70834962 22.06  53.480755  67.886621 27.971
 39     0.021 53588.70835026 18.98  53.477065  67.889671 27.971
 39    -0.081 53588.70835091 19.97  53.473375  67.892721 27.971
 40     0.185 53623.70832395 25.62  53.445233  67.883482 32.878
 40     0.328 53623.70832460 25.69  53.441543  67.886522 32.878
 40     0.611 53623.70832524 31.27  53.437848  67.889567 36.353
 41     0.546 53658.70835039 35.48  53.460810  67.882439 38.336
 41     0.463 53658.70835103 24.25  53.457120  67.885489 38.336
 41     0.218 53658.70835168 22.52  53.453430  67.888529 38.336
 41     1.046 53658.70835232 20.77  53.449733  67.891577 33.755
 42     0.449 53693.70833007 24.40  53.473691  67.886034 32.214
 42     0.411 53693.70833071 20.65  53.470001  67.889084 32.214
 42    -0.057 53693.70833136 20.96  53.466311  67.892134 32.214
 43     0.731 53728.70825267 20.15  53.488825  67.885486  4.132
 43     0.414 53728.70825332 20.20  53.485135  67.888536  4.132
 43     0.085 53728.70825396 21.42  53.481455  67.891586  4.132
 43    -0.072 53728.70825461 21.78  53.477765  67.894636  4.132
 44     0.274 53763.70821325 10.05  53.466947  67.882597  1.979
 44     0.283 53763.70821389 10.16  53.463257  67.885647  1.979
 44     0.143 53763.70821453 10.65  53.459567  67.888687  1.979
 44     0.007 53763.70821518 10.89  53.455867  67.891737  1.979
 45     0.716 53798.70822192  9.08  53.482850  67.886643  2.125
 45     0.328 53798.70822256  9.31  53.479160  67.889693  2.125
 45     0.071 53798.70822321  9.29  53.475480  67.892743  2.125
 46     0.627 53833.70821738  8.49  53.454953  67.883128  2.092
 46     0.232 53833.70821803  8.35  53.451263  67.886168  2.092
 46     0.052 53833.70821867  8.64  53.447563  67.889218  2.092
 46     0.256 53833.70821932  8.46  53.443873  67.892268  2.092
 47     2.063 53868.70828209 25.67  53.463202  67.882328 24.005
 47     0.359 53868.70828274 22.05  53.459512  67.885378 24.005
 47     0.638 53868.70828338 19.33  53.455822  67.888428 24.005
 47     0.367 53868.70828403 20.51  53.452132  67.891468 24.005
 48     2.143 53903.70831492 26.65  53.467157  67.883357 39.290
 48    -5.626 53903.70831557 21.10  53.463467  67.886407 39.290
 48     1.506 53903.70831621 15.98  53.459777  67.889457 39.290
 48     2.171 53903.70831686 16.29  53.456094  67.892499 34.965
 49     0.963 53938.70835007 37.41  53.459968  67.882325 26.539
 49     0.501 53938.70835071 26.12  53.456278  67.885375 26.539
 49     0.371 53938.70835136 23.06  53.452588  67.888425 26.539
 49     0.831 53938.70835200 22.09  53.448898  67.891475 26.539
 50    -0.040 53973.70831158 24.41  53.474826  67.886146 36.300
 50    -0.399 53973.70831223 20.70  53.471136  67.889196 36.300
 50    -0.160 53973.70831287 18.26  53.467446  67.892246 36.300
 51     0.609 54008.70830289 21.14  53.454098  67.884135 38.040
 51     0.338 54008.70830353 21.78  53.450408  67.887185 38.040
 51     0.759 54008.70830418 35.14  53.446718  67.890225 38.040
 52    -0.064 54043.70832380 20.53  53.467617  67.884263  3.490
 52    -0.089 54043.70832444 20.61  53.463927  67.887313  3.490
 52    -0.075 54043.70832509 20.67  53.460237  67.890363  3.490
 52    -0.070 54043.70832573 20.68  53.456547  67.893403  3.490
 53     0.109 54078.70831737 12.86  53.476476  67.885348  2.161
 53    -0.059 54078.70831801 13.05  53.472786  67.888398  2.161
 53    -0.077 54078.70831866 12.88  53.469096  67.891448  2.161
 53    -0.302 54078.70831930 12.93  53.465406  67.894498  2.161
 54     0.712 54113.70825417 16.22  53.488620  67.884348  2.890
 54     0.629 54113.70825481 16.51  53.484940  67.887398  2.890
 54     0.501 54113.70825546 16.21  53.481250  67.890438  2.890
 54     0.332 54113.70825610 16.96  53.477560  67.893488  2.890
 56     0.389 54183.70824381 12.91  53.485722  67.885141  2.528
 56     0.312 54183.70824446 13.42  53.482032  67.888191  2.528
 56     0.147 54183.70824510 13.74  53.478352  67.891241  2.528
 56     0.106 54183.70824575 13.39  53.474662  67.894291  2.528
 57     0.479 54218.70827156 23.34  53.462683  67.882273 15.612
 57     0.351 54218.70827220 20.28  53.458993  67.885323 15.612
 57     0.304 54218.70827284 20.09  53.455303  67.888363 15.612
 57     0.381 54218.70827349 20.09  53.451608  67.891411 11.729
 58     2.149 54253.70829674 22.31  53.467272  67.884536 19.965
 58     1.936 54253.70829738 22.41  53.463582  67.887586 19.965
 58     2.119 54253.70829803 20.92  53.459892  67.890636 19.965
 58     2.654 54253.70829867 23.86  53.456201  67.893679 33.809
 59     1.714 54288.70830041 16.69  53.471761  67.886006 28.691
 59     1.350 54288.70830105 14.52  53.468071  67.889056 28.691
 59     1.492 54288.70830170 15.47  53.464381  67.892106 28.691
 60     1.701 54323.70829756 17.12  53.472151  67.884684 17.927
 60     0.882 54323.70829821 15.55  53.468471  67.887734 17.927
 60     0.727 54323.70829885 15.58  53.464781  67.890784 17.927
 60     1.312 54323.70829950 16.29  53.461090  67.893826 24.931
 61     1.156 54358.70825343 17.14  53.487327  67.885197 29.811
 61     0.905 54358.70825408 15.35  53.483637  67.888247 29.811
 61     0.388 54358.70825472 17.95  53.479957  67.891297 29.811
 61     0.781 54358.70825537 16.97  53.476267  67.894347 29.811
 62     0.468 54393.70823781 28.99  53.468559  67.884290 33.564
 62     0.423 54393.70823845 23.87  53.464869  67.887340 33.564
 62    -0.087 54393.70823909 21.92  53.461179  67.890390 33.564
 62     0.172 54393.70823974 23.25  53.457489  67.893430 33.564
 63     0.558 54428.70820387 31.90  53.478232  67.885699  7.735
 63     0.530 54428.70820451 32.11  53.474542  67.888749  7.735
 63     0.431 54428.70820516 32.18  53.470852  67.891799  7.735
 64     0.700 54463.70821638 14.09  53.465676  67.882778  2.654
 64     0.469 54463.70821703 14.06  53.461986  67.885828  2.654
 64     0.361 54463.70821767 14.89  53.458296  67.888878  2.654
 64     0.448 54463.70821832 13.66  53.454606  67.891918  2.654
 65     0.328 54498.70821373 13.34  53.476593  67.885693  2.056
 65     0.223 54498.70821438 13.16  53.472903  67.888743  2.056
 65     0.047 54498.70821502 12.81  53.469213  67.891793  2.056
 66     0.189 54533.70823047 10.80  53.469738  67.884170  1.853
 66    -0.047 54533.70823112 11.48  53.466048  67.887213  1.983
 66    -0.052 54533.70823176 11.14  53.462358  67.890263  1.983
 66    -0.295 54533.70823241 11.43  53.458668  67.893313  1.983
 67    -0.208 54568.70821789  8.80  53.482481  67.887087  1.855
 67    -0.069 54568.70821854  8.19  53.478802  67.890138  1.998
 67     0.019 54568.70821918  8.29  53.475112  67.893178  1.998
 68     1.046 54603.70822543 23.11  53.466644  67.884188 19.382
 68     0.704 54603.70822608 15.89  53.462947  67.887233  9.819
 68     0.152 54603.70822672 15.83  53.459257  67.890283  9.819
 68    -0.071 54603.70822737 17.71  53.455567  67.893323  9.819
 69     1.808 54638.70823595 24.80  53.471137  67.884650 31.804
 69     1.446 54638.70823659 18.30  53.467456  67.887696 34.258
 69     1.817 54638.70823724 20.67  53.463766  67.890746 34.258
 69     2.321 54638.70823788 20.22  53.460076  67.893786 34.258
 70     0.557 54673.70823878 31.67  53.470844  67.884402 30.749
 70     0.344 54673.70823942 28.02  53.467164  67.887448 24.856
 70     0.100 54673.70824007 20.08  53.463474  67.890498 24.856
 70    -0.461 54673.70824071 23.72  53.459784  67.893538 24.856
 71     0.792 54708.70819672 19.34  53.482445  67.884759 18.563
 71     0.949 54708.70819737 15.22  53.478765  67.887809 18.563
 71     0.441 54708.70819801 14.98  53.475069  67.890858 21.165
 71     0.501 54708.70819866 14.30  53.471389  67.893908 21.165
 72     0.429 54743.70820480 50.83  53.466865  67.883629 42.524
 72     0.402 54743.70820545 50.05  53.463171  67.886672 39.705
 72     0.386 54743.70820609 50.61  53.459481  67.889722 39.705
 72     0.377 54743.70820674 52.32  53.455791  67.892772 39.705
 73     1.082 54778.70817945 28.48  53.476159  67.884840 18.322
 73    -0.505 54778.70818010 31.31  53.472467  67.887885 17.906
 73    -0.061 54778.70818074 31.70  53.468777  67.890935 17.906
 73     0.317 54778.70818139 33.33  53.465087  67.893985 17.906
 74     0.587 54813.70819812 20.93  53.463780  67.882529  3.514
 74     0.241 54813.70819877 21.82  53.460090  67.885580  4.152
 74     0.148 54813.70819941 22.10  53.456400  67.888630  4.152
 74     0.039 54813.70820006 22.18  53.452710  67.891680  4.152
 75     0.729 54848.70817929 14.25  53.476142  67.886525  2.769
 75     0.360 54848.70817994 14.03  53.472447  67.889572  6.902
 75     0.269 54848.70818058 15.31  53.468767  67.892622  6.902
 76     0.247 54883.70820154 11.66  53.466098  67.883222  2.593
 76     0.195 54883.70820218 11.89  53.462407  67.886264  2.085
 76     0.071 54883.70820283 11.75  53.458717  67.889314  2.085
 76     0.045 54883.70820347 11.74  53.455027  67.892364  2.085
 77     0.277 54918.70818134 10.87  53.482528  67.886267  1.816
 77     0.199 54918.70818198 10.84  53.478842  67.889318  2.043
 77     0.200 54918.70818263 10.84  53.475152  67.892368  2.043
 78     0.537 54953.70819622  8.66  53.466125  67.882843  1.785
 78     0.265 54953.70819686  8.52  53.462435  67.885893  1.785
 78     0.303 54953.70819751  8.69  53.458744  67.888936  1.887
 78     0.306 54953.70819815  8.89  53.455054  67.891986  1.887
 79     2.838 54988.70822042 25.64  53.465138  67.884104 30.524
 79     2.534 54988.70822107 27.61  53.461444  67.887149 37.119
 79     2.674 54988.70822171 22.56  53.457754  67.890199 37.119
 79     2.868 54988.70822236 26.66  53.454064  67.893239 37.119
 80     0.248 55023.70821220 27.30  53.474899  67.885323 28.877
 80     0.078 55023.70821285 20.05  53.471201  67.888369 25.884
 80    -0.160 55023.70821349 21.38  53.467521  67.891419 25.884
 81     0.244 55058.70820745 31.08  53.471958  67.885265 29.959
 81     0.016 55058.70820809 24.70  53.468273  67.888311 25.318
 81    -0.274 55058.70820874 22.88  53.464583  67.891361 25.318
 82     0.403 55093.70816101 21.68  53.484780  67.884612 27.683
 82     0.421 55093.70816166 17.73  53.481090  67.887662 27.683
 82     0.198 55093.70816230 15.50  53.477408  67.890713 26.452
 82     0.278 55093.70816295 14.83  53.473718  67.893753 26.452
 83     0.608 55128.70814799 40.56  53.468828  67.883363 36.425
 83     0.310 55128.70814863 30.22  53.465143  67.886405 36.697
 83     0.385 55128.70814928 31.27  53.461453  67.889455 36.697
 83     0.506 55128.70814992 39.44  53.457763  67.892505 36.697
 84    -0.128 55163.70812317 23.49  53.473904  67.886248  3.850
 84    -0.126 55163.70812382 22.61  53.470224  67.889294  3.620
 84    -0.271 55163.70812446 23.55  53.466534  67.892344  3.620
 85     0.092 55198.70813959 18.91  53.464594  67.883190  2.663
 85    -0.264 55198.70814023 18.64  53.460906  67.886232  2.544
 85    -0.014 55198.70814088 18.13  53.457206  67.889282  2.544
 85    -0.121 55198.70814152 17.65  53.453516  67.892332  2.544
 86     0.594 55233.70812755 16.31  53.479679  67.885683  4.839
 86     0.446 55233.70812819 16.32  53.475981  67.888731  2.776
 86     0.062 55233.70812884 16.45  53.472301  67.891781  2.776
 86     0.188 55233.70812948 16.84  53.468611  67.894821  2.776
 87     0.639 55268.70813403 13.43  53.470207  67.883153  3.120
 87     0.528 55268.70813468 12.87  53.466525  67.886196  2.170
 87     0.293 55268.70813532 12.99  53.462835  67.889246  2.170
 87     0.253 55268.70813596 12.68  53.459145  67.892296  2.170
 88     0.840 55303.70810735 11.22  53.487226  67.884559  3.119
 88     0.504 55303.70810800 11.46  53.483536  67.887609  3.119
 88     0.349 55303.70810864 11.76  53.479856  67.890661  2.563
 88     0.237 55303.70810929 11.93  53.476166  67.893701  2.563
 89     2.092 55338.70810751 21.16  53.469933  67.885561 32.024
 89     1.910 55338.70810815 21.33  53.466242  67.888608 35.962
 89     2.210 55338.70810880 23.93  53.462552  67.891658 35.962
 90     0.521 55373.70809829 24.48  53.474168  67.885058 27.535
 90     0.368 55373.70809893 21.51  53.470480  67.888104 26.296
 90     0.259 55373.70809958 17.31  53.466790  67.891154 26.296
 90     1.655 55373.70810022 16.29  53.463100  67.894204 26.296
 91    -0.043 55408.70811950 47.89  53.467064  67.884513 40.599
 91    -0.062 55408.70812014 51.47  53.463374  67.887556 34.666
 91    -0.098 55408.70812079 42.92  53.459684  67.890606 34.666
 91    -0.231 55408.70812143 37.67  53.455994  67.893656 34.666
 92     0.332 55443.70811627 27.53  53.472302  67.885832 26.529
 92     0.108 55443.70811691 24.81  53.468616  67.888879 26.335
 92     0.323 55443.70811756 23.03  53.464926  67.891929 26.335
 93     2.213 55478.70805356 16.69  53.489340  67.885078 22.829
 93     0.783 55478.70805420 13.91  53.485660  67.888128 22.829
 93     0.402 55478.70805485 14.62  53.481966  67.891179 28.215
 93     1.701 55478.70805549 15.85  53.478286  67.894219 28.215
