# NaN NaN NaN ;Mean Elev.(m), Avg Gradient(m/km), RMS Gradient(m/km) - SRTM1     
#   17.871  -1.122   5.307 ;Mean Elev.(m), Avg Gradient(m/km), RMS Gradient(m/km) - ASTER GDEM
#    3.350  -0.055   3.713 ;Mean Elev.(m), Avg Gradient(m/km), RMS Gradient(m/km) - GMTED2010 
  7     1.451 52476.33112675 28.74  51.883922  67.414133 37.371
  7     1.687 52476.33112739 29.62  51.880362  67.411073 37.371
  7     1.475 52476.33112804 30.75  51.876812  67.408013 37.371
  7     1.273 52476.33112868 36.71  51.873262  67.404953 37.371
  7     1.351 52476.33112933 41.62  51.869702  67.401893 37.371
  7     1.247 52476.33112997 47.21  51.866162  67.398833 37.371
  8     3.453 52511.33107778 17.17  51.885108  67.413887 20.809
  8     4.535 52511.33107843 16.26  51.881548  67.410827 20.809
  8     4.642 52511.33107907 17.20  51.877998  67.407767 20.809
  8     4.853 52511.33107972 18.59  51.874448  67.404707 20.809
  8     4.745 52511.33108036 21.54  51.870898  67.401647 20.809
  8     4.822 52511.33108101 25.58  51.867349  67.398587 21.716
  8     4.977 52511.33108165 29.96  51.863799  67.395527 21.716
  9     5.196 52546.33110630 20.78  51.871212  67.386801 21.616
  9     5.409 52546.33110695 21.45  51.867662  67.383741 21.616
 10     2.829 52581.33112129 34.46  51.890360  67.412553  9.490
 10     2.696 52581.33112193 34.39  51.886803  67.409495 22.710
 10     2.817 52581.33112516 51.88  51.869043  67.394205 22.710
 10     2.875 52581.33112580 51.68  51.865493  67.391145 22.710
 11     3.148 52616.33109050 20.58  51.879557  67.420350  3.694
 11     2.732 52616.33109115 21.77  51.876004  67.417289  4.315
 11     2.150 52616.33109179 22.00  51.872444  67.414229  4.315
 11     2.236 52616.33109243 22.67  51.868894  67.411179  4.315
 12     4.606 52651.33107292 15.49  51.872002  67.388791  2.323
 12     4.388 52651.33107357 15.29  51.868462  67.385731  2.323
 13     3.165 52686.33105871 12.93  51.886029  67.417388  2.133
 13     2.866 52686.33105936 12.82  51.882479  67.414338  2.133
 13     2.621 52686.33106000 13.24  51.878929  67.411278  2.133
 13     3.832 52686.33106065 13.02  51.875379  67.408218  2.133
 13     3.705 52686.33106129 12.76  51.871829  67.405158  2.133
 13     3.828 52686.33106194 12.78  51.868279  67.402098  2.133
 13     3.819 52686.33106258 12.83  51.864729  67.399038  2.133
 14     3.156 52721.33110882 10.19  51.888064  67.412836  1.708
 14     3.989 52721.33110946 10.51  51.884514  67.409776  1.708
 14     4.134 52721.33111011 10.65  51.880964  67.406716  1.708
 14     4.373 52721.33111075 10.30  51.877404  67.403666  1.708
 14     4.298 52721.33111140 10.79  51.873854  67.400606  1.708
 14     4.004 52721.33111204 10.50  51.870304  67.397546  1.708
 14     4.427 52721.33111269 10.23  51.866754  67.394486  1.708
 16     7.945 52791.33108726 30.24  51.872370  67.384667 19.084
 16     8.082 52791.33108790 33.26  51.868820  67.381607 19.084
 17     4.334 52826.33115562 52.08  51.874015  67.388283 36.865
 17     4.363 52826.33115627 51.25  51.870465  67.385223 36.865
 17     4.312 52826.33115691 49.90  51.866915  67.382163 36.865
 18     4.595 52861.33120139 22.90  51.872932  67.387326 19.281
 18     4.909 52861.33120203 23.20  51.869392  67.384266 19.281
 18     5.320 52861.33120268 20.42  51.865842  67.381206 19.281
 19     2.745 52896.33122611 22.64  51.885209  67.416372 22.542
 19     1.520 52896.33122675 27.82  51.881649  67.413312 22.542
 19     1.668 52896.33122740 27.00  51.878099  67.410262 22.542
 19     1.737 52896.33122804 25.97  51.874549  67.407202 22.542
 19     3.989 52896.33122869 24.45  51.870999  67.404142 22.542
 19     4.702 52896.33122933 26.23  51.867449  67.401082 22.542
 19     4.457 52896.33122998 32.81  51.863899  67.398022 22.542
 20     3.338 52931.33117319 16.70  51.878040  67.421606 24.057
 20     3.283 52931.33117384 19.84  51.874490  67.418546 24.057
 20     2.162 52931.33117448 21.49  51.870937  67.415491 26.780
 21     0.867 52966.33117728 35.06  51.873427  67.387192  8.324
 21     1.049 52966.33117792 34.14  51.869887  67.384132  8.324
 21     0.950 52966.33117856 30.39  51.866337  67.381072  8.324
 22     2.845 53001.33120125 17.01  51.884496  67.418226  6.667
 22     2.511 53001.33120190 16.89  51.880946  67.415166  6.667
 22     2.621 53001.33120254 16.24  51.877392  67.412107  2.047
 22     3.300 53001.33120319 15.98  51.873832  67.409047  2.047
 22     3.547 53001.33120383 16.29  51.870282  67.405997  2.047
 22     4.008 53001.33120447 15.68  51.866732  67.402937  2.047
 22     4.198 53001.33120512 15.60  51.863182  67.399877  2.047
 23     3.271 53036.33114953 17.64  51.882004  67.423018  5.816
 23     3.236 53036.33115018 14.69  51.878450  67.419957  2.516
 23     3.112 53036.33115082 13.91  51.874900  67.416897  2.516
 23     2.982 53036.33115147 13.95  51.871350  67.413847  2.516
 24     4.004 53071.33117341 13.17  51.886901  67.412594  2.061
 24     3.834 53071.33117406 13.17  51.883351  67.409534  2.061
 24     4.832 53071.33117470 12.71  51.879801  67.406474  2.061
 24     4.684 53071.33117535 12.22  51.876251  67.403414  2.061
 24     4.635 53071.33117599 12.35  51.872701  67.400354  2.061
 24     4.526 53071.33117664 12.20  51.869151  67.397294  2.061
 24     4.882 53071.33117728 12.14  51.865601  67.394234  2.061
 25     4.676 53106.33115063  4.03  51.877849  67.423951  2.165
 25     3.144 53106.33115127  5.85  51.874293  67.420898  2.232
 25     2.883 53106.33115192  5.36  51.870743  67.417838  2.232
 26     1.616 53141.33118497 21.24  51.870902  67.391401 20.086
 26     1.715 53141.33118562 19.99  51.867352  67.388341 20.086
 27     6.670 53176.33120980 28.34  51.889012  67.412211 10.477
 27     6.574 53176.33121045 30.04  51.885452  67.409151 10.477
 27     6.502 53176.33121109 31.16  51.881902  67.406101 10.477
 27     6.619 53176.33121303 31.00  51.871252  67.396921 10.477
 27     6.821 53176.33121367 31.90  51.867702  67.393861 10.477
 27     6.953 53176.33121432 34.16  51.864152  67.390801 10.477
 28     1.101 53211.33122827 24.73  51.887332  67.416471 22.046
 28     1.156 53211.33122891 23.49  51.883782  67.413411 22.046
 28     1.386 53211.33122956 23.90  51.880232  67.410361 22.046
 28     1.829 53211.33123020 23.00  51.876672  67.407301 22.046
 28     4.994 53211.33123085 19.91  51.873122  67.404241 22.046
 28     5.155 53211.33123149 22.29  51.869572  67.401181 22.046
 28     5.273 53211.33123214 26.21  51.866022  67.398121 22.046
 29     1.106 53246.33119687 23.63  51.883145  67.415199 24.721
 29     1.552 53246.33119752 22.87  51.879585  67.412139 24.721
 29     1.967 53246.33119816 21.17  51.876035  67.409079 24.721
 29     4.722 53246.33119880 20.64  51.872485  67.406019 24.721
 29     4.826 53246.33119945 21.58  51.868935  67.402959 24.721
 29     4.853 53246.33120009 31.18  51.865385  67.399899 24.721
 30     4.994 53281.33118762 20.91  51.871395  67.388989 26.378
 30     5.312 53281.33118827 28.70  51.867845  67.385929 26.378
 31     1.553 53316.33119773 36.69  51.869163  67.392549 12.717
 31     1.536 53316.33119838 38.46  51.865623  67.389489 12.717
 32     3.242 53351.33115904 22.29  51.886163  67.414357  3.374
 32     3.723 53351.33115969 22.55  51.882613  67.411297  3.374
 32     3.257 53351.33116033 22.49  51.879063  67.408237  3.374
 32     4.105 53351.33116098 22.77  51.875513  67.405177  3.374
 32     4.418 53351.33116162 20.93  51.871963  67.402117  3.374
 32     4.398 53351.33116227 20.67  51.868413  67.399057  3.374
 32     4.456 53351.33116291 20.30  51.864863  67.395997  3.374
 33     4.657 53386.33114988 17.61  51.872102  67.388026  3.408
 33     4.304 53386.33115053 19.02  51.868552  67.384966  3.408
 34     4.057 53421.33115204 17.86  51.871885  67.393955  2.765
 34     4.052 53421.33115268 17.33  51.868335  67.390895  2.765
 34     3.937 53421.33115333 16.71  51.864785  67.387835  2.765
 35     4.398 53456.33115930 14.78  51.873920  67.383582  2.567
 35     4.464 53456.33115995 14.93  51.870370  67.380522  2.567
 35     4.623 53456.33116059 14.18  51.866820  67.377462  2.567
 36     4.384 53491.33123834 10.27  51.886533  67.416005  2.124
 36     4.323 53491.33123899 10.28  51.882973  67.412945  2.124
 36     4.437 53491.33123963 10.22  51.879423  67.409885  2.124
 36     4.836 53491.33124028 10.26  51.875863  67.406825  2.124
 36     5.723 53491.33124092 10.15  51.872313  67.403765  2.124
 36     5.169 53491.33124156 10.30  51.868763  67.400705  2.124
 36     5.145 53491.33124221  9.97  51.865213  67.397645  2.124
 37     7.230 53526.33122479 32.88  51.870532  67.394549 20.172
 37     7.486 53526.33122544 30.13  51.866982  67.391489 20.172
 38     1.365 53561.33124877 50.29  51.881465  67.418295 36.096
 38     1.403 53561.33124942 50.59  51.877905  67.415235 36.096
 38     1.379 53561.33125006 50.72  51.874355  67.412175 36.096
 38     1.336 53561.33125071 50.67  51.870805  67.409115 36.096
 38     1.377 53561.33125135 50.66  51.867245  67.406055 36.096
 38     1.407 53561.33125200 44.78  51.863695  67.402995 36.096
 39     0.831 53596.33118826 46.24  51.883705  67.414730 35.933
 39     0.885 53596.33118890 51.89  51.880155  67.411670 35.933
 39     0.942 53596.33118955 50.08  51.876605  67.408610 35.933
 39     0.846 53596.33119019 50.64  51.873055  67.405550 35.933
 39     0.812 53596.33119084 47.25  51.869505  67.402490 35.933
 39     0.922 53596.33119148 41.63  51.865955  67.399430 35.933
 40     5.267 53631.33118763 21.70  51.871855  67.388153 22.039
 40     5.829 53631.33118827 23.72  51.868315  67.385093 22.039
 41     1.702 53666.33120555 26.49  51.886388  67.414277 16.893
 41     1.767 53666.33120619 26.57  51.882838  67.411217 16.893
 41     1.673 53666.33120683 27.83  51.879288  67.408157 16.893
 41     4.622 53666.33120748 23.98  51.875728  67.405097 16.893
 41     4.991 53666.33120812 23.81  51.872178  67.402037 16.893
 41     5.292 53666.33120877 24.16  51.868628  67.398977 16.893
 41     5.455 53666.33120941 25.86  51.865078  67.395917 16.893
 42     2.504 53701.33115579 41.30  51.886502  67.414680 30.620
 42     2.581 53701.33115644 41.30  51.882952  67.411620 30.620
 42     2.722 53701.33115708 45.30  51.879402  67.408560 30.620
 42     2.593 53701.33115773 51.19  51.875852  67.405500 30.620
 42     2.726 53701.33115837 49.41  51.872292  67.402440 30.620
 42     2.694 53701.33115902 48.66  51.868752  67.399380 30.620
 42     2.600 53701.33115966 44.72  51.865202  67.396320 30.620
 43     3.046 53736.33106533 19.46  51.879819  67.419453  3.952
 43     2.539 53736.33106597 19.38  51.876269  67.416393  3.952
 43     2.357 53736.33106662 20.04  51.872709  67.413333  3.952
 43     2.641 53736.33106726 20.66  51.869159  67.410273  3.952
 44     4.532 53771.33107571 12.91  51.871304  67.389460  2.458
 44     4.521 53771.33107635 12.76  51.867754  67.386400  2.458
 45     3.111 53806.33106149 14.11  51.883771  67.417194  2.451
 45     2.864 53806.33106213 14.19  51.880221  67.414134  2.451
 45     2.480 53806.33106277 14.06  51.876671  67.411074  2.451
 45     3.406 53806.33106342 13.90  51.873111  67.408014  2.451
 45     3.500 53806.33106406 14.22  51.869561  67.404954  2.451
 45     4.173 53806.33106471 13.53  51.866021  67.401894  2.451
 47     5.478 53876.33113414 47.98  51.870071  67.391373 41.150
 47     5.490 53876.33113479 44.35  51.866521  67.388313 41.150
 48     4.339 53911.33117847 20.10  51.888144  67.414977 23.330
 48     4.562 53911.33117911 20.32  51.884584  67.411917 23.330
 48     4.405 53911.33117976 21.90  51.881034  67.408857 23.330
 48     4.651 53911.33118040 24.35  51.877484  67.405797 23.330
 48     4.627 53911.33118104 30.32  51.873924  67.402737 23.330
 48     4.733 53911.33118169 31.61  51.870374  67.399677 23.330
 48     5.122 53911.33118233 28.18  51.866824  67.396617 23.330
 49     3.815 53946.33119546 17.87  51.883978  67.420610 23.379
 49     3.985 53946.33119610 18.23  51.880428  67.417560 23.379
 49     4.473 53946.33119675 18.97  51.876868  67.414500 23.379
 49     5.152 53946.33119739 18.59  51.873318  67.411440 23.379
 49     5.641 53946.33119803 20.89  51.869768  67.408380 23.379
 49     4.985 53946.33119868 24.78  51.866218  67.405320 23.379
 50     1.005 53981.33114065 28.45  51.882847  67.419877 31.582
 50     0.994 53981.33114130 27.96  51.879297  67.416817 31.582
 50     0.938 53981.33114194 25.64  51.875747  67.413757 31.582
 50     4.862 53981.33114259 22.25  51.872197  67.410697 31.582
 50     5.509 53981.33114323 22.66  51.868637  67.407637 31.582
 51     5.000 54016.33116919 24.77  51.874217  67.386565 20.001
 51     5.069 54016.33116983 22.72  51.870667  67.383515 20.001
 51     5.695 54016.33117047 22.47  51.867127  67.380445 20.001
 52     1.951 54051.33116785 26.65  51.870940  67.390273 11.691
 52     1.884 54051.33116850 22.94  51.867390  67.387213 11.691
 53     1.050 54086.33115524 22.98  51.884288  67.414646 11.332
 53     1.204 54086.33115588 24.23  51.880738  67.411586 11.332
 53     1.205 54086.33115652 23.64  51.877188  67.408526 11.332
 53     1.191 54086.33115717 24.40  51.873628  67.405466 11.332
 53     1.243 54086.33115781 25.19  51.870088  67.402406 11.332
 53     1.244 54086.33115846 23.34  51.866538  67.399346 11.332
 54     2.901 54121.33107868 16.28  51.878969  67.426268  3.179
 54     2.782 54121.33107933 16.91  51.875419  67.423208  3.179
 54     2.375 54121.33107997 16.47  51.871859  67.420148  3.179
 55     2.877 54156.33111518 13.89  51.885795  67.411942  2.270
 55     2.889 54156.33111582 13.40  51.882245  67.408882  2.270
 55     3.701 54156.33111647 13.04  51.878695  67.405822  2.270
 55     3.820 54156.33111711 13.04  51.875135  67.402762  2.270
 55     3.783 54156.33111776 12.66  51.871585  67.399702  2.270
 55     4.001 54156.33111840 12.88  51.868045  67.396642  2.270
 55     3.957 54156.33111905 12.36  51.864495  67.393582  2.270
 56     0.778 54191.33107747 16.61  51.881015  67.421993  4.523
 56     0.720 54191.33107812 15.14  51.877465  67.418933  4.523
 56     0.799 54191.33107876 14.00  51.873905  67.415873  4.523
 56     2.028 54191.33107941 12.84  51.870355  67.412813  4.523
 57     4.242 54226.33112673 44.04  51.886893  67.410075 30.202
 57     4.273 54226.33112738 48.53  51.883343  67.407015 30.202
 57     4.164 54226.33112996 31.79  51.869133  67.394785 30.202
 57     4.137 54226.33113060 27.85  51.865583  67.391725 30.202
 58     6.310 54261.33114633 27.99  51.887110  67.410708 24.031
 58     6.227 54261.33114697 29.65  51.883560  67.407648 24.031
 58     6.372 54261.33114955 32.13  51.869360  67.395408 24.031
 58     6.503 54261.33115019 31.47  51.865810  67.392348 24.031
 59     2.545 54296.33115010 31.11  51.888934  67.414474 23.149
 59     2.823 54296.33115074 23.98  51.885384  67.411414 23.149
 59     2.662 54296.33115139 25.33  51.881834  67.408354 23.149
 59     3.577 54296.33115203 23.51  51.878274  67.405294 23.149
 59     4.526 54296.33115268 26.53  51.874724  67.402234 23.149
 59     5.265 54296.33115332 24.33  51.871174  67.399184 23.149
 59     5.387 54296.33115397 25.66  51.867624  67.396124 23.149
 59     5.787 54296.33115461 29.70  51.864084  67.393064 23.149
 60     1.527 54331.33114121 28.84  51.887006  67.417018 34.762
 60     1.526 54331.33114185 28.04  51.883446  67.413958 34.762
 60     1.433 54331.33114250 27.85  51.879896  67.410898 34.762
 60     1.541 54331.33114314 29.14  51.876346  67.407838 34.762
 60     1.689 54331.33114379 32.96  51.872796  67.404778 34.762
 60     1.613 54331.33114443 39.48  51.869246  67.401718 34.762
 60     1.705 54331.33114508 43.20  51.865696  67.398658 34.762
 61     3.271 54366.33108386 21.33  51.879684  67.419914 17.673
 61     3.797 54366.33108451 21.54  51.876134  67.416854 17.673
 61     4.501 54366.33108515 21.17  51.872574  67.413794 17.673
 61     5.326 54366.33108579 21.89  51.869024  67.410734 17.673
 62     1.747 54401.33108430 22.58  51.887006  67.412324 17.773
 62     1.634 54401.33108494 25.12  51.883456  67.409264 17.773
 62     1.537 54401.33108559 27.59  51.879896  67.406204 17.773
 62     3.473 54401.33108623 24.00  51.876346  67.403154 17.773
 62     4.591 54401.33108688 22.88  51.872796  67.400094 17.773
 62     5.096 54401.33108752 23.12  51.869246  67.397034 17.773
 62     5.426 54401.33108817 26.71  51.865696  67.393974 17.773
 63     2.003 54436.33104083 25.18  51.881189  67.417583  6.859
 63     2.058 54436.33104147 24.77  51.877639  67.414523  6.859
 63     2.108 54436.33104211 25.37  51.874089  67.411463  6.859
 63     2.075 54436.33104276 25.26  51.870539  67.408403  6.859
 63     2.138 54436.33104340 24.23  51.866989  67.405343  6.859
 63     2.058 54436.33104405 23.86  51.863439  67.402283  6.859
 64     4.776 54471.33107297 13.02  51.872041  67.390648  2.331
 64     4.730 54471.33107361 12.47  51.868491  67.387588  2.331
 65     2.851 54506.33105290 14.12  51.883094  67.420531  2.121
 65     2.950 54506.33105355 13.57  51.879544  67.417471  2.121
 65     2.709 54506.33105419 13.54  51.875994  67.414411  2.121
 65     3.110 54506.33105483 13.41  51.872434  67.411351  2.121
 65     3.728 54506.33105548 13.20  51.868884  67.408291  2.121
 66     3.561 54541.33108336 13.46  51.887909  67.412696  2.252
 66     3.351 54541.33108400 13.92  51.884359  67.409636  2.252
 66     3.997 54541.33108465 13.15  51.880809  67.406576  2.252
 66     4.112 54541.33108529 13.26  51.877259  67.403516  2.252
 66     4.215 54541.33108594 13.37  51.873709  67.400456  2.252
 66     4.304 54541.33108658 12.69  51.870159  67.397396  2.252
 66     4.139 54541.33108723 12.92  51.866609  67.394336  2.252
 67     0.537 54576.33105432 18.83  51.882435  67.421053  9.927
 67     0.489 54576.33105496 18.40  51.878875  67.417993  9.927
 67     0.453 54576.33105561 21.55  51.875325  67.414933  9.927
 67     0.684 54576.33105625 15.54  51.871775  67.411873  9.927
 67     0.774 54576.33105689 15.96  51.868225  67.408813  9.927
 68     4.056 54611.33107497 44.66  51.886380  67.412363 35.255
 68     4.022 54611.33107561 43.82  51.882830  67.409303 35.255
 68     4.091 54611.33107626 43.12  51.879280  67.406243 35.255
 68     4.221 54611.33107690 40.70  51.875720  67.403183 35.255
 68     4.168 54611.33107755 37.90  51.872170  67.400123 35.255
 68     4.060 54611.33107819 31.52  51.868620  67.397063 35.255
 68     4.222 54611.33107884 31.10  51.865070  67.394003 35.255
 69     5.112 54646.33108218 25.67  51.886826  67.413416 20.199
 69     5.259 54646.33108283 29.12  51.883276  67.410366 20.199
 69     5.395 54646.33108347 26.77  51.879726  67.407306 20.199
 69     5.718 54646.33108412 29.53  51.876176  67.404246 20.199
 69     5.774 54646.33108476 31.00  51.872616  67.401186 20.199
 69     5.502 54646.33108541 28.29  51.869076  67.398126 20.199
 69     5.720 54646.33108605 30.11  51.865526  67.395066 20.199
 70     1.069 54681.33108290 34.18  51.885754  67.414858 34.959
 70     1.061 54681.33108355 42.82  51.882204  67.411798 34.959
 70     1.163 54681.33108419 44.62  51.878654  67.408738 34.959
 70     1.101 54681.33108483 47.22  51.875094  67.405678 34.959
 70     1.098 54681.33108548 39.88  51.871544  67.402618 34.959
 70     5.291 54681.33108612 26.55  51.867994  67.399558 34.959
 70     5.504 54681.33108677 24.29  51.864444  67.396498 34.959
 71     3.455 54716.33103111 17.81  51.882517  67.421441 24.429
 71     3.779 54716.33103175 17.91  51.878967  67.418381 24.429
 71     3.920 54716.33103240 19.42  51.875417  67.415321 24.429
 71     5.026 54716.33103304 18.55  51.871867  67.412261 24.429
 71     5.573 54716.33103369 25.06  51.868307  67.409201 24.429
 72     5.527 54751.33105880 22.18  51.869277  67.392786 26.086
 72     5.603 54751.33105945 21.47  51.865727  67.389726 26.086
 73     2.760 54786.33102158 24.21  51.882683  67.417180 18.945
 73     2.665 54786.33102223 24.44  51.879133  67.414120 18.945
 73     2.264 54786.33102287 24.89  51.875573  67.411060 18.945
 73     2.135 54786.33102352 26.60  51.872023  67.408000 18.945
 73     1.947 54786.33102416 27.30  51.868473  67.404940 18.945
 73     4.329 54786.33102481 27.06  51.864923  67.401880 18.945
 74     3.556 54821.33105211 18.03  51.872169  67.393466  5.622
 74     2.544 54821.33105275 18.06  51.868619  67.390406  5.622
 74     2.535 54821.33105340 18.86  51.865069  67.387346  5.622
 75     3.160 54856.33101764 14.53  51.884439  67.417123  2.137
 75     2.937 54856.33101829 14.34  51.880879  67.414073  2.137
 75     2.423 54856.33101893 14.25  51.877329  67.411013  2.137
 75     2.725 54856.33101958 13.94  51.873779  67.407953  2.137
 75     3.450 54856.33102022 13.67  51.870229  67.404893  2.137
 75     3.798 54856.33102087 13.76  51.866679  67.401833  2.137
 75     4.108 54856.33102151 13.63  51.863129  67.398773  2.137
 76     2.428 54891.33105186 15.15  51.883765  67.413730  2.563
 76     2.505 54891.33105251 14.61  51.880215  67.410670  2.563
 76     3.117 54891.33105315 13.91  51.876665  67.407610  2.563
 76     3.649 54891.33105380 13.97  51.873115  67.404550  2.563
 76     3.588 54891.33105444 13.97  51.869565  67.401490  2.563
 76     3.815 54891.33105509 13.08  51.866005  67.398430  2.563
 77     2.613 54926.33101557 14.92  51.878944  67.421525  3.785
 77     2.533 54926.33101622 16.02  51.875384  67.418465  3.785
 77     2.715 54926.33101686 16.23  51.871834  67.415405  3.785
 78     1.451 54961.33105016 16.21  51.890147  67.412702  9.609
 78     1.332 54961.33105081 16.71  51.886587  67.409642  9.609
 78     1.243 54961.33105145 21.45  51.883037  67.406582  9.609
 78     0.924 54961.33105403 24.43  51.868837  67.394342  9.609
 78     0.841 54961.33105468 21.05  51.865287  67.391282  9.609
 79     6.524 54996.33107146 29.03  51.885161  67.414314 14.694
 79     6.706 54996.33107211 29.26  51.881611  67.411264 14.694
 79     6.748 54996.33107275 29.06  51.878061  67.408204 14.694
 79     6.739 54996.33107340 30.04  51.874501  67.405144 14.694
 79     6.900 54996.33107404 29.47  51.870951  67.402084 14.694
 79     6.853 54996.33107469 29.00  51.867401  67.399024 14.694
 79     6.867 54996.33107533 36.92  51.863851  67.395964 14.694
 80     2.016 55031.33106101 24.86  51.886951  67.414981 22.948
 80     2.102 55031.33106165 26.88  51.883401  67.411931 22.948
 80     2.093 55031.33106230 26.84  51.879851  67.408871 22.948
 80     2.060 55031.33106294 28.10  51.876301  67.405811 22.948
 80     2.153 55031.33106359 30.17  51.872741  67.402751 22.948
 80     4.909 55031.33106423 28.49  51.869191  67.399691 22.948
 80     5.575 55031.33106488 24.96  51.865651  67.396631 22.948
 81     0.696 55066.33105021 24.49  51.886527  67.417226 25.010
 81     0.786 55066.33105085 24.97  51.882977  67.414166 25.010
 81     0.906 55066.33105150 23.87  51.879427  67.411106 25.010
 81     1.011 55066.33105214 25.12  51.875867  67.408046 25.010
 81     1.337 55066.33105279 25.53  51.872317  67.404986 25.010
 81     5.029 55066.33105343 23.54  51.868767  67.401926 25.010
 81     5.044 55066.33105408 29.35  51.865217  67.398866 25.010
 82     4.812 55101.33099049 18.18  51.881014  67.424554 17.467
 82     3.159 55101.33099113 19.56  51.877457  67.421491 17.127
 82     3.507 55101.33099178 20.73  51.873907  67.418441 17.127
 82     3.779 55101.33099242 20.96  51.870347  67.415381 17.127
 83     2.118 55136.33099719 40.34  51.889485  67.411237 26.806
 83     2.053 55136.33099783 38.61  51.885935  67.408177 26.806
 83     2.205 55136.33100106 47.92  51.868185  67.392877 26.806
 83     2.112 55136.33100170 49.44  51.864635  67.389817 26.806
 84     3.470 55171.33095836 22.92  51.883339  67.419091  3.893
 84     2.869 55171.33095901 23.06  51.879789  67.416031  3.893
 84     2.627 55171.33095965 23.41  51.876229  67.412971  3.893
 84     2.733 55171.33096030 24.04  51.872679  67.409911  3.893
 84     3.635 55171.33096094 23.73  51.869129  67.406851  3.893
 84     4.370 55171.33096159 22.97  51.865579  67.403791  3.893
 85     4.240 55206.33099460 15.75  51.869258  67.392738  2.363
 85     4.375 55206.33099525 15.94  51.865708  67.389678  2.363
 86     3.335 55241.33096369 15.63  51.882303  67.421355  2.415
 86     2.823 55241.33096434 15.98  51.878743  67.418305  2.415
 86     2.551 55241.33096498 17.08  51.875193  67.415245  2.415
 86     2.851 55241.33096563 16.58  51.871643  67.412185  2.415
 86     4.173 55241.33096627 15.69  51.868093  67.409125  2.415
 87     3.199 55276.33098386 14.98  51.886190  67.416605  2.538
 87     3.050 55276.33098450 15.09  51.882640  67.413545  2.538
 87     3.154 55276.33098515 14.86  51.879090  67.410485  2.538
 87     3.923 55276.33098579 14.39  51.875540  67.407425  2.538
 87     3.992 55276.33098644 13.97  51.871980  67.404365  2.538
 87     3.960 55276.33098708 14.21  51.868430  67.401305  2.538
 87     3.798 55276.33098773 14.65  51.864890  67.398245  2.538
 88     3.340 55311.33094826 21.76  51.882108  67.419886 19.439
 88     0.801 55311.33094890 22.47  51.878548  67.416826 19.439
 88     0.707 55311.33094955 24.27  51.874998  67.413766 19.439
 88     0.982 55311.33095019 24.17  51.871448  67.410706 19.439
 88     3.795 55311.33095084 20.88  51.867898  67.407646 19.439
 89     5.320 55346.33095336 23.41  51.888432  67.415158 24.667
 89     5.369 55346.33095401 23.85  51.884882  67.412098 24.667
 89     5.513 55346.33095465 24.14  51.881332  67.409038 24.667
 89     5.577 55346.33095530 26.22  51.877782  67.405978 24.667
 89     5.579 55346.33095594 33.57  51.874222  67.402918 24.667
 89     5.561 55346.33095658 31.42  51.870682  67.399858 24.667
 89     5.581 55346.33095723 30.56  51.867132  67.396798 24.667
 90     2.048 55381.33094540 23.31  51.885875  67.417622 26.136
 90     2.214 55381.33094605 23.05  51.882325  67.414562 26.136
 90     2.250 55381.33094669 24.99  51.878775  67.411502 26.136
 90     2.154 55381.33094734 27.16  51.875225  67.408442 26.136
 90     2.295 55381.33094798 30.62  51.871665  67.405382 26.136
 90     4.629 55381.33094862 26.68  51.868115  67.402322 26.136
 90     5.441 55381.33094927 29.75  51.864565  67.399262 26.136
 91     1.067 55416.33097720 29.43  51.870654  67.392471 29.055
 91     3.165 55416.33097784 26.39  51.867104  67.389411 29.055
 92     1.370 55451.33095644 22.89  51.883161  67.416455 26.373
 92     1.190 55451.33095709 25.01  51.879601  67.413395 26.373
 92     1.431 55451.33095773 24.46  51.876051  67.410335 26.373
 92     1.250 55451.33095837 29.57  51.872501  67.407275 26.373
 92     1.329 55451.33095902 30.97  51.868951  67.404215 26.373
 92     4.735 55451.33095966 27.55  51.865401  67.401155 26.373
 93     1.837 55486.33087945 50.46  51.879289  67.421283 32.885
 93     1.856 55486.33088010 49.72  51.875729  67.418233 32.885
 93     1.912 55486.33088074 51.40  51.872179  67.415173 32.885
 93     2.020 55486.33088139 52.97  51.868629  67.412113 32.885
