# NaN NaN NaN ;Mean Elev.(m), Avg Gradient(m/km), RMS Gradient(m/km) - SRTM1     
#   17.475   0.360   2.019 ;Mean Elev.(m), Avg Gradient(m/km), RMS Gradient(m/km) - ASTER GDEM
#    3.000   0.000   0.227 ;Mean Elev.(m), Avg Gradient(m/km), RMS Gradient(m/km) - GMTED2010 
  8     1.350 52492.32900045 20.94  53.094570  67.820291 22.494
  8     1.990 52492.32900110 20.09  53.090900  67.817241 22.494
  8     1.988 52492.32900174 21.59  53.087230  67.814191 22.494
 10     1.366 52562.32902784 23.70  53.102568  67.823116 21.934
 10     1.556 52562.32902848 25.16  53.098898  67.820066 21.934
 10     1.991 52562.32902913 22.44  53.095228  67.817016 21.934
 10     2.073 52562.32902977 27.81  53.091558  67.813966 21.934
 12     0.567 52632.32898772 14.93  53.101774  67.822568  2.595
 12     1.246 52632.32898837 15.03  53.098104  67.819518  2.595
 12     1.483 52632.32898901 15.30  53.094434  67.816468  2.595
 12     1.246 52632.32898966 15.25  53.090754  67.813418  2.595
 13     0.541 52667.32900760 12.04  53.086137  67.819964  2.405
 13     0.593 52667.32900825 12.29  53.082467  67.816914  2.405
 13     0.438 52667.32900889 12.10  53.078797  67.813864  2.405
 14     0.556 52702.32897748 11.33  53.116153  67.825751  2.338
 14     0.325 52702.32897813 11.35  53.112483  67.822701  2.338
 14     0.189 52702.32897877 11.48  53.108803  67.819651  2.338
 15     0.992 52737.32902144 10.07  53.082718  67.819047  1.754
 15     1.018 52737.32902209 10.28  53.079048  67.815997  1.754
 15     0.757 52737.32902273 10.35  53.075388  67.812947  1.754
 16     0.616 52772.32898843 25.67  53.073144  67.817598 24.563
 16     1.083 52772.32898907 25.22  53.069474  67.814548 24.563
 17     2.712 52807.32904334 43.38  53.103218  67.822864 35.712
 17     2.732 52807.32904399 44.44  53.099552  67.819812 47.257
 17     2.744 52807.32904463 49.07  53.095872  67.816762 47.257
 18     1.322 52842.32910210 19.87  53.102188  67.822204 31.391
 18     1.810 52842.32910274 19.30  53.098518  67.819154 31.391
 18     2.106 52842.32910339 25.86  53.094841  67.816100 30.129
 19     0.837 52877.32914079 21.19  53.095315  67.822445 26.934
 19     1.264 52877.32914143 20.38  53.091645  67.819405 26.934
 19     1.760 52877.32914208 23.66  53.087974  67.816348 31.024
 19     1.941 52877.32914272 20.67  53.084304  67.813298 31.024
 20     1.081 52912.32910016 24.81  53.083010  67.819007 14.805
 20     1.356 52912.32910080 21.05  53.079340  67.815957 14.805
 20     1.524 52912.32910145 22.55  53.075680  67.812907 14.805
 21     0.063 52947.32905496 44.08  53.119756  67.825725 29.444
 21     0.055 52947.32905561 50.18  53.116078  67.822678 16.216
 21     0.096 52947.32905625 42.33  53.112408  67.819628 16.216
 23     0.347 53017.32908948 11.96  53.074254  67.816240  2.465
 23     0.431 53017.32909012 11.71  53.070584  67.813190  2.465
 24     0.336 53052.32906664 10.92  53.109589  67.824676  2.370
 24     0.180 53052.32906728 10.76  53.105919  67.821626  2.370
 24     0.246 53052.32906793 11.07  53.102249  67.818576  2.370
 25     2.745 53087.32910633 10.67  53.064984  67.816019  2.257
 25     2.393 53087.32910697 10.45  53.061311  67.812974  1.959
 26     1.550 53122.32907389  7.96  53.101622  67.823851  2.313
 26     2.052 53122.32907454  7.48  53.097952  67.820801  2.313
 26     1.454 53122.32907518  7.82  53.094282  67.817751  2.313
 26     1.811 53122.32907583  7.65  53.090612  67.814701  2.313
 26     0.748 53122.32907647  7.72  53.086942  67.811651  2.313
 27     3.117 53157.32913120 29.50  53.087077  67.819801 26.537
 27     2.952 53157.32913184 29.20  53.083407  67.816751 26.537
 27     2.972 53157.32913249 31.08  53.079737  67.813711 26.537
 28     1.890 53192.32912396 41.95  53.091725  67.819703 35.131
 28     1.867 53192.32912460 42.62  53.088061  67.816653 42.877
 28     1.886 53192.32912525 38.62  53.084391  67.813603 42.877
 29     2.741 53227.32912433 23.05  53.087850  67.820271 25.841
 29     1.089 53227.32912497 21.14  53.084180  67.817221 25.841
 29     1.601 53227.32912562 20.31  53.080510  67.814171 25.841
 30     0.643 53262.32909871 22.44  53.066743  67.817169 19.325
 30     1.302 53262.32909936 21.46  53.063083  67.814119 19.325
 31     0.877 53297.32913470 24.62  53.084569  67.818147 16.548
 31     1.387 53297.32913534 23.88  53.080899  67.815097 16.548
 32     0.917 53332.32910622 23.68  53.087980  67.819643  5.381
 32     0.387 53332.32910686 24.77  53.084310  67.816593  5.381
 32     0.437 53332.32910751 25.08  53.080640  67.813543  5.381
 33     0.543 53367.32905208 17.87  53.073042  67.817154  3.145
 33     0.706 53367.32905273 17.57  53.069372  67.814104  3.145
 34     0.902 53402.32907881 15.12  53.096823  67.822003  3.024
 34     1.238 53402.32907945 15.48  53.093153  67.818953  3.024
 34     1.574 53402.32908010 15.54  53.089483  67.815903  3.024
 34     1.354 53402.32908074 15.86  53.085813  67.812853  3.024
 35     0.562 53437.32906930 12.73  53.075912  67.817452  2.610
 35     0.571 53437.32906995 12.97  53.072252  67.814402  2.610
 36     1.154 53472.32912124 11.90  53.095139  67.821867  2.289
 36     1.236 53472.32912188 11.80  53.091459  67.818817  2.289
 36     0.581 53472.32912253 11.70  53.087789  67.815767  2.289
 36     0.587 53472.32912317 11.83  53.084119  67.812717  2.289
 37     1.263 53507.32915108 36.01  53.085350  67.819711 35.903
 37     1.394 53507.32915172 35.56  53.081690  67.816661 35.903
 37     1.464 53507.32915237 37.43  53.078020  67.813611 35.903
 38     3.396 53542.32915880 31.53  53.082141  67.818974 23.686
 38     0.908 53542.32915945 32.65  53.078471  67.815924 23.686
 38     1.138 53542.32916009 35.89  53.074801  67.812874 23.686
 39     0.113 53577.32914606 24.38  53.074150  67.817311 31.329
 39     0.292 53577.32914670 27.58  53.070480  67.814261 31.329
 40     0.163 53612.32909882 25.90  53.065953  67.816248 32.134
 40     1.517 53612.32909946 24.31  53.062283  67.813198 32.134
 41     1.058 53647.32910115 19.31  53.105733  67.824219 28.961
 41     1.617 53647.32910179 20.33  53.102063  67.821169 28.961
 41     2.009 53647.32910244 20.75  53.098393  67.818119 28.961
 41     2.154 53647.32910308 30.29  53.094723  67.815069 28.961
 42     1.020 53682.32911887 28.27  53.075463  67.817415 11.957
 42     1.269 53682.32911952 26.22  53.071793  67.814365 11.957
 43     0.358 53717.32904618 28.64  53.076978  67.817554  7.593
 43     0.346 53717.32904682 28.50  53.073308  67.814504  7.593
 44     0.226 53752.32896331 11.42  53.115416  67.825366  2.366
 44     0.441 53752.32896395 11.44  53.111736  67.822316  2.366
 44     0.338 53752.32896460 11.10  53.108066  67.819266  2.366
 45     0.143 53787.32899529 11.70  53.087531  67.819470  2.615
 45     0.314 53787.32899593 11.52  53.083861  67.816420  2.615
 45     0.493 53787.32899658 11.25  53.080191  67.813370  2.615
 46     0.656 53822.32894785  8.83  53.118616  67.823616  2.110
 46     0.490 53822.32894850  9.18  53.114946  67.820566  2.110
 47    -0.203 53857.32904119 21.20  53.090060  67.819260 26.167
 47    -0.232 53857.32904184 16.12  53.086390  67.816210 26.167
 47     0.288 53857.32904248 19.41  53.082720  67.813160 26.167
 48     2.210 53892.32905404 22.00  53.098361  67.821147 23.915
 48     2.458 53892.32905468 21.95  53.094691  67.818097 23.915
 48     2.642 53892.32905533 23.90  53.091021  67.815047 23.915
 48     2.723 53892.32905597 26.04  53.087351  67.811997 23.915
 49     0.427 53927.32911509 27.66  53.077913  67.818418 30.254
 49     0.510 53927.32911573 31.77  53.074243  67.815368 30.254
 49     0.454 53927.32911638 42.93  53.070573  67.812318 30.254
 50     0.790 53962.32909956 21.11  53.070023  67.817291 29.168
 50     1.439 53962.32910020 19.09  53.066363  67.814241 29.168
 52     0.348 54032.32909345 34.90  53.102716  67.822749 16.099
 52     0.412 54032.32909409 34.59  53.099046  67.819699 16.099
 52     0.500 54032.32909474 32.91  53.095376  67.816649 16.099
 52     0.449 54032.32909538 33.42  53.091706  67.813599 16.099
 54     0.686 54102.32904966 18.02  53.070223  67.816466  4.105
 54     0.609 54102.32905030 17.95  53.066553  67.813416  4.105
 55     0.289 54137.32901591 12.79  53.098538  67.821165  2.438
 55     0.143 54137.32901656 12.83  53.094858  67.818115  2.438
 55     0.259 54137.32901720 12.83  53.091188  67.815065  2.438
 55     0.731 54137.32901785 12.94  53.087518  67.812015  2.438
 56     0.600 54172.32902633 13.15  53.076075  67.818339  2.555
 56     0.748 54172.32902698 13.17  53.072405  67.815289  2.555
 56     0.731 54172.32902762 13.29  53.068734  67.812244  2.443
 57     0.201 54207.32902087 20.91  53.101859  67.823829  9.135
 57     1.439 54207.32902152 20.20  53.098179  67.820779  9.135
 57     1.881 54207.32902216 18.91  53.094509  67.817729  9.135
 57     2.145 54207.32902281 19.25  53.090839  67.814689  9.135
 57     2.225 54207.32902345 19.39  53.087172  67.811632 14.898
 58     3.843 54242.32905424 53.90  53.088806  67.819662 44.375
 58     3.883 54242.32905488 51.85  53.085136  67.816612 44.375
 58     3.922 54242.32905552 50.34  53.081466  67.813562 44.375
 59     3.294 54277.32906841 21.52  53.088161  67.818975 42.995
 59     2.071 54277.32906905 20.75  53.084491  67.815925 42.995
 59     2.383 54277.32906970 32.14  53.080821  67.812875 42.995
 60     3.006 54312.32906898 21.85  53.088675  67.819773 29.390
 60     1.793 54312.32906962 18.14  53.085005  67.816723 29.390
 60     1.912 54312.32907027 19.18  53.081335  67.813673 29.390
 61     0.934 54347.32904233 37.57  53.072439  67.817007 31.376
 61     0.796 54347.32904297 24.42  53.068779  67.813957 31.376
 62     1.107 54382.32900512 19.27  53.101378  67.823607 26.246
 62     1.535 54382.32900576 18.39  53.097708  67.820557 26.246
 62     2.142 54382.32900641 18.02  53.094038  67.817507 26.246
 62     2.293 54382.32900705 22.21  53.090368  67.814467 26.246
 62     2.825 54382.32900770 22.01  53.086689  67.811409 27.619
 63     1.052 54417.32899114 33.26  53.078976  67.818717 13.172
 63     1.077 54417.32899179 33.74  53.075306  67.815667 13.172
 63     1.117 54417.32899243 40.46  53.071646  67.812623 18.045
 64     1.089 54452.32897408 18.97  53.108216  67.825357  6.111
 64     1.073 54452.32897472 19.50  53.104546  67.822307  6.111
 64     0.912 54452.32897537 20.20  53.100866  67.819257  6.111
 64     0.901 54452.32897601 20.66  53.097196  67.816217  6.111
 65     0.598 54487.32898776 13.33  53.089646  67.820981  2.321
 65     0.499 54487.32898840 13.45  53.085976  67.817931  2.321
 65     0.842 54487.32898905 13.60  53.082306  67.814881  2.321
 66     0.666 54522.32898790 12.26  53.100391  67.823373  2.236
 66     0.330 54522.32898855 12.57  53.096724  67.820320  2.343
 66     0.326 54522.32898919 12.86  53.093054  67.817270  2.343
 66     0.582 54522.32898984 12.86  53.089384  67.814220  2.343
 67     0.152 54557.32899909 18.73  53.074842  67.816480  9.637
 67     0.598 54557.32899974 15.29  53.071182  67.813430  9.637
 68     1.075 54592.32898427  8.67  53.092608  67.821832  3.093
 68     0.380 54592.32898492  9.95  53.088940  67.818784  3.246
 68     0.657 54592.32898556  9.42  53.085270  67.815734  3.246
 68     1.137 54592.32898620  9.11  53.081600  67.812684  3.246
 69     3.815 54627.32900053 31.38  53.084472  67.819124 28.551
 69     3.542 54627.32900118 28.94  53.080802  67.816074 28.551
 69     3.819 54627.32900182 27.52  53.077132  67.813024 28.551
 70     3.209 54662.32900772 22.53  53.088792  67.820795 34.244
 70     1.502 54662.32900837 18.96  53.085114  67.817747 35.160
 70     1.789 54662.32900901 19.60  53.081444  67.814697 35.160
 71     0.505 54697.32898349 24.20  53.078629  67.819038 25.328
 71     1.072 54697.32898414 20.13  53.074969  67.815988 25.328
 71     1.673 54697.32898478 19.34  53.071303  67.812941 21.664
 72     0.679 54732.32896335 19.99  53.102205  67.823772 24.970
 72     1.060 54732.32896400 20.27  53.098535  67.820722 24.970
 72     1.911 54732.32896464 17.67  53.094855  67.817667 22.532
 72     2.070 54732.32896529 22.20  53.091185  67.814617 22.532
 73     1.628 54767.32896272 16.12  53.086171  67.818856 27.906
 73     1.807 54767.32896337 17.02  53.082496  67.815808 26.004
 73     1.624 54767.32896401 22.35  53.078836  67.812758 26.004
 74     0.053 54802.32895744 22.32  53.101647  67.823412  6.084
 74    -0.007 54802.32895809 23.16  53.097969  67.820360  3.743
 74     0.107 54802.32895873 21.73  53.094299  67.817310  3.743
 74     0.123 54802.32895938 20.93  53.090629  67.814260  3.743
 75     0.618 54837.32895528 12.71  53.086165  67.818642  2.670
 75     0.616 54837.32895592 13.00  53.082488  67.815592  2.289
 75     1.031 54837.32895657 13.20  53.078828  67.812552  2.289
 76     0.203 54872.32895662 12.81  53.098945  67.821586  2.313
 76    -0.090 54872.32895726 12.84  53.095275  67.818536  2.313
 76    -0.013 54872.32895791 12.81  53.091605  67.815486  2.313
 76     0.548 54872.32895855 12.81  53.087935  67.812436  2.313
 77     0.831 54907.32896407 10.50  53.068347  67.815308  2.235
 77     0.905 54907.32896472 10.00  53.064677  67.812258  2.235
 78     1.776 54942.32894930  8.80  53.097929  67.822001  2.131
 78     1.608 54942.32894995  9.01  53.094249  67.818951  2.131
 78     1.505 54942.32895059  8.87  53.090579  67.815901  2.131
 78     0.871 54942.32895124  8.80  53.086909  67.812851  2.131
 79     2.072 54977.32897775 30.43  53.086889  67.819315 36.850
 79     2.004 54977.32897840 27.04  53.083219  67.816265 36.850
 79     2.287 54977.32897904 38.02  53.079549  67.813215 36.850
 80     3.606 55012.32898575 25.58  53.084354  67.819390 39.144
 80     2.362 55012.32898640 23.88  53.080678  67.816340 33.398
 80     2.494 55012.32898704 23.89  53.077018  67.813290 33.398
 81     2.787 55047.32897766 21.25  53.089705  67.819626 29.016
 81     1.664 55047.32897831 20.20  53.086034  67.816576 30.051
 81     1.781 55047.32897895 20.53  53.082364  67.813526 30.051
 82     0.128 55082.32895037 26.53  53.070261  67.816268 26.021
 82     0.135 55082.32895101 27.47  53.066596  67.813220 21.764
 83     1.080 55117.32890874 17.85  53.101036  67.823023 23.284
 83     1.654 55117.32890939 17.13  53.097366  67.819973 23.284
 83     2.031 55117.32891003 22.26  53.093696  67.816919 26.852
 83     2.220 55117.32891068 23.90  53.090026  67.813869 26.852
 84     0.286 55152.32890769 28.42  53.082751  67.819062  8.045
 84     0.251 55152.32890834 28.46  53.079081  67.816012  8.045
 84     0.280 55152.32890898 29.10  53.075408  67.812960  9.368
 85     0.635 55187.32889577 17.54  53.100771  67.822801  2.918
 85     1.102 55187.32889642 17.59  53.097098  67.819748  3.292
 85     1.341 55187.32889706 17.69  53.093428  67.816698  3.292
 85     1.284 55187.32889771 17.70  53.089758  67.813648  3.292
 86     0.473 55222.32890618 14.69  53.084058  67.819853  2.478
 86     0.531 55222.32890682 14.74  53.080383  67.816804  2.927
 86     0.644 55222.32890746 14.72  53.076723  67.813754  2.927
 87     0.143 55257.32889233 13.74  53.095435  67.821343  3.201
 87     0.197 55257.32889298 13.52  53.091765  67.818293  3.201
 87     0.261 55257.32889362 14.11  53.088095  67.815243  3.201
 87     0.196 55257.32889427 14.28  53.084425  67.812193  3.201
 88     0.522 55292.32889476 11.91  53.073349  67.817920  2.303
 88     0.431 55292.32889540 12.32  53.069687  67.814873  2.462
 88     0.087 55292.32889604 12.36  53.066017  67.811823  2.462
 89     2.410 55327.32887673 35.97  53.086557  67.819402 43.530
 89     2.178 55327.32887738 32.19  53.082888  67.816352 41.629
 89     2.483 55327.32887802 35.65  53.079218  67.813302 41.629
 90     1.634 55362.32887351 20.52  53.078674  67.817084 27.134
 90     1.776 55362.32887415 21.78  53.075004  67.814044 27.134
 91     0.542 55397.32887980 53.76  53.098308  67.821587 32.384
 91     0.444 55397.32888045 52.79  53.094645  67.818532 47.535
 91     0.449 55397.32888109 51.23  53.090975  67.815482 47.535
 91     0.471 55397.32888173 52.27  53.087305  67.812432 47.535
 92     0.617 55432.32888800 30.49  53.089058  67.819229 32.542
 92     1.309 55432.32888865 22.95  53.085388  67.816179 32.542
 92     1.611 55432.32888929 21.59  53.081722  67.813137 39.418
 93     1.202 55467.32884813 19.88  53.069218  67.816709 24.984
 93     1.973 55467.32884878 19.87  53.065559  67.813661 25.494
