# NaN NaN NaN ;Mean Elev.(m), Avg Gradient(m/km), RMS Gradient(m/km) - SRTM1     
# NaN NaN NaN ;Mean Elev.(m), Avg Gradient(m/km), RMS Gradient(m/km) - ASTER GDEM
#   37.000  -3.821   7.496 ;Mean Elev.(m), Avg Gradient(m/km), RMS Gradient(m/km) - GMTED2010 
 10  58.262377  66.177654    35.947    35.938  3 52567.69992011 45.641
 12  58.258261  66.171609    43.439    43.439  2 52637.69989010  9.340
 13  58.265356  66.181567    44.635    44.725  3 52672.69989312  8.258
 14  58.259795  66.175897    62.655    63.212  3 52707.69989741  6.774
 15  58.263933  66.179495    69.016    68.200  3 52742.69992883  3.145
 18  58.258854  66.172402    39.932    39.932  2 52847.70000236 27.806
 21  58.258514  66.174973    36.665    36.665  2 52952.69995778 32.244
 22  58.264628  66.184941    38.527    36.592  3 52987.69997198 20.002
 23  58.268914  66.186321    48.865    47.224  3 53022.69996038  8.043
 24  58.262992  66.181962    43.991    44.207  3 53057.69995269  5.793
 25  58.263223  66.184251    65.877    65.877  2 53092.69999096  7.295
 26  58.260767  66.176855    35.666    35.666  2 53127.69996083 11.938
 28  58.261888  66.181490    36.255    36.248  3 53197.70002602 47.750
 29  58.269201  66.185697    36.618    36.946  3 53232.70000317 38.132
 30  58.271223  66.189587    39.065    39.088  3 53267.69997223 50.318
 31  58.255158  66.170882    36.180    36.180  2 53302.70002502 46.971
 32  58.264732  66.181950    39.229    38.434  3 53337.69999652 17.009
 33  58.271293  66.190149    40.282    40.416  3 53372.69993227 11.746
 34  58.261944  66.177979    43.937    43.979  3 53407.69996889  8.866
 35  58.269973  66.189477    42.851    43.574  3 53442.69995573  8.303
 36  58.258495  66.172781    66.665    66.576  3 53477.70002546  5.280
 38  58.261505  66.181796    37.154    37.148  3 53547.70005598 46.432
 39  58.267542  66.182234    36.708    36.673  3 53582.70002426 49.643
 40  58.269787  66.186731    35.769    35.825  3 53617.69998086 51.620
 41  58.261510  66.176320    44.199    44.199  2 53652.69999857 21.516
 42  58.258997  66.182225    48.872    48.872  2 53687.70000127 30.939
 43  58.271298  66.189995    37.186    37.163  3 53722.69992758 32.142
 44  58.261965  66.177815    42.341    42.774  3 53757.69986049 10.693
 45  58.266412  66.185639    44.493    43.970  3 53792.69988525  8.051
 47  58.259098  66.174258    35.746    35.746  2 53862.69993654 17.781
 49  58.259358  66.175866    43.502    43.502  2 53932.70000694 21.435
 50  58.261374  66.181792    36.574    36.527  3 53967.69998144 44.065
 52  58.261249  66.179900    38.565    38.579  3 54037.69998476 23.933
 53  58.265470  66.181530    37.852    36.571  3 54072.69997928 13.086
 54  58.270328  66.189550    57.721    58.035  3 54107.69992951  8.097
 55  58.260312  66.175852    61.512    61.512  2 54142.69991379  7.468
 56  58.268654  66.184558    58.790    58.329  3 54177.69991138  7.479
 57  58.259509  66.177309    40.259    40.259  2 54212.69992141 37.811
 60  58.266794  66.181558    36.507    36.486  3 54317.69995810 51.521
 62  58.261946  66.180516    45.440    45.594  3 54387.69989771 21.563
 63  58.265850  66.184928    37.278    37.294  3 54422.69987396 40.213
 64  58.259073  66.174602    41.832    41.832  2 54457.69987073 14.855
 65  58.266882  66.184401    52.610    56.073  3 54492.69987677 10.806
 67  58.269095  66.184957    58.441    55.027  3 54562.69988470  6.168
 68  58.263268  66.179884    44.023    43.945  3 54597.69988015 12.086
 70  58.263351  66.180245    37.240    37.222  3 54667.69989889 51.403
 71  58.269452  66.185849    39.227    40.309  3 54702.69986597 23.231
 72  58.258868  66.176479    45.150    44.521  3 54737.69985935 21.089
 73  58.267119  66.183814    40.001    39.891  3 54772.69984642 44.310
 74  58.259261  66.173763    36.673    36.673  2 54807.69985241 31.414
 75  58.265023  66.182725    43.828    43.853  4 54842.69984338  7.296
 76  58.259505  66.179462    64.842    63.264  3 54877.69985562  7.030
 77  58.269033  66.183941    53.999    50.937  3 54912.69984801  8.723
 78  58.257738  66.179483    65.964    65.964  2 54947.69984840  6.456
 79  58.261318  66.180650    56.999    57.047  3 54982.69987402 27.297
 80  58.264215  66.180441    37.795    37.292  3 55017.69987254 45.044
 81  58.266484  66.181181    36.986    36.664  3 55052.69986810 29.941
 82  58.269825  66.185575    36.735    36.768  3 55087.69983164 49.013
 84  58.265805  66.183941    36.808    36.782  3 55157.69979196 30.140
 85  58.259042  66.174400    42.898    42.898  2 55192.69979226 10.896
 86  58.265219  66.185535    49.213    46.460  3 55227.69979358  8.813
 87  58.263632  66.179429    44.304    44.511  3 55262.69978839  9.331
 88  58.269131  66.184955    66.564    66.478  3 55297.69977763  2.791
 90  58.264343  66.184183    39.360    39.273  3 55367.69976051 46.190
 91  58.260084  66.176173    36.766    36.811  3 55402.69977416 29.012
 92  58.264967  66.184937    37.658    37.443  3 55437.69977852 50.396
 93  58.269161  66.188499    48.443    45.210  3 55472.69972805 18.474
