# NaN NaN NaN ;Mean Elev.(m), Avg Gradient(m/km), RMS Gradient(m/km) - SRTM1     
#    0.914  -1.829  10.512 ;Mean Elev.(m), Avg Gradient(m/km), RMS Gradient(m/km) - ASTER GDEM
#   21.000  -0.204   2.095 ;Mean Elev.(m), Avg Gradient(m/km), RMS Gradient(m/km) - GMTED2010 
  8    11.949 52509.71586875 18.82  52.501632  66.202173 20.387
  8     9.651 52509.71586939 19.71  52.498392  66.205263 20.387
  8     9.969 52509.71587004 19.93  52.495152  66.208343 20.387
  8     9.746 52509.71587068 19.98  52.491912  66.211423 20.387
 10     7.541 52579.71590015 37.79  52.525774  66.163562 39.841
 10     7.455 52579.71590080 37.19  52.522544  66.166652 39.841
 10     7.454 52579.71590144 39.22  52.519304  66.169732 39.841
 10     7.499 52579.71590273 43.02  52.512834  66.175902 39.841
 10     7.328 52579.71590338 35.13  52.509604  66.178992 39.841
 10     7.472 52579.71590402 33.19  52.506364  66.182072 39.841
 10     7.461 52579.71590467 32.04  52.503124  66.185162 39.841
 10     7.456 52579.71590531 31.85  52.499894  66.188242 39.841
 10     7.437 52579.71590596 34.27  52.496654  66.191332 39.841
 10     7.437 52579.71590660 40.05  52.493414  66.194412 39.841
 10     7.513 52579.71590725 38.88  52.490174  66.197492 39.841
 10     7.456 52579.71590789 35.25  52.486924  66.200582 39.841
 10     7.469 52579.71590853 43.92  52.483684  66.203662 39.841
 10     7.447 52579.71590918 47.06  52.480444  66.206752 39.841
 11     8.104 52614.71587527 21.43  52.498606  66.201918  6.544
 11     8.277 52614.71587592 21.33  52.495366  66.204998  6.544
 11     8.662 52614.71587656 20.86  52.492126  66.208088  6.544
 11     9.044 52614.71587720 21.04  52.488876  66.211168  6.544
 12     9.265 52649.71585161 15.68  52.507540  66.185130  3.299
 12     9.285 52649.71585225 16.86  52.504300  66.188210  3.299
 12     9.280 52649.71585290 16.17  52.501060  66.191300  3.299
 12     9.593 52649.71585354 16.95  52.497820  66.194380  3.299
 12     9.961 52649.71585419 17.40  52.494580  66.197460  3.299
 12    10.240 52649.71585483 16.40  52.491340  66.200550  3.299
 12    10.742 52649.71585548 16.74  52.488100  66.203630  3.299
 12    10.741 52649.71585612 16.10  52.484860  66.206720  3.299
 12    10.519 52649.71585677 16.31  52.481610  66.209800  3.299
 13     9.962 52684.71583837 13.92  52.501661  66.204824  3.258
 13    10.344 52684.71583901 14.08  52.498421  66.207904  3.258
 13     8.760 52684.71583966 14.67  52.495171  66.210994  3.258
 13    10.151 52684.71584030 13.29  52.491931  66.214074  3.258
 14    11.815 52719.71588597 10.06  52.512557  66.178105  2.656
 14    11.495 52719.71588662 10.40  52.509317  66.181185  2.656
 14    11.748 52719.71588726 10.66  52.506087  66.184275  2.656
 14    12.292 52719.71588791 10.64  52.502847  66.187355  2.656
 14    12.002 52719.71588855 10.40  52.499607  66.190445  2.656
 14    11.524 52719.71588920 11.03  52.496367  66.193525  2.656
 14    11.613 52719.71588984 10.82  52.493127  66.196605  2.656
 14    11.869 52719.71589049 10.78  52.489887  66.199695  2.656
 14    12.090 52719.71589113 11.01  52.486647  66.202775  2.656
 14    12.073 52719.71589178 10.91  52.483397  66.205865  2.656
 14    11.762 52719.71589242 11.02  52.480157  66.208945  2.656
 15     7.713 52754.71591140 10.75  52.508107  66.183657  8.560
 15     8.840 52754.71591204 10.75  52.504867  66.186737  8.560
 15     7.670 52754.71591269 12.13  52.501637  66.189827  8.560
 15     8.912 52754.71591333 12.52  52.498397  66.192907  8.560
 15     7.352 52754.71591398 12.27  52.495157  66.195997  8.560
 15     6.936 52754.71591462 13.23  52.491917  66.199077  8.560
 15     6.987 52754.71591527 13.32  52.488677  66.202167  8.560
 15     9.020 52754.71591591 12.27  52.485437  66.205247  8.560
 15     8.759 52754.71591656 11.85  52.482197  66.208327  8.560
 16    15.874 52789.71585375 33.72  52.523901  66.154732 20.404
 16    15.722 52789.71585439 33.87  52.520661  66.157812 20.404
 16    15.545 52789.71585504 34.86  52.517431  66.160902 20.404
 16    15.265 52789.71585568 34.26  52.514191  66.163982 20.404
 16    15.301 52789.71585633 31.45  52.510961  66.167062 20.404
 16    15.379 52789.71585697 30.81  52.507721  66.170152 20.404
 16    15.317 52789.71585762 32.20  52.504491  66.173232 20.404
 16    15.310 52789.71585826 33.87  52.501251  66.176322 20.404
 16    15.217 52789.71585891 34.29  52.498011  66.179402 20.404
 16    15.367 52789.71585955 33.53  52.494771  66.182492 20.404
 16    15.305 52789.71586020 32.02  52.491531  66.185572 20.404
 16    15.229 52789.71586084 31.22  52.488291  66.188662 20.404
 16    15.321 52789.71586148 29.80  52.485051  66.191742 20.404
 16    15.483 52789.71586213 31.37  52.481811  66.194822 20.404
 16    15.622 52789.71586277 32.11  52.478571  66.197912 20.404
 17    13.164 52824.71592518 19.18  52.524073  66.161928 15.366
 17    12.622 52824.71592583 18.39  52.520833  66.165018 15.366
 17    12.384 52824.71592647 19.26  52.517603  66.168098 15.366
 17    12.325 52824.71592712 20.98  52.514363  66.171188 15.366
 17    12.449 52824.71592776 21.87  52.511133  66.174268 15.366
 17    12.728 52824.71592841 22.09  52.507893  66.177358 15.366
 17    12.846 52824.71592905 22.66  52.504653  66.180438 15.366
 17    12.507 52824.71592970 24.38  52.501413  66.183528 15.366
 17    11.162 52824.71593034 26.05  52.498173  66.186608 15.366
 17    11.199 52824.71593099 27.75  52.494933  66.189688 15.366
 17    11.123 52824.71593163 29.29  52.491693  66.192778 15.366
 17    11.029 52824.71593227 30.68  52.488453  66.195858 15.366
 17    12.272 52824.71593292 24.89  52.485213  66.198948 15.366
 17    12.678 52824.71593356 23.54  52.481973  66.202028 15.366
 17    12.739 52824.71593421 23.19  52.478723  66.205118 15.366
 18     6.988 52859.71597120 28.07  52.527112  66.162222 17.981
 18     6.713 52859.71597185 24.79  52.523872  66.165312 17.981
 18     6.561 52859.71597249 21.37  52.520642  66.168392 17.981
 18     6.610 52859.71597442 26.94  52.510932  66.177652 17.981
 18     6.600 52859.71597507 25.42  52.507692  66.180732 17.981
 18     6.614 52859.71597571 26.77  52.504452  66.183822 17.981
 18     6.662 52859.71597636 24.49  52.501212  66.186902 17.981
 18     8.621 52859.71597700 22.46  52.497972  66.189992 17.981
 18     8.725 52859.71597765 21.61  52.494732  66.193072 17.981
 18     6.490 52859.71597829 22.22  52.491492  66.196152 17.981
 18    11.377 52859.71597894 23.28  52.488252  66.199242 17.981
 18    11.732 52859.71597958 22.02  52.485012  66.202322 17.981
 18    12.224 52859.71598023 19.83  52.481772  66.205412 17.981
 18    11.764 52859.71598087 22.33  52.478522  66.208492 17.981
 19     9.036 52894.71600704 19.54  52.506989  66.186427 23.581
 19    10.141 52894.71600769 19.70  52.503749  66.189507 23.581
 19    11.308 52894.71600833 17.80  52.500509  66.192597 23.581
 19    13.697 52894.71600898 18.03  52.497269  66.195677 23.581
 19    12.219 52894.71600962 17.86  52.494029  66.198767 23.581
 19    12.550 52894.71601027 18.88  52.490789  66.201847 23.581
 19    12.568 52894.71601091 20.55  52.487549  66.204927 23.581
 19    12.484 52894.71601155 20.75  52.484309  66.208017 23.581
 19    11.862 52894.71601220 22.91  52.481069  66.211097 23.581
 20     8.780 52929.71596020 22.32  52.499845  66.205999 16.319
 20     8.851 52929.71596084 24.98  52.496605  66.209089 16.319
 20     8.680 52929.71596149 25.94  52.493365  66.212169 16.319
 21     7.220 52964.71593913 30.91  52.526704  66.159320 22.501
 21     7.254 52964.71593978 32.55  52.523474  66.162400 22.501
 21     7.229 52964.71594042 33.21  52.520234  66.165490 22.501
 21     7.230 52964.71594106 34.08  52.517004  66.168570 22.501
 21     7.403 52964.71594171 39.91  52.513764  66.171650 22.501
 21     7.309 52964.71594235 39.62  52.510524  66.174740 22.501
 21     7.237 52964.71594300 35.68  52.507294  66.177820 22.501
 21     7.381 52964.71594364 36.49  52.504054  66.180910 22.501
 21     7.244 52964.71594429 33.46  52.500814  66.183990 22.501
 21     7.421 52964.71594493 35.98  52.497574  66.187080 22.501
 21     7.376 52964.71594558 31.36  52.494334  66.190160 22.501
 21     7.322 52964.71594622 31.57  52.491094  66.193240 22.501
 21     7.269 52964.71594687 29.03  52.487854  66.196330 22.501
 21     7.163 52964.71594751 26.13  52.484614  66.199410 22.501
 21     7.342 52964.71594816 25.23  52.481364  66.202500 22.501
 21     7.420 52964.71594880 28.11  52.478124  66.205580 22.501
 22     7.178 52999.71597621 14.46  52.523363  66.166860  5.234
 22     8.635 52999.71597879 14.33  52.510423  66.179200  5.234
 22     8.714 52999.71597944 14.49  52.507193  66.182290  5.234
 22    11.313 52999.71598008 13.84  52.503953  66.185370  5.234
 22     9.079 52999.71598073 15.32  52.500713  66.188460  5.234
 22     9.248 52999.71598137 14.51  52.497473  66.191540  5.234
 22     9.586 52999.71598201 14.83  52.494233  66.194620  5.234
 22     9.837 52999.71598266 14.68  52.490993  66.197710  5.234
 22     7.227 52999.71598330 15.94  52.487753  66.200790  5.234
 22     9.201 52999.71598395 16.07  52.484513  66.203880  5.234
 22     7.068 52999.71598459 30.13  52.481273  66.206960  5.234
 23     9.273 53034.71593399 15.38  52.498913  66.205263  3.371
 23     9.587 53034.71593464 15.55  52.495673  66.208343  3.371
 23     9.617 53034.71593528 15.26  52.492433  66.211423  3.371
 24    11.282 53069.71594804 12.64  52.505955  66.186916  3.126
 24    11.184 53069.71594869 12.76  52.502715  66.190006  3.126
 24    11.564 53069.71594933 13.11  52.499475  66.193086  3.126
 24    11.952 53069.71594998 13.02  52.496235  66.196166  3.126
 24    11.245 53069.71595062 13.86  52.492995  66.199256  3.126
 24    10.912 53069.71595127 14.32  52.489755  66.202336  3.126
 24    10.887 53069.71595191 14.37  52.486505  66.205426  3.126
 24    10.849 53069.71595256 14.09  52.483265  66.208506  3.126
 25    13.883 53104.71593563 13.56  52.501927  66.205743  2.455
 25    14.204 53104.71593627 14.12  52.498687  66.208823  2.455
 25    16.157 53104.71593692 13.25  52.495447  66.211903  2.455
 25    17.355 53104.71593756 13.24  52.492204  66.214991  2.324
 26     8.368 53139.71594923 28.04  52.525606  66.164343 20.053
 26     8.290 53139.71594987 25.50  52.522366  66.167423 20.053
 26     8.255 53139.71595181 22.43  52.512666  66.176683 20.053
 26     8.183 53139.71595245 21.64  52.509426  66.179763 20.053
 26     8.162 53139.71595310 24.37  52.506186  66.182853 20.053
 26     8.121 53139.71595374 23.95  52.502946  66.185933 20.053
 26     8.092 53139.71595439 21.54  52.499716  66.189023 20.053
 26     8.043 53139.71595503 21.67  52.496476  66.192103 20.053
 26     7.988 53139.71595568 22.90  52.493236  66.195183 20.053
 26     8.236 53139.71595632 20.20  52.489986  66.198273 20.053
 26     8.227 53139.71595696 20.66  52.486746  66.201353 20.053
 26     8.228 53139.71595761 22.26  52.483506  66.204443 20.053
 26     7.988 53139.71595825 21.36  52.480266  66.207523 20.053
 27    13.546 53174.71598848 48.44  52.512186  66.178854 40.682
 27    13.552 53174.71598913 47.98  52.508946  66.181934 40.682
 27    13.564 53174.71598977 48.43  52.505706  66.185024 40.682
 27    13.544 53174.71599042 49.69  52.502476  66.188104 40.682
 27    13.478 53174.71599106 49.68  52.499236  66.191194 40.682
 27    13.489 53174.71599170 49.04  52.495996  66.194274 40.682
 27    13.463 53174.71599235 49.46  52.492756  66.197354 40.682
 27    13.465 53174.71599299 50.68  52.489516  66.200444 40.682
 27    13.434 53174.71599364 51.22  52.486266  66.203524 40.682
 27    13.404 53174.71599428 49.35  52.483026  66.206614 40.682
 27    13.398 53174.71599493 49.66  52.479786  66.209694 40.682
 28    11.291 53209.71600776 18.66  52.506070  66.188419 11.603
 28     9.207 53209.71600905 18.75  52.499590  66.194589 11.603
 28    10.563 53209.71600970 19.69  52.496350  66.197679 11.603
 28     7.568 53209.71601034 21.28  52.493110  66.200759 11.603
 28     6.822 53209.71601099 23.76  52.489870  66.203839 11.603
 28    11.339 53209.71601163 22.89  52.486630  66.206929 11.603
 28    11.318 53209.71601228 22.72  52.483380  66.210009 11.603
 29     6.167 53244.71597821 35.75  52.499571  66.202151 28.259
 29     5.839 53244.71597885 37.73  52.496331  66.205231 28.259
 29     5.928 53244.71597950 33.12  52.493091  66.208321 28.259
 29     6.211 53244.71598014 45.20  52.489851  66.211401 28.259
 30    11.798 53279.71595012 19.62  52.523450  66.156263  9.433
 30     8.233 53279.71595077 20.16  52.520210  66.159343  9.433
 30     8.156 53279.71595141 18.45  52.516980  66.162433  9.433
 30     8.149 53279.71595205 17.25  52.513750  66.165513  9.433
 30     8.933 53279.71595270 16.04  52.510510  66.168603  9.433
 30     9.809 53279.71595334 15.58  52.507270  66.171683  9.433
 30    10.677 53279.71595399 17.05  52.504040  66.174773  9.433
 30    13.196 53279.71595463 16.25  52.500800  66.177853  9.433
 30    11.831 53279.71595528 19.99  52.497560  66.180943  9.433
 30    12.288 53279.71595592 20.47  52.494320  66.184023  9.433
 30    12.487 53279.71595657 17.70  52.491080  66.187113  9.433
 30    12.574 53279.71595721 17.66  52.487840  66.190193  9.433
 30     8.595 53279.71595786 22.65  52.484600  66.193273  9.433
 30    10.532 53279.71595850 23.14  52.481360  66.196363  9.433
 30    11.736 53279.71595915 21.92  52.478120  66.199443  9.433
 31     6.994 53314.71597508 43.44  52.511768  66.179100 38.489
 31     6.948 53314.71597573 48.02  52.508528  66.182180 38.489
 31     6.930 53314.71597637 47.28  52.505288  66.185270 38.489
 31     6.922 53314.71597702 46.72  52.502058  66.188350 38.489
 31     6.923 53314.71597766 48.60  52.498818  66.191440 38.489
 31     6.931 53314.71597830 50.48  52.495578  66.194520 38.489
 31     6.946 53314.71597895 50.60  52.492338  66.197600 38.489
 31     7.004 53314.71597959 43.88  52.489088  66.200690 38.489
 31     6.900 53314.71598024 36.31  52.485848  66.203770 38.489
 31     7.026 53314.71598088 40.43  52.482608  66.206860 38.489
 31     7.034 53314.71598153 43.72  52.479368  66.209940 38.489
 32     9.055 53349.71594528 21.20  52.499468  66.202170  5.810
 32     9.506 53349.71594592 21.16  52.496228  66.205250  5.810
 32     9.597 53349.71594657 20.76  52.492988  66.208340  5.810
 32     9.305 53349.71594721 21.93  52.489738  66.211420  5.810
 33     9.460 53384.71591330 18.56  52.525268  66.157287  4.608
 33     9.753 53384.71591395 16.15  52.522028  66.160377  4.608
 33     8.887 53384.71591459 16.15  52.518798  66.163457  4.608
 33     6.936 53384.71591524 16.47  52.515568  66.166537  4.608
 33     7.496 53384.71591588 16.17  52.512328  66.169627  4.608
 33     6.968 53384.71591653 16.64  52.509088  66.172707  4.608
 33     6.924 53384.71591717 17.33  52.505858  66.175797  4.608
 33     7.151 53384.71591781 17.82  52.502618  66.178877  4.608
 33    11.803 53384.71591846 15.64  52.499378  66.181967  4.608
 33    12.046 53384.71591910 16.44  52.496138  66.185047  4.608
 33     9.746 53384.71591975 17.34  52.492898  66.188137  4.608
 33    10.236 53384.71592039 16.47  52.489658  66.191217  4.608
 33    11.423 53384.71592104 15.21  52.486418  66.194297  4.608
 33    11.482 53384.71592168 15.86  52.483178  66.197387  4.608
 33    11.475 53384.71592233 16.09  52.479938  66.200467  4.608
 34     9.027 53419.71592783 15.86  52.499971  66.202611  3.499
 34     9.172 53419.71592848 15.65  52.496731  66.205701  3.499
 34     9.154 53419.71592912 15.70  52.493491  66.208781  3.499
 34     9.222 53419.71592977 15.72  52.490251  66.211871  3.499
 35     8.812 53454.71592483 13.37  52.523827  66.157476  3.938
 35     6.337 53454.71592548 20.81  52.520597  66.160566  3.938
 35     6.196 53454.71592612 20.57  52.517357  66.163646  3.938
 35     6.814 53454.71592677 15.32  52.514127  66.166726  3.938
 35     6.839 53454.71592741 13.06  52.510887  66.169816  3.938
 35    10.437 53454.71592805 12.57  52.507657  66.172896  3.938
 35    11.283 53454.71592870 12.34  52.504417  66.175986  3.938
 35    11.295 53454.71592934 12.45  52.501177  66.179066  3.938
 35    12.541 53454.71592999 11.54  52.497937  66.182156  3.938
 35    12.363 53454.71593063 12.14  52.494697  66.185236  3.938
 35    11.894 53454.71593128 12.86  52.491457  66.188316  3.938
 35    11.474 53454.71593192 12.89  52.488217  66.191406  3.938
 35    11.228 53454.71593257 12.82  52.484977  66.194486  3.938
 35    11.591 53454.71593321 13.89  52.481737  66.197576  3.938
 35    11.725 53454.71593386 13.21  52.478487  66.200656  3.938
 36     6.530 53489.71601077 24.58  52.524202  66.161265  9.733
 36     6.467 53489.71601141 21.43  52.520972  66.164355  9.733
 36     6.095 53489.71601206 17.70  52.517732  66.167435  9.733
 36     6.107 53489.71601270  9.12  52.514502  66.170525  9.733
 36     6.519 53489.71601335  9.19  52.511262  66.173605  9.733
 36     8.340 53489.71601399  7.71  52.508032  66.176695  9.733
 36    12.799 53489.71601464  5.44  52.504792  66.179775  9.733
 36    13.148 53489.71601528  5.38  52.501552  66.182865  9.733
 36    13.025 53489.71601593  5.37  52.498322  66.185945  9.733
 36    13.227 53489.71601657  5.93  52.495082  66.189035  9.733
 36    14.137 53489.71601722  5.07  52.491842  66.192115  9.733
 36    12.727 53489.71601786  5.42  52.488602  66.195195  9.733
 36    12.309 53489.71601851  6.72  52.485362  66.198285  9.733
 36    12.899 53489.71601915  6.62  52.482122  66.201365  9.733
 36    12.592 53489.71601979  7.47  52.478882  66.204455  9.733
 37    14.558 53524.71600407 28.20  52.497760  66.198956 25.730
 37    14.418 53524.71600472 28.62  52.494510  66.202046 25.730
 37    14.380 53524.71600536 29.18  52.491270  66.205126 25.730
 37    14.360 53524.71600601 29.52  52.488030  66.208216 25.730
 37    14.362 53524.71600665 31.60  52.484790  66.211296 25.730
 38    10.641 53559.71602706 16.11  52.512902  66.178778 11.896
 38    11.235 53559.71602771 17.01  52.509662  66.181858 11.896
 38    11.756 53559.71602835 17.42  52.506432  66.184948 11.896
 38    11.827 53559.71602900 17.19  52.503192  66.188028 11.896
 38    11.572 53559.71602964 16.75  52.499952  66.191118 11.896
 38    12.244 53559.71603029 16.26  52.496712  66.194198 11.896
 38    12.535 53559.71603093 17.22  52.493472  66.197278 11.896
 38    12.621 53559.71603158 18.52  52.490232  66.200368 11.896
 38    12.824 53559.71603222 18.69  52.486992  66.203448 11.896
 38    12.482 53559.71603287 19.77  52.483752  66.206538 11.896
 38    12.636 53559.71603351 20.40  52.480512  66.209618 11.896
 39     6.263 53594.71597069 27.86  52.501509  66.208832 20.497
 39     6.980 53594.71597134 26.59  52.498269  66.211912 20.497
 39     6.664 53594.71597198 32.70  52.495026  66.214998 30.033
 40     7.475 53629.71595181 42.43  52.525161  66.146812 17.295
 40     7.426 53629.71595246 34.86  52.521931  66.149892 17.295
 40     7.280 53629.71595310 28.53  52.518691  66.152982 17.295
 40     6.997 53629.71595375 24.88  52.515461  66.156062 17.295
 40     6.388 53629.71595439 25.20  52.512231  66.159152 17.295
 40     6.069 53629.71595504 22.60  52.508991  66.162232 17.295
 40     6.317 53629.71595568 20.05  52.505761  66.165312 17.295
 40     8.539 53629.71595633 17.15  52.502521  66.168402 17.295
 40    11.473 53629.71595697 17.89  52.499291  66.171482 17.295
 40     6.640 53629.71595761 20.86  52.496051  66.174572 17.295
 40    14.220 53629.71595826 18.02  52.492811  66.177652 17.295
 40    12.656 53629.71595890 26.60  52.489571  66.180742 17.295
 40    13.728 53629.71595955 20.83  52.486331  66.183822 17.295
 40    12.138 53629.71596019 23.85  52.483091  66.186902 17.295
 40    10.898 53629.71596084 23.24  52.479851  66.189992 17.295
 41     8.135 53664.71597916 22.01  52.522957  66.166587 11.186
 41     9.569 53664.71597981 19.13  52.519717  66.169667 11.186
 41     7.691 53664.71598110 22.31  52.513247  66.175837 11.186
 41    11.158 53664.71598174 21.24  52.510017  66.178927 11.186
 41    11.355 53664.71598238 21.28  52.506777  66.182007 11.186
 41    11.418 53664.71598303 22.95  52.503547  66.185097 11.186
 41    11.384 53664.71598367 22.03  52.500307  66.188177 11.186
 41    11.394 53664.71598432 20.47  52.497067  66.191267 11.186
 41    11.228 53664.71598496 19.62  52.493827  66.194347 11.186
 41    11.111 53664.71598561 19.46  52.490587  66.197427 11.186
 41    11.367 53664.71598625 20.71  52.487347  66.200517 11.186
 41    11.569 53664.71598690 20.72  52.484107  66.203597 11.186
 41    11.641 53664.71598754 20.41  52.480857  66.206687 11.186
 42     8.987 53699.71594263 44.82  52.499538  66.202479 38.526
 42     8.763 53699.71594327 43.74  52.496298  66.205559 38.526
 42     8.733 53699.71594392 43.73  52.493058  66.208649 38.526
 42     8.835 53699.71594456 48.47  52.489818  66.211729 38.526
 43     7.523 53734.71586624 27.80  52.504074  66.210980  8.145
 43     7.745 53734.71586689 28.18  52.500824  66.214060  8.145
 43     7.820 53734.71586753 28.36  52.497588  66.217147  9.323
 43     8.056 53734.71586818 28.53  52.494348  66.220237  9.323
 44     9.259 53769.71584975 14.78  52.498886  66.196323  4.148
 44     9.303 53769.71585040 15.37  52.495646  66.199403  4.148
 44     7.440 53769.71585104 16.32  52.492406  66.202493  4.148
 44     7.117 53769.71585169 17.58  52.489166  66.205573  4.148
 44     8.891 53769.71585233 17.15  52.485916  66.208663  4.148
 44     9.723 53769.71585298 16.14  52.482676  66.211743  4.148
 45     8.228 53804.71584635 17.97  52.501148  66.207359  4.046
 45     9.317 53804.71584700 17.51  52.497908  66.210449  4.046
 45    10.236 53804.71584764 16.50  52.494668  66.213529  4.046
 48    11.412 53909.71594932 52.16  52.525051  66.160571 46.211
 48    11.501 53909.71594997 50.12  52.521811  66.163651 46.211
 48    11.379 53909.71595061 50.08  52.518581  66.166741 46.211
 48    11.512 53909.71595126 49.93  52.515351  66.169821 46.211
 48    11.388 53909.71595190 52.52  52.512111  66.172911 46.211
 48    11.421 53909.71595255 50.54  52.508881  66.175991 46.211
 48    11.442 53909.71595319 50.75  52.505641  66.179081 46.211
 48    11.339 53909.71595384 52.79  52.502401  66.182161 46.211
 48    11.239 53909.71595448 53.92  52.499161  66.185251 46.211
 48    11.285 53909.71595513 52.72  52.495931  66.188331 46.211
 48    11.367 53909.71595577 48.73  52.492691  66.191421 46.211
 48    11.322 53909.71595642 50.49  52.489451  66.194501 46.211
 48    11.275 53909.71595706 50.90  52.486211  66.197581 46.211
 48    11.218 53909.71595771 49.28  52.482961  66.200671 46.211
 48    11.171 53909.71595835 47.43  52.479721  66.203751 46.211
 49    12.812 53944.71597103 22.72  52.526907  66.161918  8.918
 49     7.690 53944.71597167 21.46  52.523677  66.164998  8.918
 49     7.561 53944.71597232 19.30  52.520447  66.168088  8.918
 49     7.409 53944.71597296 18.01  52.517207  66.171168  8.918
 49     8.906 53944.71597425 18.03  52.510737  66.177338  8.918
 49     9.298 53944.71597489 16.52  52.507507  66.180428  8.918
 49    12.053 53944.71597554 17.31  52.504267  66.183508  8.918
 49    12.219 53944.71597618 16.40  52.501037  66.186598  8.918
 49    11.911 53944.71597683 16.36  52.497797  66.189678  8.918
 49    11.494 53944.71597747 16.99  52.494557  66.192768  8.918
 49    11.703 53944.71597812 16.85  52.491317  66.195848  8.918
 49    11.782 53944.71597876 17.58  52.488077  66.198928  8.918
 49    11.749 53944.71597941 19.40  52.484837  66.202018  8.918
 49    11.955 53944.71598005 20.03  52.481597  66.205098  8.918
 49    12.028 53944.71598070 21.10  52.478347  66.208188  8.918
 50     6.702 53979.71592714 29.50  52.501048  66.202180 22.345
 50     6.678 53979.71592779 29.35  52.497808  66.205270 22.345
 50     6.517 53979.71592843 29.50  52.494568  66.208350 22.345
 50     6.600 53979.71592908 26.60  52.491328  66.211440 22.345
 51     8.949 54014.71593447 47.62  52.524036  66.157409 21.740
 51     9.129 54014.71593511 42.31  52.520806  66.160489 21.740
 51     8.756 54014.71593576 34.36  52.517566  66.163579 21.740
 51     8.346 54014.71593640 28.30  52.514336  66.166659 21.740
 51     8.484 54014.71593705 27.99  52.511096  66.169739 21.740
 51     8.390 54014.71593769 27.85  52.507856  66.172829 21.740
 51     8.449 54014.71593834 24.64  52.504626  66.175909 21.740
 51     8.612 54014.71593898 26.60  52.501386  66.178999 21.740
 51     8.644 54014.71593963 34.68  52.498146  66.182079 21.740
 51     8.855 54014.71594027 35.12  52.494906  66.185169 21.740
 51     8.971 54014.71594092 25.45  52.491666  66.188249 21.740
 51    10.718 54014.71594156 21.21  52.488426  66.191329 21.740
 51    11.666 54014.71594220 18.22  52.485186  66.194419 21.740
 51    11.737 54014.71594285 20.02  52.481946  66.197499 21.740
 51    11.370 54014.71594349 22.20  52.478696  66.200589 21.740
 52     9.097 54049.71594699 22.20  52.498178  66.201537 17.968
 52     9.213 54049.71594764 21.57  52.494938  66.204627 17.968
 52     9.294 54049.71594828 22.37  52.491698  66.207707 17.968
 52     9.285 54049.71594893 24.76  52.488458  66.210797 17.968
 54     8.698 54119.71586868 18.13  52.504233  66.210135  4.759
 54     9.325 54119.71586933 17.66  52.500993  66.213215  4.759
 54     9.959 54119.71586997 17.00  52.497743  66.216305  4.759
 54    10.743 54119.71587062 17.10  52.494507  66.219384  6.030
 55    10.747 54154.71589304 11.38  52.507400  66.186605  2.794
 55    10.830 54154.71589368 11.26  52.504160  66.189695  2.794
 55    10.167 54154.71589433 11.82  52.500920  66.192775  2.794
 55     9.806 54154.71589497 12.28  52.497680  66.195865  2.794
 55     9.789 54154.71589562 12.05  52.494440  66.198945  2.794
 55     9.506 54154.71589626 13.51  52.491200  66.202025  2.794
 55    10.520 54154.71589690 12.52  52.487960  66.205115  2.794
 55    10.100 54154.71589755 12.62  52.484720  66.208195  2.794
 55    10.177 54154.71589819 11.95  52.481480  66.211285  2.794
 56     7.231 54189.71586386  7.55  52.503688  66.205541 13.676
 56     8.247 54189.71586450  8.36  52.500448  66.208621 13.676
 56     6.024 54189.71586514 10.01  52.497208  66.211701 13.676
 56     5.662 54189.71586579 14.22  52.493969  66.214788 13.052
 57    12.214 54224.71589946 35.04  52.525419  66.164937 26.326
 57    12.154 54224.71590010 34.34  52.522179  66.168017 26.326
 57    11.479 54224.71590203 25.17  52.512479  66.177277 26.326
 57    11.527 54224.71590268 26.97  52.509239  66.180357 26.326
 57    11.785 54224.71590332 27.77  52.505999  66.183447 26.326
 57    11.870 54224.71590397 30.04  52.502769  66.186527 26.326
 57    11.852 54224.71590461 28.55  52.499529  66.189617 26.326
 57    11.807 54224.71590526 29.70  52.496289  66.192697 26.326
 57    11.606 54224.71590590 29.57  52.493049  66.195777 26.326
 57    11.632 54224.71590655 26.93  52.489809  66.198867 26.326
 57    11.636 54224.71590719 27.98  52.486559  66.201947 26.326
 57    11.798 54224.71590784 24.37  52.483319  66.205037 26.326
 57    11.603 54224.71590848 24.03  52.480079  66.208117 26.326
 58    13.744 54259.71592481 28.46  52.507096  66.187427 21.150
 58    13.421 54259.71592610 26.23  52.500626  66.193597 21.150
 58    13.233 54259.71592674 26.31  52.497386  66.196677 21.150
 58    13.252 54259.71592739 25.98  52.494146  66.199757 21.150
 58    13.231 54259.71592803 25.66  52.490896  66.202847 21.150
 58    13.238 54259.71592868 25.75  52.487656  66.205927 21.150
 58    13.327 54259.71592932 27.37  52.484416  66.209017 21.150
 59    10.385 54294.71592955 21.72  52.501207  66.193980 16.796
 59    10.643 54294.71593020 20.30  52.497967  66.197060 16.796
 59    11.774 54294.71593084 19.84  52.494727  66.200150 16.796
 59    12.130 54294.71593148 18.90  52.491487  66.203230 16.796
 59    12.067 54294.71593213 20.18  52.488237  66.206320 16.796
 59    11.964 54294.71593277 21.22  52.484997  66.209400 16.796
 60     7.464 54329.71592434 26.85  52.500809  66.201424 15.725
 60     7.347 54329.71592498 27.97  52.497569  66.204514 15.725
 60     7.338 54329.71592563 28.81  52.494329  66.207594 15.725
 60     7.329 54329.71592627 30.31  52.491089  66.210674 15.725
 61     9.048 54364.71587088 33.37  52.503211  66.206693 19.529
 61     9.048 54364.71587152 31.86  52.499971  66.209773 19.529
 61     9.119 54364.71587217 33.12  52.496731  66.212863 19.529
 61     9.155 54364.71587281 48.19  52.493491  66.215943 19.529
 62    12.210 54399.71586400 20.28  52.501270  66.194062 11.010
 62     9.510 54399.71586464 20.49  52.498030  66.197142 11.010
 62    11.317 54399.71586529 20.55  52.494790  66.200222 11.010
 62    13.141 54399.71586593 20.45  52.491540  66.203312 11.010
 62    13.011 54399.71586658 20.87  52.488300  66.206392 11.010
 62    12.798 54399.71586722 21.78  52.485060  66.209482 11.010
 63     8.730 54434.71582344 24.89  52.502044  66.204564  9.316
 63     8.903 54434.71582408 24.41  52.498804  66.207644  9.316
 63     8.678 54434.71582473 24.82  52.495564  66.210734  9.316
 63     8.712 54434.71582537 26.10  52.492324  66.213814  9.316
 64     7.866 54469.71584146 14.55  52.525471  66.165193  3.908
 64     7.806 54469.71584210 15.50  52.522231  66.168283  3.908
 64    10.588 54469.71584403 13.75  52.512531  66.177533  3.908
 64    10.957 54469.71584468 14.63  52.509291  66.180623  3.908
 64    11.012 54469.71584532 14.92  52.506051  66.183703  3.908
 64    11.202 54469.71584597 14.06  52.502811  66.186793  3.908
 64    11.126 54469.71584661 14.14  52.499571  66.189873  3.908
 64    10.815 54469.71584726 14.58  52.496331  66.192953  3.908
 64    10.875 54469.71584790 14.63  52.493091  66.196043  3.908
 64    10.999 54469.71584855 14.75  52.489851  66.199123  3.908
 64    11.230 54469.71584919 15.36  52.486611  66.202213  3.908
 64    11.235 54469.71584984 15.39  52.483371  66.205293  3.908
 64    11.068 54469.71585048 15.75  52.480121  66.208373  3.908
 65     9.462 54504.71583807 14.44  52.500118  66.205690  3.099
 65     9.278 54504.71583872 14.33  52.496878  66.208780  3.099
 65     9.441 54504.71583936 14.17  52.493638  66.211860  3.099
 65    10.018 54504.71584001 14.17  52.490397  66.214945  3.203
 66    11.445 54539.71586364 13.21  52.497285  66.200043  2.737
 66    10.568 54539.71586428 13.57  52.494045  66.203123  2.737
 66    12.067 54539.71586493 13.46  52.490798  66.206207  3.397
 66    10.439 54539.71586557 13.27  52.487558  66.209297  3.397
 66    13.089 54539.71586622 12.94  52.484318  66.212377  3.397
 67     6.639 54574.71583900 20.40  52.501947  66.206085 20.223
 67     6.447 54574.71583964 22.42  52.498708  66.209164 19.236
 67     6.410 54574.71584029 23.09  52.495458  66.212254 19.236
 67     6.595 54574.71584093 21.66  52.492218  66.215334 19.236
 68    11.616 54609.71585517 30.73  52.500497  66.194779 30.605
 68    11.742 54609.71585582 29.26  52.497257  66.197859 30.605
 68    11.640 54609.71585646 29.20  52.494017  66.200949 30.605
 68    11.487 54609.71585711 29.82  52.490767  66.204029 30.605
 68    11.433 54609.71585775 31.30  52.487531  66.207114 25.467
 68    11.423 54609.71585840 31.93  52.484281  66.210204 25.467
 69    13.382 54644.71586335 34.92  52.498742  66.197142 20.528
 69    13.334 54644.71586400 33.18  52.495502  66.200232 20.528
 69    13.336 54644.71586464 31.89  52.492262  66.203312 20.528
 69    13.256 54644.71586529 32.70  52.489024  66.206396 22.373
 69    13.232 54644.71586593 31.50  52.485774  66.209486 22.373
 70     6.843 54679.71586436 49.42  52.500988  66.194508 41.117
 70     6.789 54679.71586500 49.34  52.497748  66.197588 41.117
 70     6.803 54679.71586565 48.14  52.494508  66.200678 41.117
 70     6.848 54679.71586629 41.16  52.491268  66.203758 41.117
 70     6.809 54679.71586693 35.64  52.488027  66.206843 24.387
 70     6.807 54679.71586758 44.11  52.484777  66.209933 24.387
 71     8.311 54714.71581762 33.92  52.504207  66.206532 29.618
 71     8.286 54714.71581827 32.02  52.500961  66.209613 30.141
 71     8.270 54714.71581891 32.96  52.497721  66.212693 30.141
 71     8.482 54714.71581956 41.31  52.494481  66.215783 30.141
 72     9.353 54749.71582790 46.69  52.528417  66.162203 38.754
 72     9.316 54749.71582855 48.23  52.525187  66.165293 38.754
 72     9.278 54749.71582919 46.11  52.521947  66.168373 38.754
 72     9.263 54749.71583113 47.57  52.512247  66.177633 38.754
 72     9.269 54749.71583177 52.73  52.509007  66.180713 38.754
 72     9.236 54749.71583242 48.32  52.505767  66.183803 38.754
 72     8.908 54749.71583306 35.99  52.502527  66.186883 38.754
 72     8.750 54749.71583370 33.28  52.499287  66.189963 38.754
 72     8.572 54749.71583435 29.94  52.496047  66.193053 38.754
 72     8.583 54749.71583499 24.98  52.492817  66.196133 38.754
 72     8.908 54749.71583564 21.71  52.489567  66.199223 38.754
 72    10.600 54749.71583628 22.88  52.486327  66.202303 38.754
 72    10.959 54749.71583693 21.69  52.483085  66.205385 22.600
 72    11.094 54749.71583757 21.93  52.479845  66.208475 22.600
 73     8.722 54784.71580545 45.69  52.498750  66.204031 34.574
 73     8.723 54784.71580610 43.63  52.495508  66.207116 23.280
 73     8.679 54784.71580674 43.24  52.492268  66.210206 23.280
 73     8.666 54784.71580739 46.38  52.489018  66.213286 23.280
 74     8.860 54819.71582444 16.28  52.510150  66.180545  5.881
 74    10.981 54819.71582508 15.94  52.506910  66.183635  5.881
 74     8.990 54819.71582573 16.60  52.503670  66.186715  5.881
 74     8.887 54819.71582637 16.64  52.500430  66.189795  5.881
 74     9.092 54819.71582702 15.95  52.497190  66.192885  5.881
 74    10.171 54819.71582766 15.43  52.493960  66.195965  5.881
 74     9.253 54819.71582831 15.86  52.490710  66.199055  5.881
 74     9.126 54819.71582895 16.06  52.487470  66.202135  5.881
 74    11.087 54819.71582960 15.40  52.484228  66.205217  8.388
 74    10.798 54819.71583024 15.35  52.480988  66.208307  8.388
 75     9.239 54854.71580176 15.53  52.500900  66.202036  3.006
 75     9.566 54854.71580241 15.35  52.497660  66.205116  3.006
 75     9.617 54854.71580305 15.05  52.494420  66.208203  3.110
 75     9.627 54854.71580370 14.70  52.491180  66.211293  3.110
 76    10.048 54889.71583151 13.55  52.500835  66.194169  3.081
 76     9.679 54889.71583216 14.64  52.497595  66.197249  3.081
 76     9.823 54889.71583280 14.96  52.494355  66.200339  3.081
 76    10.630 54889.71583345 14.89  52.491115  66.203419  3.081
 76    10.156 54889.71583409 15.12  52.487869  66.206503  3.253
 76    10.241 54889.71583474 14.35  52.484629  66.209593  3.253
 77     9.405 54924.71580221 14.74  52.500969  66.208255  6.454
 77    12.154 54924.71580286 12.84  52.497729  66.211335  6.454
 77    12.808 54924.71580350 13.12  52.494489  66.214425  6.454
 78     6.952 54959.71582381 31.91  52.523872  66.166133 31.831
 78     6.893 54959.71582446 25.89  52.520632  66.169213 31.831
 78     7.003 54959.71582639 26.74  52.510932  66.178473 31.831
 78     7.158 54959.71582704 28.62  52.507692  66.181553 31.831
 78     7.278 54959.71582768 33.18  52.504452  66.184643 31.831
 78     7.222 54959.71582833 33.68  52.501212  66.187723 31.831
 78     7.079 54959.71582897 29.69  52.497972  66.190813 31.831
 78     6.966 54959.71582962 27.47  52.494732  66.193893 31.831
 78     6.824 54959.71583026 25.18  52.491492  66.196973 31.831
 78     6.975 54959.71583090 26.21  52.488252  66.200063 31.831
 78     7.006 54959.71583155 27.90  52.485012  66.203143 31.831
 78     7.004 54959.71583219 30.50  52.481765  66.206227 16.048
 78     6.944 54959.71583284 29.02  52.478525  66.209317 16.048
 79    14.872 54994.71584999 49.53  52.506066  66.187627 40.498
 79    14.870 54994.71585064 50.02  52.502826  66.190707 40.498
 79    14.830 54994.71585128 49.28  52.499586  66.193797 40.498
 79    14.803 54994.71585193 49.16  52.496346  66.196877 40.498
 79    14.756 54994.71585257 48.78  52.493106  66.199967 40.498
 79    14.746 54994.71585322 47.94  52.489866  66.203047 40.498
 79    14.718 54994.71585386 48.39  52.486617  66.206132 28.079
 79    14.658 54994.71585450 47.00  52.483377  66.209222 28.079
 80    13.238 55029.71584240 17.39  52.496844  66.200176 16.751
 80    13.490 55029.71584304 18.14  52.493604  66.203256 16.751
 80    13.700 55029.71584369 17.81  52.490361  66.206341 19.955
 80    13.529 55029.71584433 18.04  52.487121  66.209431 19.955
 81     6.174 55064.71583387 42.09  52.497507  66.201986 35.006
 81     6.171 55064.71583451 39.62  52.494267  66.205066 35.006
 81     6.117 55064.71583516 44.63  52.491028  66.208153 31.045
 81     6.078 55064.71583580 40.73  52.487778  66.211243 31.045
 82     8.862 55099.71577844 19.99  52.503740  66.207042 26.375
 82     7.321 55099.71577908 21.42  52.500500  66.210123 31.935
 82     7.180 55099.71577972 24.39  52.497260  66.213203 31.935
 82     7.179 55099.71578037 27.20  52.494020  66.216293 31.935
 83     7.398 55134.71577417 43.83  52.510880  66.180326 33.131
 83     7.331 55134.71577481 40.61  52.507640  66.183416 33.131
 83     7.266 55134.71577546 43.16  52.504410  66.186496 33.131
 83     7.288 55134.71577610 40.39  52.501170  66.189576 33.131
 83     7.251 55134.71577675 39.37  52.497930  66.192666 33.131
 83     7.257 55134.71577739 37.04  52.494690  66.195746 33.131
 83     7.239 55134.71577804 38.22  52.491450  66.198836 33.131
 83     7.225 55134.71577868 40.77  52.488210  66.201916 33.131
 83     7.217 55134.71577933 46.40  52.484964  66.204997 25.263
 83     7.267 55134.71577997 49.55  52.481724  66.208087 25.263
 84     7.496 55169.71574272 25.30  52.501053  66.204288  7.227
 84     7.624 55169.71574336 24.13  52.497805  66.207375  8.428
 84     7.512 55169.71574401 22.96  52.494565  66.210465  8.428
 84     9.422 55169.71574465 22.28  52.491325  66.213545  8.428
 85     8.015 55204.71576690 15.60  52.512600  66.178366  4.002
 85     8.532 55204.71576754 15.60  52.509360  66.181446  4.002
 85     8.934 55204.71576819 15.24  52.506120  66.184536  4.002
 85     9.011 55204.71576883 15.05  52.502880  66.187616  4.002
 85     8.973 55204.71576948 15.41  52.499640  66.190696  4.002
 85     9.556 55204.71577012 16.14  52.496400  66.193786  4.002
 85     9.368 55204.71577077 16.12  52.493160  66.196866  4.002
 85     8.063 55204.71577141 17.79  52.489920  66.199956  4.002
 85     9.455 55204.71577206 16.10  52.486680  66.203036  4.002
 85    10.185 55204.71577270 16.02  52.483436  66.206118  3.364
 85     9.944 55204.71577334 15.75  52.480196  66.209208  3.364
 86     8.770 55239.71574948 18.25  52.500352  66.205216  3.707
 86     8.907 55239.71575012 17.23  52.497115  66.208304  5.156
 86     9.616 55239.71575077 17.09  52.493865  66.211394  5.156
 86    10.170 55239.71575141 16.60  52.490625  66.214474  5.156
 87     9.188 55274.71576508 16.15  52.498150  66.200046  3.651
 87     9.345 55274.71576573 16.59  52.494910  66.203126  3.651
 87     9.457 55274.71576637 16.25  52.491671  66.206211  3.751
 87     9.401 55274.71576702 15.33  52.488431  66.209301  3.751
 87     9.470 55274.71576766 15.50  52.485191  66.212381  3.751
 88     6.290 55309.71573336 29.63  52.502486  66.206126 18.719
 88     6.313 55309.71573400 28.21  52.499248  66.209206 13.647
 88     6.308 55309.71573465 27.65  52.495998  66.212286 13.647
 88     7.445 55309.71573529 27.54  52.492758  66.215376 13.647
 89    12.229 55344.71573315 24.36  52.499279  66.197872 25.924
 89    11.901 55344.71573379 25.18  52.496039  66.200962 25.924
 89    12.013 55344.71573444 24.86  52.492799  66.204042 25.924
 89    12.267 55344.71573508 24.33  52.489556  66.207128 27.137
 89    12.311 55344.71573573 24.65  52.486306  66.210218 27.137
 90     8.618 55379.71572776 28.11  52.500711  66.200945 19.126
 90     8.484 55379.71572840 27.19  52.497471  66.204025 19.126
 90     8.596 55379.71572905 25.86  52.494235  66.207111 24.764
 90     8.592 55379.71572969 26.14  52.490995  66.210201 24.764
 91     6.982 55414.71574581 27.55  52.528254  66.162444 13.946
 91     7.001 55414.71574645 22.09  52.525024  66.165534 13.946
 91    10.202 55414.71574710 19.16  52.521784  66.168614 13.946
 91     6.516 55414.71574903 20.55  52.512084  66.177874 13.946
 91     7.634 55414.71574968 18.66  52.508844  66.180954 13.946
 91     8.291 55414.71575032 19.41  52.505604  66.184044 13.946
 91     7.723 55414.71575097 20.93  52.502364  66.187124 13.946
 91     8.561 55414.71575161 18.46  52.499124  66.190204 13.946
 91     8.795 55414.71575226 18.20  52.495884  66.193294 13.946
 91    10.570 55414.71575290 17.48  52.492644  66.196374 13.946
 91    11.216 55414.71575355 17.57  52.489404  66.199464 13.946
 91    11.513 55414.71575419 19.05  52.486164  66.202544 13.946
 91    11.654 55414.71575484 19.41  52.482917  66.205627 21.218
 91    11.928 55414.71575548 20.70  52.479677  66.208717 21.218
 92    13.548 55449.71574055 17.50  52.500239  66.202553 21.473
 92    13.689 55449.71574120 18.62  52.496999  66.205633 21.473
 92    12.593 55449.71574184 19.92  52.493755  66.208721 26.499
 92    12.625 55449.71574249 23.30  52.490515  66.211801 26.499
 93     9.409 55484.71566726 17.65  52.504254  66.209870 20.277
 93     8.979 55484.71566790 20.19  52.501014  66.212950 20.277
 93    10.076 55484.71566855 19.32  52.497774  66.216040 20.277
 93    12.531 55484.71566919 17.83  52.494524  66.219120 20.277
