# NaN NaN NaN ;Mean Elev.(m), Avg Gradient(m/km), RMS Gradient(m/km) - SRTM1     
# NaN NaN NaN ;Mean Elev.(m), Avg Gradient(m/km), RMS Gradient(m/km) - ASTER GDEM
# NaN NaN NaN ;Mean Elev.(m), Avg Gradient(m/km), RMS Gradient(m/km) - GMTED2010 
 15    -0.025 52753.32701599 11.38  54.017868  68.013624  3.140
 15     0.045 52753.32701663 10.05  54.014148  68.010584  3.140
 15     0.326 52753.32701728  9.27  54.010418  68.007534  3.140
 15    -0.063 52753.32701792 10.06  54.006698  68.004494  3.140
 15     0.026 52753.32701856  9.26  54.002968  68.001444  3.140
 15    -0.017 52753.32701921  8.86  53.999248  67.998404  3.140
 15     0.028 52753.32701985  9.32  53.995528  67.995354  3.140
 15    -0.239 52753.32702050  9.47  53.991808  67.992314  3.140
 20     0.928 52928.32706273 27.99  54.019766  68.012756 10.912
 20    -0.414 52928.32706337 30.86  54.016036  68.009716 10.912
 20    -0.397 52928.32706402 31.51  54.012316  68.006666 10.912
 20    -0.261 52928.32706466 28.68  54.008596  68.003626 10.912
 23    -0.384 53033.32703516 11.91  54.018232  68.009078  2.369
 23    -0.388 53033.32703581 12.03  54.014512  68.006038  2.369
 23    -0.438 53033.32703645 11.91  54.010782  68.002988  2.369
 25     0.496 53103.32703641  9.51  54.019453  68.013711  2.131
 25     0.484 53103.32703705  9.47  54.015733  68.010661  2.131
 25     0.353 53103.32703770  9.21  54.012003  68.007621  2.131
 25     0.532 53103.32703834  9.20  54.008283  68.004571  2.131
 25     0.540 53103.32704028  9.37  53.997123  67.995431  2.131
 54     0.194 54118.32697159 14.10  54.022562  68.015439  3.041
 54     0.206 54118.32697223 13.68  54.018842  68.012399  3.041
 54     0.088 54118.32697288 13.90  54.015112  68.009349  3.041
 54     0.162 54118.32697352 14.12  54.011392  68.006309  3.041
 54     0.172 54118.32697416 13.71  54.007672  68.003259  3.041
 61    17.105 54363.32697446 14.45  54.017840  68.009277  4.845
 61    14.299 54363.32697510 15.19  54.014110  68.006237  4.845
 61    18.367 54363.32697575 14.93  54.010390  68.003187  4.845
 77     0.005 54923.32690388  9.67  54.021049  68.014082  2.241
 77     0.022 54923.32690453  9.89  54.017329  68.011032  2.241
 77     0.071 54923.32690517  9.75  54.013609  68.007992  2.241
 77     0.113 54923.32690582  9.60  54.009879  68.004942  2.241
 82    18.575 55098.32688131 16.14  54.020178  68.013647  6.162
 82    18.733 55098.32688195 15.15  54.016458  68.010607  6.162
 82    20.058 55098.32688260 15.70  54.012728  68.007557  6.162
 82    18.893 55098.32688324 15.92  54.009008  68.004507  6.162
 93    18.341 55483.32677028 18.11  54.022295  68.014616  6.054
 93    18.932 55483.32677157 17.80  54.014845  68.008526  6.054
 93    18.756 55483.32677221 17.84  54.011125  68.005476  6.054
 93    18.260 55483.32677286 19.47  54.007405  68.002436  6.054
