# NaN NaN NaN ;Mean Elev.(m), Avg Gradient(m/km), RMS Gradient(m/km) - SRTM1     
#    2.434   0.099   4.363 ;Mean Elev.(m), Avg Gradient(m/km), RMS Gradient(m/km) - ASTER GDEM
#    0.001   0.047   3.687 ;Mean Elev.(m), Avg Gradient(m/km), RMS Gradient(m/km) - GMTED2010 
  7  54.185106  68.135403     5.392     4.321 25 52473.32698026 18.575
  8  54.183262  68.134165     8.762     9.369 25 52508.32694988 19.310
  9  54.174316  68.104683     7.617     7.525  4 52543.32694207 24.196
 10  54.173555  68.121492     0.521     0.513 16 52578.32698779 41.062
 11  54.188250  68.143582     0.271     0.276 28 52613.32694875 17.001
 12  54.155208  68.100235     0.067     0.016  7 52648.32693966 13.110
 13  54.182972  68.129801     0.099     0.074 19 52683.32690976 10.941
 15  54.184632  68.149051     2.877     2.685 30 52753.32698730  8.100
 16  54.173738  68.106830    12.844    15.020  5 52788.32694121 20.227
 17  54.169519  68.107411     0.862     0.824  5 52823.32701267 53.158
 18  54.168174  68.106624    -0.055    -0.005  5 52858.32705941 31.110
 19  54.186497  68.135106     5.960     5.689 24 52893.32708550 20.445
 20  54.184588  68.146668     3.905     4.282 29 52928.32703436 33.033
 21  54.173755  68.104967     3.912     2.151  5 52963.32702074 22.939
 22  54.180896  68.131231     1.782     1.396 24 52998.32705448 15.928
 23  54.184900  68.144511    -0.056    -0.204 28 53033.32700647 13.157
 24  54.155118  68.101889     2.327     1.176  7 53068.32702857  9.633
 25  54.184276  68.147618     3.868     4.098 29 53103.32700804  9.810
 26  54.169430  68.109363     8.322     8.476  5 53138.32703076  2.278
 27  54.168155  68.114991    10.322    10.535 11 53173.32707241 20.903
 28  54.182615  68.132473     1.691     0.783 25 53208.32708476 23.501
 29  54.181573  68.132307     1.900     0.811 24 53243.32705248 28.098
 30  54.172354  68.106392    10.961    14.365  5 53278.32703378 20.421
 31  54.172619  68.119708     1.147     0.984 15 53313.32706054 34.261
 32  54.182074  68.130388     2.448     2.264 22 53348.32702414 19.575
 33  54.170828  68.105902     6.775     6.406  5 53383.32699783 16.298
 34  54.154686  68.100523     0.813     0.587  7 53418.32700963 14.491
 36  54.181939  68.132138     0.164     0.031 24 53488.32709190 10.202
 37  54.165083  68.112269    10.864    11.260  9 53523.32708454 20.480
 38  54.182222  68.136973     6.093     4.327 26 53558.32710576 16.637
 39  54.185619  68.135414     1.101     0.056 25 53593.32704330 26.010
 40  54.169205  68.105950    -0.208    -0.236  5 53628.32704036 32.610
 41  54.170345  68.118533     5.173     5.153 15 53663.32706282 20.607
 42  54.183710  68.135302     1.135     1.128 25 53698.32702119 41.785
 43  54.187709  68.143377     0.867     0.880 28 53733.32694208 25.359
 44  54.168998  68.108361     5.973     5.089  6 53768.32692873 11.572
 45  54.184836  68.136970     1.415     1.532 25 53803.32692098 11.775
 46  54.170736  68.106924     2.659     3.041  6 53838.32694238 10.843
 47  54.159335  68.106062     0.882     0.876  6 53873.32699213 33.257
 48  54.175303  68.122566     3.789     4.913 16 53908.32703133 19.601
 49  54.182357  68.137367     3.886     3.518 25 53943.32705316 23.856
 50  54.185877  68.143638     2.570     0.538 28 53978.32700328 19.787
 51  54.172848  68.103741     0.126     0.157  5 54013.32702079 30.431
 52  54.160175  68.103254     0.436     0.468  8 54048.32702960 29.678
 54  54.185520  68.147834     0.843     0.265 30 54118.32694354 14.834
 55  54.182681  68.129811     0.948     0.448 19 54153.32697098 11.674
 57  54.152457  68.100641     1.019     1.027  7 54223.32698696 23.445
 58  54.174822  68.122694     1.420     1.438 18 54258.32700402 50.796
 59  54.172011  68.118814     0.311     0.216 13 54293.32700772 42.847
 60  54.183175  68.132200     4.146     3.573 24 54328.32700010 22.374
 61  54.186368  68.146238     4.319     4.222 29 54363.32694545 17.863
 62  54.154542  68.102075    13.345    13.165  7 54398.32694623 17.137
 63  54.182350  68.137584     0.255     0.261 25 54433.32689720 22.976
 64  54.165423  68.105663     5.215     5.151  4 54468.32692777 13.675
 65  54.184034  68.137432     1.274     0.927 25 54503.32691303 12.392
 66  54.173560  68.121434     1.110     1.064 16 54538.32694027 10.013
 67  54.187943  68.143329     2.859     2.979 28 54573.32691272  8.380
 68  54.167770  68.116451     3.223     3.775 14 54608.32693426 13.248
 69  54.183413  68.132357     4.792     3.819 24 54643.32693949 22.087
 70  54.181242  68.129089     1.579     0.395 21 54678.32694179 26.119
 71  54.186839  68.143732     5.763     5.897 29 54713.32689189 18.850
 72  54.152609  68.101033     8.849    10.615  7 54748.32691690 18.538
 73  54.184524  68.134536     0.670     0.688 25 54783.32688089 45.825
 74  54.159883  68.105486     0.373     0.371  6 54818.32690841 24.392
 75  54.182827  68.134016     0.563    -0.015 25 54853.32687804 13.354
 76  54.183478  68.130605     0.748     0.093 19 54888.32690807 12.572
 77  54.185882  68.147991     0.781     0.265 29 54923.32687552 10.535
 78  54.152532  68.100444    12.253    11.986  7 54958.32691096  2.009
 79  54.179574  68.129060     1.511     1.537 23 54993.32692772 45.980
 80  54.182722  68.132211     4.384     3.656 25 55028.32691739 19.886
 81  54.190734  68.137388     2.681     3.448 23 55063.32690819 25.863
 82  54.184993  68.147559     1.663     0.379 29 55098.32685294 31.406
 83  54.153213  68.101756     0.070     0.067  7 55133.32685966 49.372
 84  54.184740  68.136361     0.645     0.646 25 55168.32681763 24.322
 85  54.160065  68.107371     1.236     1.035  8 55203.32685094 16.334
 86  54.188416  68.143467    -0.023    -0.073 28 55238.32682395 18.714
 87  54.179410  68.128833     0.613     0.381 23 55273.32684045 13.903
 88  54.186617  68.144147     2.401     2.889 29 55308.32680639 16.073
 89  54.171776  68.119297     7.621     9.192 15 55343.32681125 19.974
 90  54.183206  68.134889     4.857     3.923 25 55378.32680264 21.181
 91  54.154620  68.101005    -0.066    -0.120  7 55413.32683381 42.637
 92  54.181855  68.132141     8.957     9.994 24 55448.32681672 19.113
 93  54.187105  68.148523     6.709     5.315 29 55483.32674191 18.023
