-183159.254    78.898     0.00    4.39
-182783.153    77.897    -2.66    3.91
-182406.978    77.354    -1.44    3.69
-182030.728    78.066     1.89    4.29
-181654.405    79.815     4.65    3.97
-181278.007    82.391     6.84    5.20
-180901.535    83.862     3.91    5.69
-180524.988    84.954     2.90    5.13
-180148.367    84.540    -1.10    5.45
-179771.672    83.148    -3.70    5.41
-179394.902    81.698    -3.85    4.97
-179018.057    79.854    -4.89    5.35
-178641.138    78.425    -3.79    6.18
-178264.144    76.122    -6.11    7.58
-177887.076    72.779    -8.86    8.69
-177509.932    69.652    -8.29    9.64
-177132.714    66.286    -8.92   10.74
-176755.422    63.455    -7.50   11.58
-176378.054    60.447    -7.97   12.31
-176000.611    56.956    -9.25   11.68
-175623.094    53.560    -8.99    9.53
-175245.501    50.121    -9.11    7.31
-174867.834    48.905    -3.22    4.65
-174490.091    48.523    -1.01    4.53
-174112.274    50.378     4.91    7.40
-173734.381    54.057     9.73   10.00
-173356.412    58.145    10.81   10.11
-172978.369    60.239     5.54    8.90
-172600.250    58.976    -3.34    7.39
-172222.056    58.878    -0.26    5.69
-171843.787    61.167     6.05    6.20
-171465.442    64.233     8.10    6.57
-171087.022    68.512    11.30    6.68
-170708.526    73.478    13.12    6.87
-170329.954    77.791    11.39    6.21
-169951.307    82.239    11.75    6.10
-169572.584    87.291    13.34    6.40
-169193.786    91.534    11.20    6.92
-168814.911    97.115    14.73    3.88
-168435.961    98.250     2.99    2.78
-168056.936    97.670    -1.53    3.09
-167677.834    95.233    -6.43    4.47
-167298.656    90.239   -13.17    6.30
-166919.402    85.250   -13.15    7.07
-166540.073    79.477   -15.22    6.11
-166160.667    75.545   -10.36    4.41
-165781.185    72.856    -7.09    3.47
-165401.627    71.816    -2.74    4.08
-165021.993    70.438    -3.63    4.48
-164642.282    68.839    -4.21    5.16
-164262.495    66.247    -6.82    6.28
-163882.632    64.837    -3.71    6.51
-163502.693    63.955    -2.32    6.42
-163122.677    63.614    -0.90    6.44
-162742.584    63.500    -0.30    6.44
-162362.415    64.337     2.20    6.54
-161982.170    66.133     4.72    6.65
-161601.847    67.250     2.94    5.89
-161221.449    68.589     3.52    5.00
-160840.973    68.115    -1.25    6.31
-160460.421    65.747    -6.22    9.05
-160091.887    63.000    -7.45   10.11
-159725.904    60.253    -7.51    9.56
-159359.852    57.293    -8.09    8.26
-158993.729    53.326   -10.83    6.49
-158627.536    48.869   -12.17    6.78
-158261.273    43.753   -13.97    6.79
-157894.940    38.667   -13.88    6.52
-157528.536    35.157    -9.58    5.15
-157162.061    32.438    -7.42    6.76
-156795.517    29.977    -6.71    7.70
-156428.902    26.831    -8.58    7.20
-156062.216    24.093    -7.47    6.78
-155695.460    21.809    -6.23    6.42
-155328.633    19.571    -6.10    5.74
-154961.736    18.011    -4.25    5.88
-154594.768    18.116     0.29    6.04
-154227.729    19.890     4.83    4.57
-153860.619    21.727     5.00    4.51
-153493.439    24.337     7.11    5.31
-153126.188    26.184     5.03    4.77
-152758.865    27.614     3.89    4.33
-152391.472    27.589    -0.07    5.11
-152024.009    29.780     5.96    7.77
-151656.474    34.865    13.83   13.55
-151288.868    42.414    20.53   15.49
-150921.190    48.393    16.26   12.85
-150553.442    49.750     3.69   11.22
-150185.623    49.449    -0.82    8.87
-149817.732    50.298     2.31    7.43
-149449.770    55.124    13.11    9.53
-149081.737    60.529    14.69    8.28
-148713.633    64.311    10.27    6.78
-148345.457    64.943     1.71    5.93
-147977.210    65.200     0.70    5.58
-147608.891    65.284     0.23    6.00
-147240.501    64.854    -1.17    5.81
-146872.039    64.411    -1.20    5.63
-146503.506    64.322    -0.24    4.64
-146134.901    64.300    -0.06    2.95
-145766.224    65.517     3.30    2.33
-145397.476    66.659     3.10    2.33
-145028.656    67.698     2.81    1.67
-144659.764    67.380    -0.86    1.77
-144290.801    66.786    -1.61    1.95
-143921.765    65.934    -2.31    1.61
-143552.658    65.465    -1.27    2.00
-143183.478    65.700     0.64    2.65
-142814.227    65.805     0.28    2.92
-142444.904    65.888     0.22    3.44
-142075.508    65.874    -0.04    3.42
-141706.041    66.697     2.23    3.37
-141336.501    67.865     3.16    3.54
-140966.889    69.136     3.44    2.46
-140597.205    69.629     1.33    2.52
-140227.448    67.575    -5.56    4.23
-139857.619    66.517    -2.86    4.33
-139487.718    66.306    -0.57    4.27
-139117.744    66.798     1.33    3.96
-138747.698    67.548     2.03    2.47
-138377.580    67.156    -1.06    1.81
-138007.389    66.607    -1.48    1.49
-137637.125    66.538    -0.19    1.55
-137266.789    65.770    -2.07    1.85
-136896.380    64.440    -3.59    1.71
-136525.898    63.455    -2.66    1.45
-136155.344    63.154    -0.81    1.19
-135784.716    63.368     0.58    1.42
-135414.016    63.809     1.19    1.64
-135043.243    64.034     0.61    1.82
-134672.397    64.393     0.97    1.84
-134301.478    64.400     0.02    2.17
-133930.487    64.648     0.67    2.41
-133559.422    64.667     0.05    2.43
-133188.284    64.402    -0.71    2.71
-132817.072    62.378    -5.45    4.04
-132445.788    61.333    -2.81    4.50
-132074.430    60.633    -1.88    4.53
-131703.000    61.824     3.20    4.92
-131331.495    63.416     4.29    4.65
-130959.918    63.494     0.21    4.27
-130588.267    60.281    -8.64    6.54
-130216.543    57.774    -6.74    7.15
-129844.745    53.922   -10.36    7.97
-129472.874    51.821    -5.65    8.13
-129100.929    52.220     1.07    9.74
-128728.910    49.862    -6.34   13.01
-128356.818    50.326     1.25   13.92
-127984.652    51.449     3.02   13.04
-127612.412    50.582    -2.33   11.39
-127240.099    48.307    -6.11   12.73
-126867.712    46.344    -5.27   14.19
-126495.250    43.241    -8.33   13.92
-126122.715    41.407    -4.92   13.40
-125750.106    42.057     1.75   14.29
-125377.423    41.456    -1.61   12.60
-125004.666    41.348    -0.29   11.68
-124631.835    39.191    -5.79   10.57
-124258.930    36.322    -7.69    8.62
-123885.950    37.023     1.88    7.88
-123512.897    36.867    -0.42    6.80
-123139.769    32.989   -10.39    9.60
-122766.566    28.067   -13.19   10.81
-122393.290    22.506   -14.90    8.55
-122019.939    18.856    -9.78    4.00
-121646.513    17.318    -4.12    1.12
-121273.013    17.056    -0.70    0.62
-120899.439    16.966    -0.24    0.39
-120525.790    17.132     0.45    1.04
-120152.066    17.494     0.97    1.52
-119778.268    17.527     0.09    1.59
-119404.395    17.068    -1.23    1.78
-119030.447    16.780    -0.77    1.88
-118656.424    16.138    -1.72    0.95
-118282.327    16.250     0.30    0.92
-117908.154    16.488     0.64    0.82
-117533.907    16.935     1.19    0.81
-117159.585    17.060     0.33    0.70
-116785.187    17.011    -0.13    0.71
-116410.715    16.833    -0.47    0.80
-116036.167    16.813    -0.05    0.97
-115661.545    16.859     0.12    1.20
-115286.847    16.809    -0.13    1.18
-114912.074    17.762     2.54    2.63
-114537.225    21.667    10.42    8.08
-114162.302    27.214    14.80   11.66
-113787.303    35.000    20.76   14.57
-113412.228    43.376    22.33   13.68
-113037.078    49.780    17.07   10.74
-112661.853    53.565    10.09   10.09
-112286.552    56.879     8.83   10.14
-111911.175    61.262    11.67   10.06
-111535.723    67.879    17.62    6.52
-111160.195    70.733     7.60    3.80
-110784.591    72.522     4.76    4.65
-110408.911    75.640     8.30    6.46
-110033.156    80.185    12.10    8.07
-109657.325    84.570    11.67    6.44
-109281.417    87.747     8.45    4.84
-108905.434    88.988     3.30    3.67
-108529.375    86.022    -7.89    7.10
-108153.240    79.588   -17.10   10.58
-107777.028    72.022   -20.11   14.26
-107400.741    63.976   -21.38   16.01
-107024.377    50.756   -35.13   22.62
-106647.937    37.488   -35.24   21.99
-106271.421    25.551   -31.70   17.06
-105894.828    16.036   -25.26    3.04
-105518.160    15.056    -2.60    0.23
-105141.414    15.179     0.32    0.39
-104764.592    15.367     0.50    0.48
-104387.694    15.553     0.49    0.52
-104010.719    15.615     0.17    0.51
-103633.667    15.541    -0.20    0.52
-103256.539    15.516    -0.07    0.58
-102879.334    15.553     0.10    0.57
-102502.053    15.609     0.15    0.55
-102124.694    15.674     0.17    0.47
-101747.259    15.761     0.23    0.43
-101369.747    15.709    -0.14    0.46
-100992.157    15.750     0.11    0.48
-100614.491    15.733    -0.05    0.50
-100236.748    16.826     2.89    2.87
 -99858.928    19.826     7.94    6.20
 -99481.031    25.598    15.27   10.14
 -99103.056    31.250    14.95   10.89
 -98725.004    33.772     6.67   12.25
 -98346.875    33.518    -0.67   15.26
 -97968.669    31.500    -5.33   14.35
 -97590.385    28.872    -6.95   12.32
 -97212.024    27.922    -2.51   11.06
 -96833.586    27.151    -2.04   10.54
 -96455.070    26.178    -2.57    8.50
 -96076.476    29.628     9.11   13.13
 -95697.805    34.278    12.28   17.60
 -95319.056    42.568    21.89   19.19
 -94940.229    49.341    17.88   17.37
 -94561.325    54.125    12.63   12.31
 -94182.343    56.110     5.24    8.46
 -93803.283    56.908     2.11    8.43
 -93424.146    59.222     6.10   11.09
 -93044.930    64.375    13.59   13.02
 -92665.636    69.663    13.94   12.16
 -92286.265    74.933    13.89   11.85
 -91906.815    76.244     3.46   12.01
 -91527.287    74.322    -5.06   13.92
 -91147.681    73.236    -2.86   15.17
 -90767.997    76.356     8.22   13.95
 -90388.235    81.773    14.26   11.48
 -90008.394    86.859    13.39    9.95
 -89628.475    91.023    10.96    8.59
 -89248.477    95.626    12.11    6.20
 -88868.401    99.068     9.05    3.63
 -88488.247   100.692     4.27    3.09
 -88108.014   102.523     4.82    4.06
 -87727.702   106.111     9.43    6.97
 -87347.312   109.535     9.00    7.63
 -86966.843   111.620     5.48    8.65
 -86586.295   111.141    -1.26    9.79
 -86205.669   109.451    -4.44    9.54
 -85824.964   107.262    -5.75    8.71
 -85451.812   107.430     0.45    7.80
 -85086.049   109.407     5.40    7.48
 -84720.215   112.044     7.21    7.83
 -84354.308   115.033     8.17    6.85
 -83988.330   118.363     9.10    5.02
 -83622.280   120.868     6.84    4.57
 -83256.157   123.148     6.23    3.83
 -82889.963   124.835     4.61    3.30
 -82523.696   126.103     3.46    3.68
 -82157.358   125.811    -0.80    4.69
 -81790.947   124.506    -3.56    6.12
 -81424.464   123.843    -1.81    7.20
 -81057.909   120.919    -7.98    8.82
 -80691.281   114.424   -17.71   10.98
 -80324.581   109.966   -12.16    9.49
 -79957.809   108.198    -4.82    8.26
 -79590.964   108.800     1.64    9.23
 -79224.047   113.290    12.24    8.39
 -78857.057   117.407    11.22    6.21
 -78489.995   121.300    10.61    6.11
 -78122.860   124.315     8.21    6.03
 -77755.652   125.174     2.34    6.04
 -77388.372   122.043    -8.53    7.62
 -77021.019   117.670   -11.90    7.78
 -76653.593   113.870   -10.34    6.43
 -76286.095   112.267    -4.36    4.02
 -75918.523   113.152     2.41    4.24
 -75550.879   115.522     6.44    4.79
 -75183.162   120.856    14.50    6.31
 -74815.371   126.217    14.58    6.60
 -74447.508   130.944    12.85    5.72
 -74079.572   135.283    11.79    5.13
 -73711.562   138.872     9.75    4.04
 -73343.479   140.957     5.66    3.67
 -72975.323   142.279     3.59    3.06
 -72607.094   142.183    -0.26    3.67
 -72238.792   140.167    -5.47    5.46
 -71870.416   137.440    -7.40    5.63
 -71501.967   134.215    -8.75    5.49
 -71133.444   129.089   -13.91    6.78
 -70764.848   124.076   -13.60    8.54
 -70396.178   118.602   -14.85    8.54
 -70027.435   114.326   -11.60    5.89
 -69658.618   112.885    -3.91    4.66
 -69289.728   113.209     0.88    4.87
 -68920.764   114.721     4.10    4.64
 -68551.726   115.275     1.50    5.93
 -68182.614   113.140    -5.78    6.20
 -67813.429   111.692    -3.92    6.15
 -67444.170   111.744     0.14    6.27
 -67074.836   112.511     2.08    6.54
 -66705.429   112.989     1.29    6.67
 -66335.948   112.753    -0.64    6.39
 -65966.393   111.367    -3.75    5.77
 -65596.764   108.796    -6.96    4.59
 -65227.060   107.011    -4.83    3.78
 -64857.283   107.239     0.62    4.67
 -64487.431   106.848    -1.06    5.15
 -64117.505   105.178    -4.51    5.11
 -63747.504   102.043    -8.47    4.90
 -63377.430    98.558    -9.42    5.57
 -63007.281    97.652    -2.45    5.44
 -62637.057    99.802     5.81    8.40
 -62266.759   104.359    12.30    9.55
 -61896.386   108.044     9.95    7.43
 -61525.939   111.473     9.25    5.11
 -61155.417   112.880     3.80    3.57
 -60784.821   115.033     5.81    3.59
 -60414.150   117.484     6.61    4.33
 -60043.404   119.744     6.10    4.07
 -59672.583   120.196     1.22    3.54
 -59301.688   119.404    -2.13    3.60
 -58930.717   119.054    -0.94    3.28
 -58559.672   118.636    -1.13    2.79
 -58188.552   118.848     0.57    3.07
 -57817.356   119.034     0.50    3.03
 -57446.086   118.402    -1.70    3.13
 -57074.740   117.442    -2.59    2.97
 -56703.320   116.620    -2.21    3.43
 -56331.824   115.698    -2.48    4.22
 -55960.253   115.098    -1.61    4.27
 -55588.606   115.529     1.16    4.08
 -55216.884   114.348    -3.18    4.59
 -54845.087   112.716    -4.39    4.88
 -54473.215   111.226    -4.01    4.01
 -54101.266   109.761    -3.94    3.29
 -53729.243   108.323    -3.87    3.46
 -53357.144   107.023    -3.49    4.51
 -52984.969   104.215    -7.54    5.66
 -52612.719   102.156    -5.53    4.81
 -52240.392   102.204     0.13    5.29
 -51867.990   104.722     6.76    6.63
 -51495.513   109.312    12.32    6.78
 -51122.959   113.055    10.05    5.05
 -50750.330   114.791     4.66    4.42
 -50377.625   116.151     3.65    4.18
 -50004.843   116.220     0.19    4.34
 -49631.986   114.217    -5.37    4.81
 -49259.052   112.172    -5.48    4.20
 -48886.043   110.500    -4.48    3.77
 -48512.957   108.023    -6.64    3.42
 -48139.795   105.793    -5.98    4.43
 -47766.557   103.012    -7.45    5.15
 -47393.243    97.772   -14.04    8.06
 -47019.852    92.209   -14.90    8.62
 -46646.385    85.946   -16.77    8.89
 -46272.841    82.545    -9.10    6.46
 -45899.221    85.043     6.68    7.27
 -45525.524    90.256    13.95    9.93
 -45151.751    99.191    23.91   12.17
 -44777.901   109.044    26.35   11.94
 -44403.974   117.839    23.52   11.52
 -44029.971   124.783    18.57   10.26
 -43655.891   131.228    17.23    8.52
 -43281.734   134.613     9.05    7.15
 -42907.501   135.120     1.35    6.40
 -42533.190   133.054    -5.52    7.00
 -42158.802   128.891   -11.12    7.69
 -41784.338   123.663   -13.96    8.19
 -41409.796   116.859   -18.17    8.70
 -41035.177   110.130   -17.96    8.51
 -40660.482   101.656   -22.62   10.98
 -40285.708    93.804   -20.95   13.05
 -39910.858    83.774   -26.76   14.35
 -39535.931    76.685   -18.91   13.01
 -39160.926    72.109   -12.20   10.06
 -38785.843    69.348    -7.36    8.99
 -38410.684    66.641    -7.21    8.53
 -38035.446    62.774   -10.31    8.22
 -37660.132    56.615   -16.41    7.85
 -37284.739    51.022   -14.90    8.43
 -36909.270    44.934   -16.21    6.95
 -36533.722    40.053   -13.00    7.26
 -36158.097    33.868   -16.47    8.17
 -35782.394    27.398   -17.22    9.35
 -35406.613    20.789   -17.59    7.43
 -35030.754    18.699    -5.56    5.55
 -34654.817    22.739    10.75   10.85
 -34278.803    33.649    29.01   16.55
 -33902.710    46.898    35.23   16.41
 -33526.540    58.340    30.42   16.61
 -33150.291    64.989    17.67   15.02
 -32773.964    66.468     3.93   12.35
 -32397.559    68.437     5.23    8.86
 -32021.076    68.723     0.76    5.84
 -31644.514    70.759     5.40    5.30
 -31267.874    73.787     8.04    4.91
 -30891.156    76.477     7.14    3.36
 -30514.359    77.840     3.62    2.37
 -30137.484    78.264     1.12    2.47
 -29760.530    77.914    -0.93    2.70
 -29383.498    76.391    -4.04    2.94
 -29006.387    74.211    -5.78    3.59
 -28629.197    72.307    -5.05    3.76
 -28251.929    69.695    -6.92    4.22
 -27874.582    66.739    -7.83    5.06
 -27497.156    62.842   -10.32    5.90
 -27119.651    58.386   -11.80    6.51
 -26742.068    53.753   -12.27    6.67
 -26364.405    49.046   -12.46    6.07
 -25986.663    44.330   -12.48    5.81
 -25608.842    40.136   -11.10    6.30
 -25230.943    35.340   -12.69    6.06
 -24852.963    31.045   -11.36    5.07
 -24474.905    28.290    -7.29    3.19
 -24096.768    26.736    -4.11    3.15
 -23718.551    25.237    -3.96    3.59
 -23340.255    23.471    -4.67    3.16
 -22961.879    22.817    -1.73    2.41
 -22583.424    22.570    -0.65    3.19
 -22204.889    22.674     0.28    3.65
 -21826.275    22.919     0.65    4.02
 -21447.581    22.645    -0.72    3.58
 -21068.808    22.943     0.79    2.67
 -20689.955    22.053    -2.35    2.92
 -20311.022    20.663    -3.67    2.70
 -19932.009    18.947    -4.53    4.09
 -19552.917    16.640    -6.08    4.18
 -19173.744    14.848    -4.73    4.32
 -18794.492    13.363    -3.92    4.89
 -18415.160    11.806    -4.10    5.71
 -18035.747    10.516    -3.40    5.81
 -17656.255     7.926    -6.83    5.42
 -17276.682     5.462    -6.49    4.16
 -16897.029     4.319    -3.01    3.18
 -16517.296     3.750    -1.50    3.11
 -16137.482     4.181     1.13    2.64
 -15757.588     3.989    -0.51    2.27
 -15377.614     3.158    -2.19    0.80
 -14997.559     2.978    -0.47    0.61
 -14617.424     2.872    -0.28    0.68
 -14237.208     2.796    -0.20    0.77
 -13856.912     2.734    -0.16    0.79
 -13476.535     2.333    -1.05    0.92
 -13096.077     1.848    -1.28    0.89
 -12715.539     1.372    -1.25    0.67
 -12334.919     1.056    -0.83    0.23
 -11954.219     1.000    -0.15    0.00
 -11573.438     1.000     0.00    0.00
 -11192.576     1.000     0.00    0.00
 -10814.424     1.000     0.00    0.00
 -10448.889     1.000     0.00    0.00
 -10083.281     1.000     0.00    0.00
  -9717.599     1.000     0.00    0.00
  -9351.843     1.000     0.00    0.00
  -8986.013     1.000     0.00    0.00
  -8620.110     1.000     0.00    0.00
  -8254.133     1.000     0.00    0.00
  -7888.083     1.000     0.00    0.00
  -7521.958     1.000     0.00    0.00
  -7155.759     1.000     0.00    0.00
  -6789.487     1.000     0.00    0.00
  -6423.140     1.000     0.00    0.00
  -6056.720     1.000     0.00    0.00
  -5690.225     1.000     0.00    0.00
  -5323.656     1.000     0.00    0.00
  -4957.013     1.000     0.00    0.00
  -4590.296     1.000     0.00    0.00
  -4223.505     1.000     0.00    0.00
  -3856.639     1.000     0.00    0.00
  -3489.699     1.000     0.00    0.00
  -3122.684     1.000     0.00    0.00
  -2755.595     1.000     0.00    0.00
  -2388.432     0.978    -0.06    0.15
  -2021.194     0.926    -0.14    0.26
  -1653.881     0.742    -0.50    0.44
  -1286.494     0.484    -0.70    0.50
   -919.032     0.211    -0.74    0.41
   -551.495     0.032    -0.49    0.18
   -183.884     0.000    -0.09    0.00
    183.802     0.000     0.00    0.00
    551.563     0.000     0.00    0.00
    919.399     0.000     0.00    0.00
   1287.310     0.000     0.00    0.00
   1655.296     0.000     0.00    0.00
   2023.357     0.000     0.00    0.00
   2391.493     0.000     0.00    0.00
   2759.704     0.000     0.00    0.00
   3127.991     0.000     0.00    0.00
   3496.352     0.000     0.00    0.00
   3864.789     0.000     0.00    0.00
   4233.301     0.170     0.46    0.90
   4601.889     1.755     4.30    4.94
   4970.552     3.473     4.66    6.60
   5339.290     6.426     8.01    8.42
   5708.104     9.733     8.97    9.23
   6076.993    13.726    10.82    9.29
   6445.958    17.820    11.10    8.36
   6814.999    20.323     6.78    5.57
   7184.115    21.648     3.59    3.77
   7553.307    21.194    -1.23    4.03
   7922.575    19.925    -3.44    4.32
   8291.918    20.000     0.20    4.57
   8661.338    21.468     3.97    5.13
   9030.833    22.253     2.12    5.50
   9400.404    25.053     7.58    4.81
   9770.052    27.652     7.03    4.01
  10139.775    28.602     2.57    3.81
  10509.574    24.404   -11.35   11.11
  10879.450    18.138   -16.94   13.79
  11249.402    13.682   -12.05   13.27
  11619.430    13.591    -0.24   11.99
  11989.534    16.167     6.96   11.13
  12359.715    19.771     9.74    7.61
  12729.972    20.880     3.00    4.90
  13100.305    19.892    -2.67    4.36
  13470.715    18.753    -3.08    3.30
  13841.202    18.298    -1.23    3.53
  14211.765    18.424     0.34    4.51
  14582.404    18.043    -1.03    4.68
  14953.121    17.125    -2.48    4.75
  15323.913    15.945    -3.18    4.08
  15694.783    15.702    -0.66    3.93
  16065.730    13.966    -4.68    3.56
  16436.753    12.828    -3.07    3.54
  16807.853    10.811    -5.43    3.98
  17179.031     8.684    -5.73    4.32
  17550.285     6.022    -7.17    3.46
  17921.616     3.853    -5.84    3.91
  18293.024     3.217    -1.71    3.89
  18664.510     4.362     3.08    5.33
  19036.072     9.011    12.51    8.07
  19407.712    14.511    14.80    7.98
  19779.429    19.394    13.14    6.36
  20151.224    22.549     8.49    4.50
  20523.095    23.832     3.45    3.62
  20895.045    24.761     2.50    2.80
  21267.071    25.021     0.70    3.22
  21639.176    23.213    -4.86    5.77
  22011.357    20.787    -6.52    6.44
  22383.617    17.920    -7.70    5.10
  22755.954    16.149    -4.76    3.58
  23128.368    15.598    -1.48    2.85
  23500.861    16.883     3.45    3.80
  23873.431    18.363     3.97    4.42
  24246.079    19.330     2.60    4.02
  24618.805    19.783     1.21    4.04
  24991.609    21.147     3.66    4.04
  25364.491    22.835     4.53    4.37
  25737.451    24.372     4.12    4.19
  26110.489    25.021     1.74    3.89
  26483.606    23.667    -3.63    5.46
  26856.800    21.316    -6.30    6.08
  27230.073    19.967    -3.61    5.10
  27603.424    19.926    -0.11    4.69
  27976.853    20.250     0.87    3.77
  28350.361    21.404     3.09    2.94
  28723.947    22.267     2.31    2.83
  29097.611    22.362     0.25    3.21
  29471.355    22.793     1.15    3.15
  29845.176    22.851     0.16    3.10
  30219.077    21.091    -4.71    4.06
  30593.056    18.495    -6.94    4.22
  30967.113    17.124    -3.67    3.46
  31341.250    17.833     1.90    4.00
  31715.465    19.609     4.74    4.97
  32089.759    20.937     3.55    4.52
  32464.132    20.043    -2.39    5.58
  32838.585    14.585   -14.58    9.59
  33213.116     9.946   -12.39    8.64
  33587.726     5.842   -10.96    6.06
  33962.415     5.926     0.22    6.08
  34337.184     8.447     6.73    7.25
  34712.031    12.840    11.72    7.84
  35086.958    18.904    16.17    8.44
  35461.965    23.053    11.06    8.13
  35837.050    27.106    10.81    6.01
  36212.215    29.436     6.21    3.78
  36587.460    31.638     5.87    3.33
  36962.784    33.649     5.36    3.64
  37338.188    36.043     6.38    3.97
  37713.671    37.242     3.19    3.64
  38089.234    37.337     0.25    3.75
  38464.876    37.084    -0.67    4.16
  38840.599    37.085     0.00    4.39
  39216.401    37.385     0.80    3.91
  39592.283    37.433     0.13    3.32
  39968.245    37.638     0.55    2.74
  40344.287    37.281    -0.95    2.38
  40720.409    37.811     1.41    2.11
  41096.611    38.460     1.73    1.93
  41472.893    37.400    -2.82    2.54
  41849.256    35.811    -4.22    3.08
  42225.698    35.258    -1.47    3.93
  42602.221    35.087    -0.45    5.37
  42978.824    36.299     3.22    7.49
  43355.508    37.200     2.39    8.84
  43732.272    35.947    -3.32    8.87
  44109.116    32.920    -8.03    8.20
  44486.041    29.085   -10.17    5.81
  44863.047    26.782    -6.11    3.37
  45240.133    27.074     0.78    4.61
  45617.300    30.356     8.70    8.91
  45994.548    35.567    13.81   11.33
  46371.876    41.245    15.05   11.32
  46749.285    45.242    10.59    9.81
  47126.775    48.489     8.60    7.16
  47504.346    51.168     7.10    6.04
  47881.998    53.750     6.84    5.73
  48259.731    54.531     2.07    5.47
  48637.546    55.308     2.06    6.47
  49015.441    56.175     2.30    7.33
  49393.417    56.967     2.09    7.60
  49771.475    59.705     7.24    7.73
  50149.614    61.168     3.87    8.28
  50527.835    62.505     3.53    8.43
  50906.136    63.396     2.35    9.18
  51284.520    61.632    -4.66    9.34
  51662.984    60.500    -2.99    8.89
  52041.531    57.760    -7.24    7.82
  52420.159    54.076    -9.73    8.56
  52798.868    46.316   -20.49   11.75
  53177.659    38.165   -21.52   10.99
  53556.532    35.432    -7.21    8.68
  53935.487    37.938     6.61   11.38
  54314.524    45.263    19.33   13.00
  54693.643    55.462    26.90   12.30
  55072.843    62.103    17.52   11.63
  55452.126    65.641     9.33   10.83
  55831.491    64.500    -3.01   11.40
  56210.937    61.065    -9.05   12.03
  56590.466    55.200   -15.45   11.25
  56970.078    50.065   -13.53    9.46
  57349.771    46.874    -8.40    8.01
  57729.547    44.957    -5.05    6.42
  58109.405    42.753    -5.80    6.21
  58489.346    40.578    -5.72    5.61
  58869.369    37.177    -8.95    6.52
  59249.475    34.494    -7.06    7.24
  59629.664    31.677    -7.41    7.82
  60009.935    28.292    -8.90    7.27
  60390.289    26.804    -3.91    8.15
  60770.725    26.304    -1.31    9.58
  61151.244    28.520     5.82   12.25
  61531.847    31.978     9.08   12.78
  61912.532    35.546     9.37   10.60
  62293.300    37.545     5.25    7.02
  62674.151    38.351     2.12    5.44
  63055.085    40.420     5.43    7.39
  63436.103    43.521     8.14    8.82
  63817.203    45.407     4.95    8.49
  64184.953    42.283    -8.49   10.22
  64550.331    36.484   -15.87    9.84
  64915.785    33.260    -8.82    7.56
  65281.314    32.628    -1.73    7.86
  65646.919    32.500    -0.35    8.05
  66012.599    34.147     4.51    6.55
  66378.355    33.120    -2.81    6.16
  66744.186    30.299    -7.71    6.00
  67110.093    28.000    -6.28    5.37
  67476.075    27.396    -1.65    5.29
  67842.134    25.892    -4.11    4.81
  68208.268    24.053    -5.02    4.21
  68574.477    23.823    -0.63    3.99
  68940.763    24.284     1.26    3.62
  69307.125    23.845    -1.20    3.30
  69673.562    22.889    -2.61    3.79
  70040.076    20.806    -5.68    3.75
  70406.665    18.904    -5.19    2.78
  70773.331    19.177     0.74    3.02
  71140.073    19.883     1.92    3.25
  71506.891    21.562     4.58    2.59
  71873.785    22.412     2.32    1.65
  72240.755    22.347    -0.18    1.54
  72607.802    21.825    -1.42    1.25
  72974.925    21.618    -0.56    1.08
  73342.125    21.309    -0.84    1.41
  73709.401    20.967    -0.93    1.83
  74076.753    20.536    -1.17    1.96
  74444.182    20.137    -1.09    2.06
  74811.688    19.516    -1.69    2.88
  75179.270    17.802    -4.66    3.84
  75546.930    14.914    -7.86    4.96
  75914.665    11.240    -9.99    5.42
  76282.478     7.620    -9.84    4.09
  76650.367     5.392    -6.06    2.68
  77018.334     4.253    -3.10    1.67
  77386.377     4.237    -0.04    1.35
  77754.497     5.389     3.13    2.65
  78122.695     7.740     6.38    3.76
  78490.969     9.547     4.91    3.38
  78859.321    10.800     3.40    2.37
  79227.750    10.753    -0.13    1.85
  79596.255     9.912    -2.28    1.91
  79964.839     9.309    -1.64    2.36
  80333.499     8.413    -2.43    2.63
  80702.237     7.196    -3.30    2.79
  81071.053     6.075    -3.04    2.60
  81439.945     4.918    -3.14    2.10
  81808.916     4.116    -2.17    0.52
  82177.964     4.000    -0.31    0.00
  82547.089     4.000     0.00    0.00
  82916.293     4.000     0.00    0.00
  83285.573     4.000     0.00    0.00
  83654.932     4.000     0.00    0.00
  84024.369     4.000     0.00    0.00
  84393.883     4.000     0.00    0.00
  84763.475     4.000     0.00    0.00
  85133.145     4.000     0.00    0.00
  85502.894     4.000     0.00    0.00
  85872.720     4.000     0.00    0.00
  86242.624     4.000     0.00    0.00
  86612.607     4.000     0.00    0.00
  86982.668     4.000     0.00    0.00
  87352.807     4.000     0.00    0.00
  87723.024     4.000     0.00    0.00
  88093.320     4.000     0.00    0.00
  88463.694     4.000     0.00    0.00
  88834.146     4.000     0.00    0.00
  89204.677     4.000     0.00    0.00
  89575.287     4.000     0.00    0.00
  89945.975     4.000     0.00    0.00
  90316.741     4.000     0.00    0.00
  90687.587     4.000     0.00    0.00
  91058.511     4.000     0.00    0.00
  91429.514     4.000     0.00    0.00
  91800.596     4.000     0.00    0.00
  92171.757     4.000     0.00    0.00
  92542.996     4.000     0.00    0.00
  92914.315     4.276     0.74    0.87
  93285.713     5.600     3.57    2.66
  93657.189     8.546     7.93    4.99
  94028.745    12.185     9.79    5.76
  94400.381    16.112    10.57    4.52
  94772.095    18.698     6.96    2.51
  95143.889    20.227     4.11    2.05
  95515.762    21.547     3.55    2.99
  95887.714    23.874     6.25    3.62
  96259.746    26.062     5.88    3.58
  96631.857    28.495     6.54    2.75
  97004.048    30.202     4.59    2.21
  97376.319    31.867     4.47    2.65
  97748.669    33.375     4.05    3.57
  98121.099    35.167     4.81    4.08
  98493.608    36.724     4.18    4.05
  98866.198    37.606     2.37    3.89
  99238.867    36.794    -2.18    4.32
  99611.616    34.380    -6.47    6.39
  99984.445    29.333   -13.54    8.46
 100357.354    25.305   -10.80    7.36
 100730.343    23.031    -6.10    4.93
 101103.412    22.622    -1.09    4.26
 101476.562    23.295     1.80    4.55
 101849.791    25.163     5.01    5.71
 102223.101    26.990     4.89    7.15
 102596.491    30.719     9.99    8.87
 102969.962    36.968    16.74   11.69
 103343.513    43.827    18.36   11.73
 103717.144    49.989    16.49    8.56
 104090.856    52.000     5.38    6.32
 104464.648    51.783    -0.58    5.77
 104838.521    51.444    -0.90    4.94
 105212.475    51.720     0.74    5.26
 105586.509    53.303     4.23    5.22
 105960.625    54.409     2.96    5.41
 106334.821    54.124    -0.76    5.82
 106709.098    51.874    -6.01    7.07
 107083.455    46.258   -15.00   10.58
 107457.894    41.162   -13.61   10.66
 107832.414    35.854   -14.17    8.20
 108207.015    33.052    -7.48    5.72
 108581.697    30.357    -7.19    4.90
 108956.460    28.622    -4.63    5.35
 109331.305    25.905    -7.25    5.35
 109706.230    22.796    -8.29    4.71
 110081.238    19.532    -8.70    4.46
 110456.326    16.062    -9.25    5.26
 110831.496    12.394    -9.78    4.42
 111206.747     9.265    -8.34    3.45
 111582.080     7.593    -4.45    3.17
 111957.495     6.927    -1.78    3.41
 112332.991     6.611    -0.84    3.73
 112708.569     7.323     1.90    3.35
 113084.229     8.087     2.03    2.88
 113459.970     8.316     0.61    2.40
 113835.794     8.783     1.24    2.00
 114211.699     9.258     1.26    1.83
 114587.686     9.809     1.47    1.44
 114963.755    11.330     4.05    3.05
 115339.907    14.031     7.18    4.56
 115716.140    18.520    11.93    5.51
 116092.456    22.368    10.23    5.14
 116468.854    27.134    12.66    5.27
 116845.334    30.211     8.17    4.96
 117221.897    33.458     8.63    3.86
 117598.542    35.510     5.45    3.09
 117975.269    36.625     2.96    3.82
 118352.079    37.433     2.14    3.87
 118728.971    38.429     2.64    4.07
 119105.946    41.082     7.04    6.16
 119483.004    45.274    11.12    7.76
 119860.145    49.464    11.11    8.31
 120237.368    53.135     9.73    7.03
 120614.674    55.021     5.00    5.80
 120992.063    55.124     0.27    5.35
 121369.535    54.717    -1.08    5.01
 121747.089    52.699    -5.35    4.59
 122124.727    50.949    -4.63    4.48
 122502.448    49.160    -4.74    3.38
 122880.252    48.133    -2.72    3.40
 123258.140    46.968    -3.08    3.24
 123636.110    45.392    -4.17    3.12
 124014.164    44.077    -3.48    2.98
 124392.301    45.469     3.68    4.01
 124770.522    47.196     4.56    4.76
 125148.826    47.384     0.50    4.71
 125527.214    46.554    -2.19    5.30
 125905.685    43.667    -7.63    5.76
 126284.240    39.747   -10.35    3.74
 126662.879    38.170    -4.17    3.08
 127041.601    37.522    -1.71    3.88
 127420.407    37.790     0.71    4.86
 127799.297    40.868     8.12    7.22
 128178.271    43.827     7.81    7.19
 128557.329    45.086     3.32    6.49
 128936.471    41.820    -8.62    8.47
 129315.697    36.130   -15.00    8.58
 129695.007    29.520   -17.43    7.83
 130074.401    24.370   -13.58    4.81
 130453.880    21.495    -7.58    3.81
 130833.443    18.728    -7.29    3.57
 131213.090    14.404   -11.39    7.22
 131592.821    10.032   -11.51    7.34
 131972.637     6.778    -8.57    5.03
 132352.538     5.879    -2.37    4.63
 132732.523     8.041     5.69    4.99
 133112.593    11.191     8.29    4.70
 133492.747    14.343     8.29    4.27
 133872.987    16.527     5.74    3.27
 134253.311    18.061     4.03    2.16
 134633.719    18.247     0.49    2.27
 135014.213    16.848    -3.68    3.92
 135394.792    15.196    -4.34    5.76
 135775.456    12.878    -6.09    6.94
 136156.204    10.087    -7.33    7.03
 136537.038     8.041    -5.37    6.72
 136917.958     7.304    -1.93    5.48
 137298.962     8.970     4.37    5.76
 137680.052    13.728    12.49    6.80
 138061.227    20.175    16.92    8.22
 138442.487    26.121    15.60    7.27
 138815.637    29.929    10.21    6.36
 139180.780    31.474     4.23    5.52
 139546.001    32.162     1.88    5.22
 139911.298    33.520     3.72    4.93
 140276.672    35.557     5.57    4.50
 140642.124    36.204     1.77    5.24
 141007.653    33.946    -6.18    7.14
 141373.259    30.245   -10.12    7.12
 141738.943    27.216    -8.28    4.89
 142104.704    25.433    -4.88    3.19
 142470.543    25.673     0.66    3.13
 142836.459    26.163     1.34    3.14
 143202.453    26.010    -0.42    4.58
 143568.524    24.484    -4.17    7.11
 143934.673    20.310   -11.40    9.14
 144300.900    17.781    -6.91    7.67
 144667.204    18.616     2.28    8.15
 145033.587    22.455    10.48   10.78
 145400.047    30.062    20.76   10.51
 145766.585    34.812    12.96    8.60
 146133.202    38.915    11.19    6.39
 146499.896    39.724     2.21    6.05
 146866.668    41.957     6.09    5.68
 147233.519    44.469     6.85    5.04
 147600.447    45.224     2.06    4.69
 147967.454    46.755     4.17    5.76
 148334.539    46.814     0.16    5.49
 148701.703    48.299     4.04    4.90
 149068.945    48.485     0.51    4.87
 149436.265    49.574     2.97    4.90
 149803.664    50.061     1.33    5.42
 150171.141    51.052     2.70    5.86
 150538.697    52.500     3.94    5.11
 150906.331    52.876     1.02    3.38
 151274.044    51.480    -3.80    4.33
 151641.836    48.704    -7.55    5.66
 152009.707    47.363    -3.65    5.23
 152377.656    48.515     3.13    5.32
 152745.685    50.837     6.31    5.84
 153113.792    53.898     8.32    5.92
 153481.978    55.802     5.17    4.80
 153850.243    58.031     6.05    5.22
 154218.588    58.960     2.52    6.07
 154587.011    57.179    -4.83    7.17
 154955.514    58.919     4.72   10.42
 155324.096    61.674     7.47   13.80
 155692.757    67.820    16.67   14.51
 156061.497    75.548    20.96    9.70
 156430.317    74.080    -3.98   10.10
 156799.216    70.320   -10.19   10.54
 157168.195    64.969   -14.50   11.13
 157537.254    59.081   -15.96    6.87
 157906.391    58.286    -2.15    4.97
 158275.609    60.582     6.22    5.42
 158644.906    64.266     9.98    7.13
 159014.283    67.367     8.40    7.43
 159383.740    66.796    -1.55    7.65
 159753.276    64.173    -7.10    8.30
 160122.893    59.649   -12.24    8.44
 160492.589    55.404   -11.48    6.37
 160862.366    54.392    -2.74    6.91
 161232.222    54.219    -0.47    6.93
 161602.159    54.941     1.95    5.88
 161972.175    56.271     3.60    3.31
 162342.272    54.880    -3.76    3.98
 162712.450    51.783    -8.37    5.84
 163082.707    48.440    -9.03    5.46
 163453.045    47.082    -3.67    4.74
 163823.463    44.388    -7.28    6.40
 164193.962    42.495    -5.11    7.40
 164564.541    39.620    -7.76    7.60
 164935.201    36.612    -8.12    5.89
 165305.941    34.969    -4.43    3.56
 165676.762    35.216     0.67    3.43
 166047.664    35.989     2.09    2.55
 166418.646    35.680    -0.83    2.27
 166789.710    34.663    -2.74    2.24
 167160.854    33.500    -3.13    1.47
 167532.079    32.632    -2.34    2.21
 167903.385    31.500    -3.05    3.34
 168274.772    33.730     6.01    6.79
 168646.240    39.720    16.13   10.71
 169017.790    45.051    14.35   10.85
 169389.420    50.237    13.96    7.37
 169761.132    49.287    -2.56    8.57
 170132.925    44.948   -11.67   10.44
 170504.799    40.410   -12.20   10.16
 170876.755    33.587   -18.35    6.90
 171248.793    30.770    -7.57    3.97
 171620.911    32.351     4.25    6.25
 171993.112    35.153     7.53    8.78
 172365.394    38.010     7.68    8.53
 172737.757    40.768     7.41    6.64
 173110.203    40.490    -0.75    6.13
 173482.730    38.592    -5.09    4.09
 173855.339    39.750     3.11    4.67
 174228.029    42.908     8.47    5.63
 174600.802    47.306    11.80    6.28
 174973.657    51.602    11.52    5.65
 175346.594    54.545     7.89    5.41
 175719.612    55.632     2.91    4.99
 176092.713    54.210    -3.81    5.32
 176465.897    50.032   -11.20    8.61
 176839.162    44.410   -15.06    9.57
 177212.510    40.010   -11.79    7.34
 177585.940    39.020    -2.65    6.69
 177959.452    44.000    13.33    9.80
 178333.047    51.340    19.65   11.45
 178706.725    58.690    19.67   11.27
 179080.485    65.278    17.63   10.48
 179454.328    69.069    10.14   11.70
 179828.253    69.361     0.78   12.71
 180202.261    65.010   -11.63   14.66
 180576.352    57.989   -18.77   14.77
 180950.526    50.622   -19.69   11.03
 181324.783    45.774   -12.96    4.49
 181699.122    50.129    11.63    8.40
 182073.545    55.312    13.85   11.63
 182448.051    60.676    14.32   12.38
 182822.639    63.684     8.03   10.86
 183197.311    64.505     2.19   11.03
 183572.067    59.260   -14.00   12.24
 183946.905    54.000   -14.03   10.02
 184321.827    49.889   -10.97    6.39
 184696.832    48.670    -3.25    4.77
 185071.921    49.200     1.41    5.43
 185447.093    49.701     1.34    5.29
 185822.349    49.350    -0.94    5.62
 186197.688    48.250    -2.93    6.54
 186573.111    46.772    -3.94    6.21
 186948.618    47.065     0.78    6.25
 187324.208    45.660    -3.74    8.60
 187699.882    44.208    -3.86    9.78
 188075.641    42.713    -3.98   11.38
 188451.483    40.789    -5.12   11.30
 188827.409    39.650    -3.03   10.57
 189203.419    41.103     3.86   10.44
 189579.514    44.366     8.68   11.21
 189955.692    48.475    10.92   11.14
 190331.955    48.818     0.91   12.60
 190708.302    49.551     1.95   11.61
 191084.733    51.890     6.21   10.82
 191461.249    58.150    16.63   12.44
 191837.849    65.622    19.84   12.52
 192214.534    72.586    18.49   10.46
 192591.303    80.202    20.22    8.78
 192968.157    86.366    16.36   10.34
 193345.095    92.639    16.64    7.95
 193722.118    97.700    13.42    6.42
 194099.226   101.053     8.89    4.29
 194476.419   100.000    -2.79    4.89
 194853.697    97.649    -6.23    6.23
 195231.060    92.465   -13.74    7.67
 195608.507    86.685   -15.32    8.34
 195986.040    84.871    -4.80    6.78
 196363.658    84.421    -1.19    5.58
 196741.361    84.327    -0.25    4.27
 197119.149    84.022    -0.81    3.80
 197497.023    81.637    -6.31    4.31
 197874.982    78.542    -8.19    5.48
 198253.026    72.657   -15.57    9.99
 198631.156    65.794   -18.15   10.90
 199009.371    62.314    -9.20    9.14
 199387.672    61.837    -1.26    8.73
 199766.059    64.634     7.39    8.65
 200144.531    66.357     4.55    6.43
 200523.089    63.460    -7.65    7.34
 200901.733    57.081   -16.85   11.57
 201280.462    50.300   -17.91   10.43
 201659.278    49.140    -3.06    9.97
 202038.180    52.950    10.06   12.06
 202417.167    60.730    20.53    9.16
 202796.241    64.727    10.55    5.34
 203175.401    63.485    -3.28    5.47
 203554.647    60.950    -6.69    6.24
 203933.979    60.424    -1.39    6.21
 204313.398    61.449     2.70    7.17
 204692.903    65.218     9.93    7.88
 205072.494    68.260     8.02    6.71
 205452.172    65.922    -6.16    8.93
 205831.937    64.418    -3.96    9.41
 206211.788    63.376    -2.74   10.06
 206591.725    63.949     1.51   11.99
 206971.750    65.775     4.80   14.44
 207351.861    63.367    -6.33   16.56
 207732.060    62.620    -1.97   16.19
 208112.345    62.206    -1.09   13.25
 208492.717    58.520    -9.69   12.75
 208873.176    55.010    -9.22   10.68
 209253.722    49.931   -13.35   11.47
 209634.355    39.909   -26.33   16.66
 210015.076    30.663   -24.29   19.75
 210395.884    22.052   -22.62   17.93
 210776.779    17.485   -11.99   15.88
 211157.761    14.646    -7.45   14.55
 211538.831    12.310    -6.13   13.60
 211919.988     8.189   -10.81   10.92
 212301.233     5.475    -7.12   10.30
 212682.566     5.295    -0.47   12.19
 213063.986     6.782     3.90   13.35
 213442.983     9.872     8.15   14.81
 213807.885    15.178    14.54   17.19
 214172.867    20.959    15.84   16.56
 214537.927    29.614    23.71   14.87
 214903.066    35.340    15.68   11.21
 215268.284    38.384     8.34   10.63
 215633.582    38.549     0.45   11.70
 215998.958    39.135     1.61   11.69
 216364.414    39.545     1.12   10.36
 216729.949    40.347     2.20   10.14
 217095.563    45.820    14.97   10.80
 217461.256    50.762    13.52   11.55
 217827.029    55.365    12.58   12.65
 218192.881    56.805     3.94   11.60
