-161801.938   115.771     0.00    3.48
-161426.544   115.060    -1.90    3.73
-161051.232   112.095    -7.90    5.73
-160676.004   107.639   -11.88    6.86
-160300.859   103.154   -11.96    6.52
-159925.797    98.404   -12.67    5.44
-159550.817    96.010    -6.39    4.64
-159175.921    97.255     3.32    6.43
-158801.108   100.521     8.72    7.60
-158426.377   105.203    12.49    6.80
-158051.730   109.227    10.74    4.53
-157677.165   111.133     5.09    3.37
-157302.682   112.797     4.44    2.88
-156928.282   111.973    -2.20    3.89
-156553.965   110.514    -3.90    4.60
-156179.731   109.644    -2.33    5.01
-155805.578   105.660   -10.65    6.41
-155431.509   100.881   -12.78    6.75
-155057.521    97.409    -9.28    5.17
-154683.616    94.266    -8.41    3.12
-154309.793    93.196    -2.86    3.77
-153936.052    92.760    -1.17    4.07
-153562.393    91.843    -2.45    4.30
-153188.817    90.988    -2.29    3.84
-152815.322    90.644    -0.92    3.57
-152441.910    89.511    -3.03    4.43
-152068.579    89.689     0.48    4.56
-151695.330    89.677    -0.03    4.47
-151322.163    88.307    -3.67    4.47
-150949.078    86.992    -3.52    4.97
-150576.074    84.043    -7.91    5.48
-150203.152    81.144    -7.78    4.58
-149830.312    80.433    -1.91    3.87
-149457.553    80.807     1.00    3.63
-149084.876    81.256     1.20    3.24
-148712.280    80.871    -1.03    3.36
-148339.766    80.416    -1.22    3.25
-147967.333    80.002    -1.11    3.63
-147594.981    80.803     2.15    5.95
-147222.710    84.777    10.67   10.23
-146850.521    91.323    17.59   11.42
-146478.412    97.453    16.48    7.84
-146106.385   101.231    10.16    2.94
-145734.439   100.937    -0.79    2.11
-145362.574   100.026    -2.45    1.87
-144990.789    99.699    -0.88    1.96
-144619.086    99.633    -0.18    1.89
-144247.463    98.144    -4.01    3.67
-143875.921    95.863    -6.14    4.97
-143504.460    93.477    -6.42    4.58
-143133.079    92.204    -3.43    3.33
-142761.779    93.241     2.79    3.49
-142390.560    94.911     4.50    4.83
-142019.421    96.633     4.64    5.69
-141648.362    98.033     3.77    6.21
-141277.384    99.046     2.73    6.42
-140906.486   100.643     4.31    5.91
-140535.669   102.092     3.91    5.07
-140164.932   102.876     2.11    4.54
-139794.275   102.703    -0.46    4.88
-139423.698   103.941     3.34    4.02
-139053.201   104.042     0.27    3.81
-138682.784   101.742    -6.21    4.99
-138312.447   100.588    -3.12    5.26
-137942.191    99.488    -2.97    4.39
-137572.014   100.603     3.01    3.98
-137201.916   102.753     5.81    3.95
-136831.899   103.901     3.10    3.87
-136461.961   105.123     3.30    3.82
-136092.103   108.378     8.80    3.83
-135722.325   111.470     8.36    5.04
-135352.626   114.988     9.52    5.70
-134983.007   117.705     7.35    4.88
-134613.467   119.878     5.88    3.44
-134244.007   119.012    -2.34    3.88
-133874.626   117.699    -3.56    3.65
-133505.324   116.285    -3.83    3.80
-133136.101   113.529    -7.46    4.63
-132766.958   110.762    -7.50    5.83
-132397.894   108.154    -7.07    5.33
-132028.909   106.315    -4.98    2.92
-131660.003   106.391     0.21    2.99
-131291.177   106.592     0.54    3.52
-130922.429   106.457    -0.37    3.69
-130553.760   106.606     0.40    3.96
-130185.170   106.493    -0.31    3.93
-129816.658   106.782     0.78    4.10
-129448.226   104.939    -5.00    4.86
-129079.872   102.491    -6.65    4.21
-128711.597   102.042    -1.22    3.80
-128343.400   102.837     2.16    4.64
-127975.282   104.080     3.37    5.45
-127607.243   104.613     1.45    6.52
-127239.282   102.536    -5.65    7.53
-126871.400    98.962    -9.72    7.19
-126503.595    96.383    -7.01    5.91
-126135.869    94.776    -4.37    3.52
-125768.222    93.113    -4.53    4.20
-125400.653    90.810    -6.26    6.22
-125033.161    90.103    -1.92    6.80
-124665.748    89.533    -1.55    6.20
-124298.413    89.253    -0.76    5.66
-123931.156    86.492    -7.52    8.69
-123563.977    81.817   -12.73   10.93
-123196.876    78.665    -8.59   10.98
-122829.853    76.226    -6.65   10.11
-122462.908    73.010    -8.77   10.47
-122096.040    66.775   -16.99   10.64
-121729.250    67.638     2.35   11.52
-121362.538    70.731     8.43   13.49
-120995.903    78.497    21.18   13.20
-120629.346    85.470    19.03    5.80
-120262.867    86.215     2.03    4.77
-119896.465    85.523    -1.89    6.31
-119530.140    84.415    -3.03    7.81
-119163.893    83.224    -3.25   10.35
-118797.723    82.316    -2.48   11.24
-118431.631    81.173    -3.12   11.95
-118065.615    79.144    -5.54   11.72
-117699.677    74.494   -12.71   12.95
-117333.816    70.977    -9.61   12.66
-116968.032    67.266   -10.15   10.32
-116602.325    65.103    -5.92    8.08
-116236.696    65.219     0.32    6.85
-115871.143    65.582     0.99    7.25
-115505.667    66.307     1.98    8.69
-115140.268    63.608    -7.39   10.01
-114774.945    61.463    -5.87    9.75
-114409.700    59.814    -4.52    8.54
-114031.280    58.512    -3.44    6.87
-113650.002    62.144     9.52    8.37
-113268.808    67.912    15.13    8.23
-112887.699    73.814    15.49    5.43
-112506.675    76.680     7.52    2.39
-112125.736    77.010     0.87    1.91
-111744.882    77.512     1.32    2.48
-111364.112    77.467    -0.12    2.69
-110983.427    76.628    -2.20    3.63
-110602.827    74.711    -5.04    4.96
-110222.311    72.226    -6.53    4.57
-109841.880    70.133    -5.50    3.18
-109461.533    69.681    -1.19    2.93
-109081.270    69.756     0.20    2.75
-108701.092    69.467    -0.76    2.94
-108320.998    68.010    -3.83    3.56
-107940.988    64.228    -9.95    7.06
-107561.062    60.566    -9.64    7.61
-107181.221    60.923     0.94    8.33
-106801.463    65.756    12.73   10.04
-106421.790    73.050    19.21    9.21
-106042.200    79.989    18.28    7.39
-105662.694    84.310    11.39    5.88
-105283.272    87.020     7.14    3.39
-104903.934    86.397    -1.64    4.21
-104524.679    83.776    -6.91    4.97
-104145.508    81.608    -5.72    5.53
-103766.421    79.968    -4.32    5.24
-103387.417    79.628    -0.90    4.64
-103008.497    79.456    -0.45    4.20
-102629.660    79.239    -0.57    3.91
-102250.907    76.300    -7.76    4.93
-101872.236    72.278   -10.62    5.05
-101493.649    68.329   -10.43    4.42
-101115.146    65.040    -8.69    4.15
-100736.725    64.498    -1.43    5.17
-100358.388    66.586     5.52    7.14
 -99980.133    70.675    10.81    7.53
 -99601.962    75.144    11.82    6.18
 -99223.874    79.881    12.53    6.37
 -98845.868    83.248     8.91    6.39
 -98467.945    86.185     7.77    5.56
 -98090.106    86.010    -0.47    6.31
 -97712.348    83.432    -6.82    7.68
 -97334.674    76.852   -17.42   11.14
 -96957.082    67.849   -23.84   14.44
 -96579.573    60.092   -20.55   13.13
 -96202.146    53.548   -17.34    8.93
 -95824.802    55.550     5.31   10.32
 -95447.540    63.608    21.36   12.47
 -95070.360    72.654    23.99   11.72
 -94693.263    80.079    19.69    8.62
 -94316.248    84.432    11.55    7.43
 -93939.315    88.241    10.10    8.07
 -93562.464    90.855     6.94    8.92
 -93185.696    94.655    10.09   10.16
 -92809.009    99.968    14.11   12.98
 -92432.405   105.778    15.43   15.24
 -92055.882   113.186    19.68   18.27
 -91679.441   118.933    15.27   18.70
 -91303.082   123.582    12.35   17.14
 -90926.805   125.525     5.16   13.63
 -90550.610   124.224    -3.46   10.70
 -90174.496   121.342    -7.66    9.45
 -89798.464   115.597   -15.28    8.19
 -89422.513   111.514   -10.86    5.90
 -89046.644   110.487    -2.73    4.42
 -88670.856   112.197     4.55    4.98
 -88295.150   115.175     7.93    5.39
 -87919.525   116.092     2.44    4.56
 -87543.982   116.031    -0.16    4.19
 -87168.520   115.407    -1.66    4.00
 -86793.138   114.649    -2.02    4.36
 -86417.838   113.718    -2.48    4.59
 -86042.620   113.685    -0.09    5.33
 -85667.482   113.490    -0.52    6.76
 -85292.425   114.260     2.05    8.38
 -84917.449   115.144     2.36    9.30
 -84542.554   118.248     8.28   10.66
 -84167.740   121.512     8.71   10.52
 -83793.007   124.091     6.88    8.65
 -83418.354   124.051    -0.11    8.52
 -83043.782   123.036    -2.71    8.60
 -82669.291   121.721    -3.51    8.34
 -82294.880   119.463    -6.03    8.31
 -81920.550   118.012    -3.88    8.64
 -81546.300   117.644    -0.98    8.77
 -81172.131   115.927    -4.59    8.27
 -80798.042   113.628    -6.15    9.09
 -80424.033   109.758   -10.35    9.97
 -80050.105   105.351   -11.79    8.96
 -79676.257   102.608    -7.34    8.51
 -79302.489    99.571    -8.13    9.92
 -78928.801    97.999    -4.21   11.43
 -78555.193    96.039    -5.25   11.66
 -78181.665    95.702    -0.90   10.18
 -77808.217    94.979    -1.94    8.57
 -77434.850    93.269    -4.58    7.37
 -77061.562    88.623   -12.45    8.47
 -76688.353    81.026   -20.36   10.59
 -76315.225    76.331   -12.58    9.14
 -75942.176    74.309    -5.42    6.36
 -75569.207    75.762     3.90    5.83
 -75196.318    79.286     9.45    3.10
 -74823.508    81.497     5.93    2.07
 -74450.777    82.000     1.35    2.11
 -74078.126    81.800    -0.54    2.24
 -73705.555    80.438    -3.66    3.68
 -73333.063    76.360   -10.95    6.07
 -72960.650    70.230   -16.46    9.88
 -72588.316    60.883   -25.10   12.39
 -72216.062    54.623   -16.82   10.55
 -71843.887    51.491    -8.42    8.07
 -71471.791    54.325     7.62   10.06
 -71099.774    58.912    12.33   10.39
 -70727.836    62.723    10.25    9.53
 -70355.977    63.846     3.02    9.61
 -69984.196    64.927     2.91    7.99
 -69612.495    66.633     4.59    6.30
 -69240.873    68.772     5.75    5.55
 -68869.329    70.011     3.34    5.53
 -68497.864    68.566    -3.89    6.60
 -68126.478    66.965    -4.31    6.16
 -67755.170    66.912    -0.14    6.18
 -67383.941    68.639     4.65    7.41
 -67012.790    70.818     5.87    7.75
 -66641.718    73.290     6.66    8.14
 -66270.724    73.270    -0.05    8.20
 -65899.809    71.717    -4.19    8.01
 -65528.972    70.307    -3.80    6.99
 -65158.213    68.977    -3.59    6.61
 -64787.532    66.929    -5.53    5.26
 -64416.930    65.680    -3.37    6.08
 -64046.406    62.667    -8.13    7.80
 -63675.959    57.977   -12.66    9.34
 -63305.591    49.613   -22.59   12.66
 -62935.301    38.977   -28.72   12.88
 -62565.089    33.240   -15.50    9.64
 -62194.954    32.310    -2.51    8.71
 -61824.898    36.267    10.69    9.69
 -61454.919    43.144    18.59    6.32
 -61085.018    46.463     8.97    4.13
 -60715.194    47.449     2.66    3.57
 -60345.449    47.270    -0.48    3.32
 -59975.781    46.267    -2.71    2.68
 -59606.190    46.040    -0.61    2.78
 -59236.677    45.908    -0.36    3.23
 -58867.241    44.849    -2.87    4.28
 -58497.883    43.431    -3.84    5.57
 -58128.602    40.718    -7.35    5.88
 -57759.398    38.123    -7.03    6.19
 -57390.272    35.314    -7.61    6.00
 -57021.223    33.460    -5.03    5.57
 -56652.251    31.764    -4.60    5.93
 -56283.356    32.446     1.85    6.63
 -55914.538    34.122     4.54    8.38
 -55545.797    37.754     9.85    9.78
 -55177.133    42.329    12.41   10.21
 -54808.546    47.628    14.38   10.13
 -54440.036    51.460    10.40    8.76
 -54071.603    55.312    10.46    6.57
 -53703.246    57.967     7.21    4.66
 -53334.966    60.080     5.74    3.39
 -52966.763    61.279     3.26    2.85
 -52598.637    61.112    -0.46    3.72
 -52230.587    56.950   -11.31    8.28
 -51862.614    51.544   -14.69    8.76
 -51494.717    48.175    -9.16    6.75
 -51126.896    46.144    -5.52    4.71
 -50759.152    46.931     2.14    4.46
 -50391.484    48.439     4.10    3.72
 -50023.893    49.229     2.15    3.90
 -49656.378    51.060     4.98    4.11
 -49288.939    52.958     5.16    3.11
 -48921.576    52.740    -0.59    3.16
 -48554.290    52.358    -1.04    3.11
 -48187.079    52.071    -0.78    2.81
 -47819.944    51.754    -0.86    2.66
 -47452.886    50.696    -2.88    3.01
 -47085.903    49.428    -3.45    3.26
 -46718.996    48.431    -2.72    2.69
 -46352.165    48.883     1.23    2.85
 -45985.410    49.520     1.74    2.75
 -45618.731    50.705     3.23    2.40
 -45252.127    52.589     5.14    3.73
 -44885.599    53.933     3.67    4.82
 -44519.146    55.949     5.50    5.09
 -44152.769    57.921     5.38    5.35
 -43786.468    59.923     5.47    6.20
 -43420.242    60.516     1.62    7.23
 -43054.091    58.738    -4.86    8.02
 -42688.016    57.589    -3.14    7.75
 -42322.016    57.697     0.30    8.06
 -41956.091    59.338     4.48    8.87
 -41590.242    61.123     4.88    7.98
 -41224.468    59.445    -4.59    8.63
 -40858.769    55.775   -10.04    7.60
 -40493.145    53.857    -5.25    5.46
 -40127.596    53.187    -1.83    3.87
 -39762.122    54.860     4.58    3.95
 -39388.150    57.056     5.87    4.04
 -39007.038    58.896     4.83    4.39
 -38626.010    59.984     2.86    4.83
 -38245.064    60.891     2.38    5.49
 -37864.201    61.903     2.66    6.14
 -37483.421    63.954     5.39    6.59
 -37102.722    66.840     7.58    6.40
 -36722.107    67.342     1.32    5.52
 -36341.574    66.438    -2.38    5.54
 -35961.123    65.649    -2.07    5.78
 -35580.755    64.983    -1.75    5.73
 -35200.469    65.912     2.44    5.49
 -34820.265    66.391     1.26    4.43
 -34440.143    66.185    -0.54    4.53
 -34060.104    68.814     6.92    7.73
 -33680.146    72.538     9.80   10.37
 -33300.271    79.080    17.22   11.61
 -32920.477    85.016    15.63    9.92
 -32540.766    90.565    14.61    8.70
 -32161.136    95.133    12.03    6.50
 -31781.588    98.623     9.19    5.58
 -31402.122   101.623     7.91    5.47
 -31022.737   102.804     3.11    4.87
 -30643.434   103.533     1.92    5.10
 -30264.213   102.367    -3.07    5.56
 -29885.073   100.860    -3.98    6.13
 -29506.015    99.335    -4.02    6.57
 -29127.038    97.814    -4.01    6.50
 -28748.143    96.474    -3.54    5.45
 -28369.329    96.378    -0.25    5.42
 -27990.596    95.570    -2.13    5.62
 -27611.945    93.740    -4.83    6.10
 -27233.375    91.538    -5.82    7.08
 -26854.885    89.314    -5.87    6.87
 -26476.477    85.133   -11.05    8.16
 -26098.150    78.460   -17.64   11.60
 -25719.904    70.889   -20.02   12.03
 -25341.739    66.187   -12.43    8.93
 -24963.655    65.782    -1.07    5.86
 -24585.651    68.953     8.39    6.21
 -24207.729    72.942    10.56    5.26
 -23829.887    75.520     6.82    4.70
 -23452.125    79.293     9.99    7.65
 -23074.445    83.048     9.94    8.45
 -22696.845    87.570    11.97    7.71
 -22319.325    91.357    10.03    6.55
 -21941.886    94.865     9.29    7.20
 -21564.527    97.102     5.93    7.00
 -21187.249    98.424     3.50    7.84
 -20810.051    96.899    -4.04   10.39
 -20432.933    94.729    -5.75   11.18
 -20055.896    93.714    -2.69   10.54
 -19678.939    93.995     0.75    9.01
 -19302.061    94.304     0.82    7.93
 -18925.264    93.059    -3.30    8.34
 -18548.547    89.729    -8.84    9.41
 -18171.910    84.542   -13.77    7.82
 -17795.353    81.346    -8.49    5.94
 -17418.875    77.133   -11.19    4.96
 -17042.478    74.849    -6.07    5.06
 -16666.160    73.499    -3.59    4.74
 -16289.922    71.633    -4.96    4.85
 -15913.763    69.056    -6.85    6.26
 -15537.684    66.676    -6.33    6.30
 -15161.685    62.911   -10.01    7.08
 -14785.765    59.460    -9.18    7.92
 -14409.925    54.403   -13.45    8.58
 -14034.164    48.899   -14.65    8.50
 -13658.483    44.651   -11.31    7.56
 -13282.881    40.772   -10.33    6.85
 -12907.358    36.989   -10.07    4.71
 -12531.914    34.041    -7.85    4.79
 -12156.549    31.344    -7.18    3.62
 -11781.264    30.279    -2.84    4.42
 -11406.058    27.411    -7.64    5.99
 -11030.930    25.491    -5.12    6.50
 -10655.882    23.167    -6.20    6.26
 -10280.912    20.218    -7.86    5.60
  -9906.022    16.287   -10.49    8.13
  -9531.210    12.383   -10.42    8.73
  -9156.477     8.309   -10.87    7.91
  -8781.823     5.718    -6.92    6.24
  -8407.247     6.746     2.74    7.66
  -8032.750     8.923     5.81    8.77
  -7658.332     9.633     1.90    8.71
  -7283.992     9.644     0.03    8.06
  -6909.730     6.622    -8.07    7.48
  -6535.548     1.921   -12.57    5.55
  -6161.443     0.666    -3.35    5.68
  -5787.417    -1.079    -4.67    5.08
  -5413.469    -1.218    -0.37    4.48
  -5039.599    -0.652     1.51    4.76
  -4665.807     0.272     2.47    5.61
  -4292.094     1.111     2.25    6.19
  -3918.459     1.439     0.88    5.52
  -3544.901     0.386    -2.82    2.37
  -3171.422    -0.941    -3.55    2.67
  -2798.021    -2.294    -3.62    3.39
  -2424.697    -3.260    -2.59    3.92
  -2051.452    -3.253     0.02    4.32
  -1678.284    -2.308     2.53    3.63
  -1305.194    -1.464     2.26    2.42
   -932.182    -1.079     1.03    1.87
   -559.247    -1.108    -0.08    2.20
   -186.390    -1.677    -1.53    3.44
    186.390    -2.351    -1.81    4.33
    559.092    -2.739    -1.04    4.41
    931.716    -1.941     2.14    5.07
   1304.263     3.123    13.59    9.94
   1676.733     7.546    11.88   10.43
   2049.126    10.972     9.20    8.38
   2421.441    11.015     0.12    8.42
   2793.679     6.596   -11.87    7.93
   3165.839     4.410    -5.87    6.48
   3537.923     6.199     4.81    9.98
   3909.930    13.897    20.69   14.55
   4281.859    21.441    20.28   14.91
   4653.712    27.039    15.05   14.19
   5025.487    30.400     9.04   13.85
   5397.186    30.302    -0.26   14.50
   5768.808    30.931     1.69   14.23
   6140.353    30.974     0.11   13.63
   6511.821    29.331    -4.42   12.41
   6883.213    28.456    -2.36   11.68
   7254.528    25.262    -8.60   10.33
   7625.766    20.927   -11.68    7.86
   7996.928    18.453    -6.67    6.41
   8368.013    15.617    -7.64    5.94
   8739.022    13.832    -4.81    5.00
   9109.954    11.257    -6.94    5.54
   9480.810     9.655    -4.32    5.64
   9851.590     9.749     0.25    6.16
  10222.293     9.867     0.32    6.52
  10592.920    11.202     3.60    7.27
  10963.471     8.252    -7.96    8.92
  11333.946     6.467    -4.82    9.14
  11704.344     4.644    -4.92    6.86
  12074.667     3.606    -2.80    4.38
  12444.914     6.206     7.02    2.74
  12815.084     7.854     4.45    2.94
  13185.179     9.753     5.13    3.40
  13555.198    10.357     1.63    3.28
  13925.141     9.252    -2.99    4.01
  14295.008     9.004    -0.67    4.50
  14664.800    10.069     2.88    5.51
  15034.516    11.875     4.89    5.26
  15404.156    14.167     6.20    3.60
  15773.721    13.918    -0.67    3.65
  16143.210    12.738    -3.19    4.02
  16512.623     9.865    -7.78    6.39
  16881.962     7.201    -7.21    6.50
  17251.224     6.538    -1.80    5.58
  17620.412     5.938    -1.62    4.71
  17989.524     8.003     5.60    3.52
  18358.561     8.908     2.45    2.89
  18727.522     9.165     0.70    2.88
  19096.409     9.786     1.68    1.99
  19465.220     9.375    -1.11    2.12
  19833.956     8.197    -3.19    3.07
  20202.617     8.708     1.39    4.84
  20571.203    12.026     9.00    9.08
  20939.715    15.505     9.44    9.94
  21308.151    23.506    21.71   11.15
  21676.512    30.848    19.93   10.79
  22044.799    37.273    17.45    9.63
  22413.011    41.197    10.66    5.51
  22781.148    37.133   -11.04   10.16
  23149.210    30.677   -17.54   12.40
  23517.198    23.318   -20.00   11.28
  23885.112    21.176    -5.82    9.69
  24252.950    21.917     2.01   11.00
  24620.714    22.273     0.97   10.05
  24988.404    22.715     1.20    8.70
  25356.019    21.553    -3.16    9.03
  25723.560    20.936    -1.68    8.93
  26091.027    22.525     4.32    9.53
  26458.419    21.198    -3.61   11.42
  26825.738    18.536    -7.25   11.78
  27192.982    14.676   -10.51    9.75
  27560.151    14.655    -0.06    8.30
  27927.247    18.908    11.58    9.64
  28294.269    21.467     6.97    8.12
  28661.216    24.219     7.50    7.51
  29028.090    25.731     4.12    8.15
  29394.890    27.293     4.26    7.52
  29761.616    31.177    10.59    7.41
  30128.268    33.716     6.92    6.16
  30494.846    36.940     8.79    5.36
  30861.351    38.645     4.65    4.04
  31227.782    37.782    -2.35    4.24
  31594.139    35.515    -6.19    5.97
  31960.422    30.563   -13.52    7.94
  32326.632    24.588   -16.32    9.01
  32692.769    20.058   -12.37    7.69
  33058.832    17.474    -7.06    6.49
  33424.821    16.525    -2.59    6.89
  33790.738    16.531     0.02    6.60
  34156.581    18.914     6.51    7.25
  34522.350    22.176     8.92    9.07
  34888.046    28.931    18.47    9.84
  35257.921    34.843    15.98    7.33
  35638.867    38.403     9.34    6.06
  36019.733    40.474     5.44    4.40
  36400.519    41.804     3.49    3.62
  36781.224    42.644     2.21    2.82
  37161.848    42.054    -1.55    2.54
  37542.392    42.229     0.46    2.60
  37922.856    41.145    -2.85    2.75
  38303.239    41.070    -0.20    2.89
  38683.542    40.756    -0.83    3.14
  39063.766    40.899     0.38    3.38
  39443.908    42.557     4.36    3.51
  39823.971    44.261     4.48    3.51
  40203.954    45.563     3.43    2.51
  40583.857    46.057     1.30    1.67
  40963.680    46.346     0.76    2.02
  41343.423    46.254    -0.24    2.10
  41723.086    46.240    -0.04    2.13
  42102.670    45.942    -0.78    2.23
  42482.173    45.772    -0.45    2.41
  42861.597    44.724    -2.76    3.33
  43240.942    42.144    -6.80    4.95
  43620.206    41.156    -2.60    4.77
  43999.392    41.080    -0.20    4.47
  44378.497    42.292     3.20    3.82
  44757.524    42.596     0.80    2.70
  45136.471    40.849    -4.61    2.77
  45515.338    39.692    -3.05    2.76
  45894.127    39.963     0.71    2.77
  46272.836    40.703     1.95    2.84
  46651.466    40.292    -1.08    2.95
  47030.017    39.394    -2.37    3.31
  47408.488    37.706    -4.46    3.35
  47786.881    37.296    -1.08    3.20
  48165.194    34.827    -6.53    5.95
  48543.429    28.768   -16.02    9.83
  48921.585    23.099   -14.99    9.46
  49299.662    22.467    -1.67    9.71
  49677.660    27.432    13.14   12.60
  50055.580    32.899    14.47   10.88
  50433.420    35.846     7.80    8.60
  50811.182    35.516    -0.87    6.70
  51188.866    32.708    -7.44    4.79
  51566.471    30.434    -6.02    4.14
  51943.997    31.329     2.37    5.08
  52321.445    31.316    -0.03    4.99
  52698.815    32.857     4.08    4.77
  53076.106    35.402     6.74    6.81
  53453.319    37.645     5.95    7.20
  53830.453    41.187     9.39    5.74
  54207.510    42.901     4.54    4.22
  54584.488    42.068    -2.21    4.26
  54961.388    41.819    -0.66    4.43
  55338.210    40.481    -3.55    4.48
  55714.954    37.331    -8.36    6.79
  56091.620    33.025   -11.43    7.78
  56468.208    29.598    -9.10    5.68
  56844.718    28.677    -2.45    3.82
  57221.151    30.215     4.09    2.49
  57597.505    30.633     1.11    1.87
  57973.782    31.536     2.40    2.33
  58349.981    32.155     1.65    2.51
  58726.103    32.835     1.81    2.11
  59102.147    33.014     0.48    2.04
  59478.113    31.524    -3.96    2.62
  59854.002    30.090    -3.82    2.53
  60229.813    29.444    -1.72    2.48
  60605.547    30.015     1.52    2.65
  60981.204    30.389     1.00    2.64
  61356.783    32.434     5.45    3.57
  61732.285    34.300     4.97    4.53
  62107.710    36.951     7.06    4.82
  62483.058    41.232    11.41    4.35
  62858.329    46.036    12.80    6.34
  63233.522    51.430    14.38    7.12
  63608.638    56.298    12.98    5.28
  63983.678    59.198     7.73    3.43
  64358.640    61.397     5.86    3.05
  64733.526    63.198     4.80    4.40
  65108.335    66.507     8.83    4.25
  65483.067    67.370     2.30    3.81
  65857.722    67.000    -0.99    4.78
  66232.301    66.789    -0.56    5.39
  66606.803    69.978     8.51    8.90
  66981.228    74.992    13.39    9.92
  67355.577    81.367    17.03    8.90
  67729.849    84.219     7.62    6.99
  68104.045    83.684    -1.43    7.57
  68478.164    80.811    -7.68    7.91
  68852.207    77.986    -7.55    5.83
  69226.174    76.746    -3.31    4.05
  69600.064    75.645    -2.95    4.12
  69973.878    72.731    -7.79    5.32
  70347.616    68.679   -10.84    4.98
  70721.278    65.351    -8.91    5.54
  71094.864    59.995   -14.33    7.95
  71468.373    54.956   -13.49    8.88
  71841.807    49.667   -14.16    9.62
  72215.165    43.067   -17.68   11.79
  72588.446    40.444    -7.03   13.04
  72961.652    36.307   -11.08   11.89
  73334.782    31.389   -13.18   10.83
  73707.836    27.329   -10.88    8.24
  74080.815    24.901    -6.51    5.68
  74453.718    25.969     2.86    6.03
  74826.545    29.667     9.92    5.69
  75199.297    33.507    10.30    6.41
  75571.973    38.831    14.29    7.11
  75944.573    45.068    16.74    7.39
  76317.098    49.395    11.61    5.22
  76689.548    51.359     5.27    2.58
  77061.922    50.747    -1.64    2.72
  77434.221    47.557    -8.57    6.21
  77806.445    43.644   -10.51    7.28
  78178.594    40.242    -9.14    8.16
  78550.667    39.467    -2.08    8.12
  78922.665    41.058     4.28    9.04
  79294.588    44.155     8.33    8.80
  79666.436    46.760     7.00    7.31
  80038.209    47.881     3.01    5.48
  80409.907    46.089    -4.82    6.06
  80781.530    43.394    -7.25    6.63
  81153.079    40.895    -6.73    4.93
  81524.552    41.854     2.58    4.77
  81895.951    44.459     7.01    3.60
  82267.275    45.305     2.28    2.90
  82638.524    46.789     3.99    4.45
  83009.698    49.703     7.85    6.65
  83380.798    52.440     7.37    6.16
  83751.824    56.829    11.83    5.09
  84122.775    59.689     7.71    5.26
  84493.651    61.340     4.45    4.41
  84864.453    61.852     1.38    3.40
  85235.181    60.408    -3.90    3.86
  85605.834    58.889    -4.10    3.85
  85976.413    57.045    -4.97    3.98
  86346.918    56.221    -2.22    4.14
  86717.348    55.364    -2.31    4.36
  87087.705    54.199    -3.14    4.18
  87457.987    55.122     2.49    4.33
  87828.195    54.546    -1.56    4.66
  88198.329    54.598     0.14    4.93
  88568.390    54.340    -0.70    4.51
  88938.376    55.052     1.92    5.32
  89308.288    57.949     7.83    5.82
  89678.127    61.111     8.55    4.50
  90047.891    63.144     5.50    2.51
  90417.582    64.689     4.18    2.95
  90787.199    65.023     0.91    3.30
  91156.743    64.068    -2.58    4.19
  91526.213    60.089   -10.77    7.43
  91895.609    54.056   -16.33    9.09
  92264.932    47.766   -17.03    8.48
  92634.181    44.959    -7.60    7.04
  93003.357    46.088     3.06    8.39
  93372.459    52.133    16.38    9.72
  93741.488    57.866    15.53    6.91
  94110.444    60.036     5.88    7.06
  94479.327    59.459    -1.56    8.64
  94848.136    55.242   -11.43    9.99
  95216.872    53.478    -4.78    8.58
  95585.534    53.177    -0.82    8.62
  95954.124    54.434     3.41    8.94
  96322.641    60.278    15.86    8.49
  96691.084    63.155     7.81    6.76
  97059.455    63.234     0.22    6.14
  97427.753    61.940    -3.52    5.85
  97795.978    61.645    -0.80    5.95
  98164.130    63.287     4.46    6.92
  98532.209    66.627     9.07    7.26
  98900.215    67.753     3.06    7.41
  99268.149    66.910    -2.29    7.53
  99636.010    59.822   -19.27   12.34
 100003.798    51.938   -21.43   11.92
 100371.514    48.579    -9.13   10.25
 100739.157    47.324    -3.41    8.28
 101106.728    51.298    10.81    7.63
 101474.226    53.722     6.60    7.04
 101841.652    55.883     5.88    7.91
 102209.005    59.089     8.73    9.16
 102576.286    64.087    13.61    9.06
 102943.495    69.021    13.43    7.39
 103310.631    72.145     8.51    6.40
 103677.696    71.644    -1.36    8.44
 104044.688    68.062    -9.76   11.43
 104411.608    64.496    -9.72   11.20
 104778.456    61.352    -8.57    9.83
 105145.231    62.400     2.86    7.89
 105511.935    63.736     3.64    6.17
 105878.567    67.740    10.92    7.35
 106245.127    72.727    13.60    9.22
 106611.615    79.432    18.30    8.34
 106978.031    84.546    13.96    6.72
 107344.376    87.098     6.96    5.15
 107710.649    88.012     2.50    5.09
 108076.850    88.086     0.20    4.68
 108442.979    85.043    -8.31    7.03
 108809.037    83.577    -4.01    7.19
 109175.023    81.200    -6.49    7.05
 109540.938    78.922    -6.22    6.71
 109907.048    80.441     4.15    7.49
 110287.830    81.511     2.81    8.07
 110668.534    87.700    16.26    9.05
 111049.159    95.986    21.77   10.10
 111429.706   101.289    13.93    9.31
 111810.175   106.043    12.50    7.57
 112190.565   106.177     0.35    7.16
 112570.877   100.756   -14.25    9.93
 112951.111    98.452    -6.06    9.70
 113331.267    97.145    -3.44    8.25
 113711.344   101.025    10.21    9.61
 114091.344   107.673    17.49    8.18
 114471.266   111.694    10.58    6.91
 114851.110   112.886     3.14    6.08
 115230.876   111.298    -4.18    7.78
 115610.564   108.776    -6.64    8.43
 115990.174   104.738   -10.64    8.64
 116369.706   101.479    -8.59    8.17
 116749.161    98.793    -7.08    5.75
 117128.538    98.895     0.27    6.44
 117507.838   101.819     7.71    6.92
 117887.060   104.796     7.85    5.88
 118266.205   106.448     4.36    4.23
 118645.272   104.722    -4.55    5.01
 119024.261   101.022    -9.76    6.87
 119403.174    93.674   -19.39   10.26
 119782.009    86.705   -18.39   11.27
 120160.766    82.247   -11.77   10.00
 120539.447    80.211    -5.38    9.75
 120918.050    79.300    -2.41   11.38
 121296.576    78.722    -1.53   11.51
 121675.025    79.617     2.36   10.40
 122053.397    81.222     4.24   10.42
 122431.693    86.553    14.09   11.31
 122809.911    90.778    11.17    9.28
 123188.052    91.878     2.91    7.98
 123566.116    93.706     4.84    8.33
 123944.104    93.861     0.41    7.47
 124322.015    95.565     4.51    7.05
 124699.849    96.844     3.39    6.17
 125077.606    94.489    -6.24    6.59
 125455.287    93.100    -3.68    6.40
 125832.891    90.779    -6.15    6.01
 126210.419    90.822     0.12    5.15
 126587.870    91.034     0.56    4.65
 126965.245    92.356     3.50    5.10
 127342.543    93.849     3.96    4.20
 127719.765    92.785    -2.82    4.61
 128096.911    91.007    -4.71    5.64
 128473.980    88.804    -5.84    5.06
 128850.974    89.122     0.84    5.12
 129227.891    91.022     5.04    4.98
 129604.732    92.588     4.15    3.99
 129981.497    94.222     4.34    4.48
 130358.186    95.271     2.78    6.80
 130734.799    97.837     6.81    7.41
 131111.336    98.766     2.47    7.29
 131487.797    97.056    -4.54    7.92
 131864.182    93.965    -8.21    7.89
 132240.492    92.633    -3.54    6.68
 132616.725    93.478     2.24    5.32
 132992.883    94.500     2.72    5.26
 133368.966    94.369    -0.35    5.55
 133744.972    90.633    -9.93    5.98
 134120.903    86.383   -11.30    6.02
 134496.759    80.644   -15.27    8.39
 134872.539    75.903   -12.62    8.84
 135248.244    70.089   -15.47   10.43
 135623.873    65.317   -12.70   10.95
 135999.427    59.684   -15.00   10.12
 136374.906    54.110   -14.84   10.90
 136750.309    47.727   -17.00   10.33
 137125.638    44.294    -9.14    9.38
 137500.891    41.733    -6.82    9.84
 137876.069    39.559    -5.80   11.67
 138251.171    33.967   -14.91   14.00
 138626.199    24.567   -25.06   12.62
 139001.152    16.489   -21.54    9.64
 139376.030    11.188   -14.14    5.54
 139750.833     8.589    -6.93    2.95
 140125.561     9.077     1.30    3.38
 140500.214    10.100     2.73    3.00
 140874.793     9.667    -1.15    3.22
 141249.297     9.268    -1.07    3.12
 141623.726     7.531    -4.64    2.82
 141998.080     5.724    -4.83    2.62
 142372.360     5.467    -0.69    2.63
 142746.566     5.313    -0.41    2.86
 143120.697     6.122     2.16    3.50
 143494.753     6.395     0.73    3.43
 143868.735     5.724    -1.79    2.85
 144242.643     5.417    -0.82    2.22
 144616.476     5.437     0.05    2.79
 144990.235     4.997    -1.18    2.85
 145363.920     4.589    -1.09    2.18
 145737.531     3.869    -1.93    1.54
 146111.067     3.695    -0.47    1.50
 146484.529     4.260     1.51    2.62
 146857.918     4.956     1.86    3.47
 147231.232     6.156     3.21    4.10
 147604.472     7.178     2.74    4.29
 147977.639     7.929     2.01    4.54
 148350.731     8.276     0.93    4.52
 148723.750     8.770     1.32    4.25
 149096.695     9.644     2.35    4.22
 149469.566     9.657     0.03    4.46
 149842.363    10.088     1.16    4.77
 150215.087     9.326    -2.04    4.64
 150587.737     7.313    -5.40    4.17
 150960.313     6.651    -1.78    3.18
 151332.816     7.042     1.05    3.39
 151705.246     7.990     2.55    3.46
 152077.602     9.400     3.78    3.19
 152449.885    11.062     4.46    4.24
 152822.094    15.177    11.06    7.52
 153194.230    20.459    14.19    7.99
 153566.292    25.622    13.88    6.71
 153938.282    28.622     8.06    4.03
 154310.198    29.433     2.18    3.55
 154682.041    28.835    -1.61    3.18
 155053.811    27.077    -4.73    2.72
 155425.508    26.789    -0.78    2.72
 155797.132    27.690     2.43    3.19
 156168.683    29.440     4.71    3.91
 156540.160    31.190     4.71    4.38
 156911.566    33.542     6.33    4.64
 157282.898    36.406     7.71    4.83
 157654.157    38.304     5.11    3.72
 158025.344    40.536     6.01    3.51
 158396.458    43.684     8.48    4.59
 158767.499    48.409    12.73    7.08
 159138.467    53.489    13.69    7.53
 159509.363    59.547    16.33    8.40
 159880.187    64.969    14.62    8.02
 160250.938    68.680    10.01    6.46
 160621.616    71.353     7.21    5.86
 160992.222    73.205     5.00    5.21
 161362.756    73.644     1.19    4.96
 161733.217    74.627     2.65    3.87
 162103.606    74.279    -0.94    4.24
 162473.923    73.181    -2.97    4.43
 162844.167    73.605     1.15    4.90
 163214.339    75.398     4.84    5.45
 163584.439    78.279     7.79    4.65
 163954.468    80.656     6.42    4.89
 164324.424    83.156     6.76    4.45
 164694.308    85.429     6.14    4.33
 165064.120    88.333     7.85    4.39
 165433.860    88.538     0.55    5.32
 165803.528    88.076    -1.25    7.75
 166173.124    87.133    -2.55    9.90
 166542.649    86.306    -2.24   10.00
 166912.102    83.356    -7.98   10.74
 167281.483    76.475   -18.63   13.10
 167650.792    72.111   -11.81   12.37
 168020.030    69.967    -5.81    9.94
 168389.196    70.099     0.36   11.52
 168758.291    70.844     2.02   13.84
 169127.314    67.605    -8.78   14.75
 169496.266    63.598   -10.86   11.85
 169865.146    60.974    -7.11    9.07
 170233.955    60.777    -0.53    7.41
 170602.692    60.976     0.54    6.98
 170971.359    62.010     2.80    6.91
 171339.954    62.833     2.23    9.38
 171708.477    61.616    -3.30   10.73
 172076.930    57.903   -10.08   12.61
 172445.311    56.689    -3.30   12.13
 172813.622    59.915     8.76   11.41
 173181.861    64.782    13.21   11.66
 173550.029    70.919    16.67   12.62
 173918.126    77.400    17.60   11.25
 174286.153    82.479    13.80    9.63
 174654.108    83.952     4.00    7.74
 175021.993    83.312    -1.74    7.46
 175389.807    81.448    -5.07    8.33
 175757.550    79.972    -4.01    8.35
 176125.222    77.706    -6.16    8.67
 176492.823    74.724    -8.11    9.22
 176860.354    72.838    -5.13    7.42
 177227.815    73.201     0.99    7.10
 177595.204    74.924     4.69    7.48
 177962.524    78.656    10.16    6.04
 178329.772    82.843    11.40    5.02
 178696.951    86.400     9.69    5.88
 179064.058    91.181    13.02    6.47
 179431.096    95.903    12.86    6.43
 179798.063    99.533     9.89    6.14
 180164.960   101.733     6.00    5.28
 180531.787   102.582     2.31    5.22
 180898.543   102.823     0.66    4.52
 181265.229   103.267     1.21    4.78
 181631.845   106.053     7.60    5.57
 181998.391   108.133     5.68    6.24
 182364.867   110.386     6.15    6.73
 182731.273   112.156     4.83    6.84
 183097.609   115.585     9.36    6.61
 183463.876   118.191     7.11    6.72
 183830.072   122.268    11.13    6.09
 184196.198   125.577     9.04    6.44
 184562.255   127.226     4.51    5.84
 184939.457   128.965     4.61    4.40
 185320.001   129.569     1.59    2.98
 185700.469   127.200    -6.22    3.89
 186080.861   125.109    -5.50    3.77
 186461.177   122.111    -7.88    5.18
 186841.417   118.603    -9.22    4.91
 187221.580   117.270    -3.51    3.93
 187601.667   115.824    -3.80    3.09
 187981.678   115.841     0.05    2.96
 188361.614   116.308     1.23    2.73
 188741.473   116.417     0.29    2.80
 189121.256   116.110    -0.81    3.52
 189500.964   116.554     1.17    5.21
 189880.595   118.260     4.49    6.53
 190260.151   120.248     5.24    7.18
 190639.631   122.751     6.60    6.83
 191019.035   126.029     8.64    7.51
 191398.364   128.763     7.21    8.86
 191777.617   131.747     7.87   10.36
 192156.795   138.191    16.99   12.26
 192535.897   144.366    16.29   12.49
 192914.923   151.952    20.01    9.92
 193293.874   157.540    14.75    6.90
 193672.750   161.133     9.48    5.25
 194051.550   163.738     6.88    4.01
 194430.275   166.400     7.03    4.82
 194808.925   169.557     8.34    6.28
 195187.500   176.536    18.43   12.90
 195565.999   181.182    12.27   14.38
 195944.424   181.929     1.97   14.40
 196322.773   179.768    -5.71   13.29
 196701.047   174.588   -13.69    7.88
 197079.246   170.929    -9.67    5.13
 197457.370   167.111   -10.09    6.58
 197835.420   162.719   -11.62    7.63
 198213.394   157.782   -13.06    7.96
 198591.294   154.322    -9.15    6.33
 198969.119   153.395    -2.45    5.03
 199346.869   152.502    -2.36    5.59
 199724.545   149.133    -8.92    8.48
 200102.146   144.761   -11.58    8.14
 200479.672   142.911    -4.90    6.07
 200857.124   143.416     1.34    5.75
 201234.501   144.822     3.73    4.98
 201611.804   143.378    -3.83    5.36
 201989.032   139.077   -11.40    5.99
 202366.186   134.375   -12.46    5.72
 202743.266   132.052    -6.16    5.10
 203120.271   130.340    -4.54    5.31
 203497.202   128.168    -5.76    5.85
 203874.059   126.190    -5.25    5.24
 204250.842   125.695    -1.31    4.51
 204627.551   127.587     5.02    6.74
 205004.185   131.395    10.11    7.20
 205380.746   134.577     8.45    6.05
 205757.233   135.099     1.39    5.77
 206133.645   135.100     0.00    6.65
 206509.984   135.938     2.23    7.82
 206886.249   138.417     6.59    8.32
 207262.440   139.984     4.16    7.78
 207638.558   140.432     1.19    8.86
 208014.601   141.459     2.73   10.27
 208390.571   143.720     6.01   10.64
 208766.467   144.662     2.51    9.66
 209142.290   143.538    -2.99   10.37
 209518.039   135.432   -21.57   14.71
 209893.715   123.190   -32.58   16.29
 210269.317   112.639   -28.09   14.87
 210644.846   100.679   -31.84   13.90
 211020.301    90.680   -26.63   13.16
 211395.683    82.929   -20.65    7.89
 211770.992    80.087    -7.57    4.91
 212146.228    81.224     3.03    4.74
 212521.390    86.804    14.87    6.93
 212896.479    93.008    16.54    8.85
 213271.495    99.386    17.00    9.16
 213646.438   105.474    16.23    5.56
 214021.308   108.959     9.29    5.21
 214396.105   113.133    11.14    6.54
 214770.829   117.306    11.13    7.08
 215145.480   123.633    16.89    7.23
 215520.058   129.133    14.68    6.32
 215894.563   133.520    11.71    5.74
 216268.996   136.639     8.33    4.38
 216643.356   139.524     7.71    4.14
 217017.643   142.366     7.59    4.11
 217391.857   144.247     5.03    4.45
 217765.999   144.398     0.40    4.67
 218140.068   142.929    -3.93    5.77
 218514.065   139.827    -8.29    6.01
 218887.989   134.917   -13.13    6.57
 219261.841   129.340   -14.92    6.09
 219635.620   123.854   -14.67    5.84
 220009.327   117.750   -16.33    8.87
 220382.962   110.237   -20.10    9.54
 220756.524   107.327    -7.79    7.84
 221130.015   104.796    -6.77    7.77
 221503.433   100.193   -12.33   12.42
 221876.778    90.302   -26.49   16.54
 222250.052    82.554   -20.75   14.78
 222623.254    79.710    -7.62    9.13
 222996.383    86.929    19.34   12.61
 223369.441    97.322    27.85   11.79
 223742.426   104.031    17.99    8.89
 224115.340   105.838     4.84    7.86
 224488.182   101.851   -10.69   12.52
 224860.952    93.065   -23.56   14.84
 225233.650    84.042   -24.21   12.62
 225606.277    78.030   -16.13    5.98
 225978.832    80.122     5.61    8.04
 226351.315    85.505    14.45   11.20
 226723.726    92.226    18.04   12.27
 227096.066    97.808    14.99   11.75
 227468.335   100.593     7.48   10.46
 227840.531   102.063     3.95    9.22
 228212.657   103.031     2.60    8.22
 228584.711   104.514     3.99    8.58
 228956.694   107.849     8.96    8.13
 229328.605   108.780     2.50    8.73
 229700.445   106.656    -5.71   10.82
 230072.214   104.780    -5.05   10.44
 230443.911   104.582    -0.53    9.14
 230815.538   104.414    -0.45    6.61
 231187.093   105.594     3.18    5.07
 231558.577   107.938     6.31    6.53
 231929.990   112.906    13.37    7.69
 232301.332   117.731    12.99    6.41
 232672.603   121.593    10.40    5.31
 233043.804   125.389    10.23    6.00
 233414.933   129.651    11.48    6.92
 233785.992   133.943    11.57    6.26
 234156.979   137.984    10.89    5.60
 234527.896   140.698     7.32    4.39
 234898.742   144.133     9.26    4.26
 235269.518   146.982     7.68    4.00
 235640.223   149.122     5.77    3.09
 236010.857   149.857     1.98    2.35
 236381.421   150.042     0.50    2.28
 236751.914   149.776    -0.72    2.19
 237122.337   149.236    -1.46    2.45
 237492.689   149.459     0.60    2.92
 237862.971   149.329    -0.35    2.74
 238233.182   149.554     0.61    3.02
 238603.323   151.133     4.27    3.27
 238973.394   151.168     0.09    3.42
 239343.395   149.657    -4.08    4.19
 239713.325   148.156    -4.05    3.94
 240083.185   145.989    -5.86    2.89
 240452.976   143.857    -5.76    3.81
 240822.696   142.231    -4.40    3.89
 241192.346   140.520    -4.63    3.41
 241561.926   138.463    -5.57    2.62
 241931.436   137.800    -1.79    3.42
 242300.876   136.024    -4.81    4.51
 242670.246   133.478    -6.89    5.83
 243039.546   130.439    -8.23    5.72
 243408.777   127.835    -7.05    5.19
 243777.938   126.538    -3.51    5.83
 244147.029   126.040    -1.35    7.93
 244516.050   125.994    -0.13    9.63
 244885.002   126.443     1.22    9.79
 245253.884   126.417    -0.07    9.25
 245622.696   126.145    -0.74    8.55
 245991.439   124.333    -4.91    7.70
 246360.113   118.819   -14.95    8.22
 246728.717   113.354   -14.82    6.78
 247097.252   108.871   -12.16    5.29
 247465.717   105.395    -9.43    4.92
 247834.113   103.278    -5.74    3.79
 248202.439   104.766     4.04    5.40
 248570.697   108.858    11.11    7.20
 248938.885   113.053    11.39    6.24
 249307.004   116.516     9.41    4.26
 249675.054   117.279     2.07    3.49
 250043.034   116.538    -2.01    3.41
 250410.946   116.260    -0.76    3.29
 250778.789   115.808    -1.23    2.78
 251146.562   115.969     0.44    2.89
 251514.267   116.486     1.41    3.88
 251881.903   115.490    -2.71    4.61
 252249.470   114.780    -1.93    4.84
 252616.968   111.273    -9.54    6.74
 252984.397   107.296   -10.82    7.22
 253351.757   103.943    -9.13    6.75
 253719.049   101.610    -6.35    5.26
 254086.272   100.999    -1.66    5.70
 254453.427    99.959    -2.83    6.73
 254820.513    99.146    -2.21    7.21
 255187.530    98.892    -0.69    7.48
 255554.479    99.447     1.51    7.40
 255921.359    99.800     0.96    6.55
 256288.171   100.086     0.78    6.61
 256654.914   101.622     4.19    7.06
 257021.590   103.296     4.57    6.80
 257388.196   105.533     6.10    5.39
 257754.735   106.912     3.76    3.05
 258121.205   105.936    -2.66    3.14
 258487.607   103.758    -5.94    4.40
 258853.941   100.085   -10.03    6.75
 259220.206    95.770   -11.78    7.07
 259593.863    91.640   -11.05    5.97
 259974.250    87.191   -11.69    5.86
 260354.564    83.288   -10.26    7.70
 260734.803    79.582    -9.75    7.37
 261114.967    78.936    -1.70    7.06
 261495.058    82.702     9.91    8.72
 261875.074    88.712    15.81    6.35
 262255.017    92.685    10.46    3.57
 262634.885    92.021    -1.75    5.02
 263014.679    87.808   -11.09    9.11
 263394.400    79.777   -21.15   11.55
 263774.046    72.529   -19.09   10.19
 264153.619    67.455   -13.36    9.05
 264533.117    66.812    -1.69   11.77
 264912.542    65.494    -3.47   15.06
 265291.893    64.837    -1.73   16.17
 265671.171    63.972    -2.28   14.90
 266050.375    64.487     1.36   11.65
 266429.505    68.475    10.52    7.66
 266808.561    70.096     4.28    5.62
 267187.544    69.386    -1.87    6.18
 267566.454    65.001   -11.57   10.28
 267945.290    56.064   -23.59   12.78
 268324.053    46.868   -24.27    8.87
 268702.742    43.110    -9.92    4.64
 269081.358    43.680     1.50    5.77
 269459.901    45.843     5.71    6.28
 269838.370    46.362     1.37    6.87
 270216.766    44.315    -5.41    8.68
 270595.089    40.901    -9.02    7.96
 270973.339    39.002    -5.02    6.06
 271351.516    38.917    -0.22    5.11
 271729.620    39.901     2.60    4.32
 272107.651    43.133     8.55    6.41
 272485.609    48.378    13.87   10.49
 272863.494    56.421    21.28   12.86
 273241.306    63.574    18.93   10.97
