-175238.788    -5.300     0.00    0.00
-174858.984    -5.300     0.00    0.00
-174479.271    -5.300     0.00    0.00
-174099.648    -5.300     0.00    0.00
-173720.116    -5.300     0.00    0.00
-173340.674    -5.300     0.00    0.00
-172961.323    -5.300     0.00    0.00
-172582.062    -5.300     0.00    0.00
-172202.891    -5.300     0.00    0.00
-171823.810    -5.300     0.00    0.00
-171444.819    -5.300     0.00    0.00
-171065.918    -5.300     0.00    0.00
-170687.107    -5.300     0.00    0.00
-170308.387    -4.386     2.41    3.39
-169929.755    -1.717     7.05    6.23
-169551.214     0.979     7.12    7.43
-169172.763     5.399    11.68    8.25
-168794.401     8.479     8.14    7.27
-168416.128    10.335     4.91    5.21
-168037.946     8.927    -3.72    6.03
-167659.852     5.555    -8.92    5.52
-167281.848     4.943    -1.62    5.19
-166903.934     5.246     0.80    4.83
-166526.108     6.481     3.27    4.35
-166148.372     7.813     3.52    3.79
-165770.725     8.143     0.87    4.42
-165393.167     7.996    -0.39    4.02
-165015.698     8.268     0.72    3.74
-164638.318     6.642    -4.31    3.89
-164261.027     5.133    -4.00    5.05
-163883.825     4.671    -1.23    7.33
-163506.712     3.545    -2.99    8.99
-163129.687     2.075    -3.90    9.88
-162752.751    -1.423    -9.28    8.44
-162375.903    -4.422    -7.96    4.06
-161999.145    -5.300    -2.33    0.00
-161622.474    -5.300     0.00    0.00
-161245.892    -5.300     0.00    0.00
-160869.398    -5.300     0.00    0.00
-160492.993    -5.300     0.00    0.00
-160116.676    -3.781     4.04    5.27
-159740.446    -0.451     8.85    8.10
-159364.305     1.577     5.39    8.42
-158988.253     2.856     3.40    8.37
-158612.288     1.960    -2.38    8.09
-158236.411    -1.414    -8.98    6.70
-157860.621    -3.033    -4.31    5.66
-157484.920    -3.442    -1.09    4.32
-157109.306    -0.270     8.45    6.80
-156733.780     2.323     6.91    6.64
-156358.342     3.651     3.54    5.54
-155982.991     5.053     3.74    4.78
-155607.728     3.731    -3.52    4.61
-155232.552     2.719    -2.70    4.42
-154857.463     1.940    -2.08    3.36
-154482.462     0.047    -5.05    1.01
-154107.548    -0.300    -0.92    0.00
-153732.721    -0.300     0.00    0.00
-153357.982    -0.300     0.00    0.00
-152983.329    -0.300     0.00    0.00
-152608.764    -0.300     0.00    0.00
-152234.285    -0.300     0.00    0.00
-151859.893     0.547     2.26    2.59
-151485.588     2.599     5.48    4.15
-151111.370     4.886     6.11    4.28
-150737.239     6.610     4.61    3.17
-150363.194     7.479     2.33    2.36
-149989.236     8.001     1.40    3.19
-149615.364     7.900    -0.27    3.66
-149241.579     8.339     1.17    3.88
-148867.880     9.399     2.84    3.10
-148494.268     8.872    -1.41    2.88
-148120.742     8.146    -1.94    3.49
-147747.302     7.653    -1.32    3.54
-147373.948     8.323     1.79    4.67
-147000.681     9.291     2.59    4.77
-146627.499     9.416     0.34    4.68
-146254.404     6.405    -8.07    5.84
-145881.394     3.302    -8.32    4.87
-145508.471     0.853    -6.57    2.55
-145135.633    -0.100    -2.55    0.85
-144762.881    -0.143    -0.12    0.79
-144390.214    -0.021     0.33    0.99
-144017.634     0.084     0.28    1.35
-143645.139     0.514     1.15    1.81
-143272.729     0.711     0.53    1.82
-142900.405     1.441     1.96    2.44
-142528.166     2.001     1.51    3.15
-142156.013     2.786     2.11    3.10
-141783.945     3.281     1.33    2.60
-141411.962     4.632     3.63    2.89
-141040.064     6.027     3.75    2.96
-140668.252     7.068     2.80    3.34
-140296.525     6.757    -0.84    4.03
-139924.882     7.763     2.71    4.18
-139553.325     8.566     2.16    3.84
-139181.852     7.768    -2.15    3.89
-138810.465     7.595    -0.47    5.10
-138439.162     7.139    -1.23    5.18
-138067.943     8.406     3.42    5.86
-137696.810     9.922     4.08    5.30
-137325.761    10.925     2.70    3.67
-136954.797     9.993    -2.51    3.71
-136583.917     8.772    -3.29    3.38
-136213.121     7.575    -3.23    3.05
-135842.410     7.652     0.21    4.01
-135471.784     7.302    -0.94    4.14
-135101.241     7.047    -0.69    4.70
-134730.783     7.423     1.02    5.16
-134360.409     7.181    -0.65    4.83
-133990.119     7.976     2.15    4.57
-133619.913     8.527     1.49    4.52
-133249.791     8.400    -0.34    4.51
-132879.753     7.079    -3.57    4.75
-132509.799     5.364    -4.64    4.02
-132139.928     4.147    -3.29    3.94
-131770.142     3.453    -1.88    3.47
-131400.439     2.915    -1.46    3.22
-131030.820     2.462    -1.22    3.39
-130661.284     3.598     3.07    3.84
-130291.832     4.504     2.45    4.08
-129922.463     6.108     4.34    4.29
-129553.178     8.037     5.22    3.78
-129183.976     8.266     0.62    4.35
-128814.858     7.963    -0.82    4.57
-128445.823     7.613    -0.95    4.84
-128076.870     5.377    -6.06    4.81
-127708.002     5.258    -0.32    4.96
-127339.216     5.044    -0.58    5.41
-126970.513     5.603     1.52    5.05
-126601.893     5.662     0.16    4.50
-126233.356     5.374    -0.78    4.33
-125864.902     7.229     5.04    5.29
-125496.531     7.772     1.47    5.69
-125128.242     8.200     1.16    5.39
-124760.037     8.807     1.65    5.45
-124391.913     9.416     1.65    5.75
-124023.873    10.273     2.33    5.24
-123655.915    12.276     5.44    4.47
-123288.039    12.943     1.81    4.80
-122920.246    13.791     2.31    4.38
-122552.535    12.243    -4.21    5.41
-122184.907    10.662    -4.30    6.46
-121817.361     7.093    -9.71    7.01
-121449.897     5.818    -3.47    7.78
-121082.515     4.966    -2.32    7.67
-120715.215     2.914    -5.59    6.54
-120347.998     1.819    -2.98    5.01
-119980.862     3.325     4.10    5.33
-119613.808     5.572     6.12    6.51
-119246.836     8.387     7.67    5.38
-118879.946    10.034     4.49    4.32
-118513.138    10.858     2.25    3.82
-118146.411     8.095    -7.54    5.62
-117779.766     6.670    -3.88    5.82
-117413.203     7.489     2.23    6.80
-117046.721     8.963     4.02    7.80
-116680.321    12.230     8.92    6.95
-116314.002    15.011     7.59    6.68
-115947.765    17.079     5.65    6.25
-115581.609    16.527    -1.51    5.84
-115215.534    15.079    -3.96    6.87
-114849.540    13.691    -3.79    6.09
-114483.628    12.943    -2.04    4.74
-114117.797    12.180    -2.09    5.33
-113752.047    11.977    -0.56    5.31
-113386.377    10.456    -4.16    4.68
-113020.789    10.099    -0.98    5.47
-112655.282    11.869     4.84    5.17
-112289.855    13.799     5.28    5.52
-111924.510    16.104     6.31    4.87
-111559.245    17.476     3.76    4.13
-111194.061    18.293     2.24    4.29
-110828.957    17.140    -3.16    4.56
-110463.934    15.946    -3.27    4.81
-110098.992    16.448     1.38    4.77
-109734.130    16.852     1.11    4.40
-109369.348    19.662     7.70    4.69
-108991.952    19.888     0.60    5.20
-108610.309    18.458    -3.75    5.69
-108228.755    16.500    -5.13    5.61
-107847.290    16.043    -1.20    4.77
-107465.916    18.175     5.59    5.16
-107084.630    17.132    -2.74    6.46
-106703.434    15.913    -3.20    6.61
-106322.328    17.085     3.08    7.68
-105941.311    19.629     6.68    8.06
-105560.383    23.390     9.87    5.93
-105179.544    23.933     1.43    5.38
-104798.795    25.465     4.02    5.26
-104418.134    26.948     3.90    5.80
-104037.563    28.104     3.04    5.96
-103657.080    30.130     5.33    6.27
-103276.687    31.946     4.77    5.56
-102896.382    31.730    -0.57    5.42
-102516.166    31.526    -0.54    5.80
-102136.038    32.348     2.16    6.53
-101756.000    34.171     4.80    8.22
-101376.049    36.269     5.52    9.42
-100996.188    41.661    14.20   11.15
-100616.415    44.384     7.17   12.74
-100236.730    48.027     9.60   12.39
 -99857.134    51.431     8.97   11.25
 -99477.625    54.377     7.76    9.58
 -99098.205    55.963     4.18   10.25
 -98718.874    56.710     1.97   11.79
 -98339.630    57.093     1.01   10.67
 -97960.474    58.963     4.93    8.99
 -97581.407    60.122     3.06    7.70
 -97202.427    62.651     6.67    7.30
 -96823.535    63.361     1.87    9.65
 -96444.731    59.690    -9.69   15.82
 -96066.014    57.438    -5.95   16.81
 -95687.386    55.065    -6.27   16.33
 -95308.845    54.933    -0.35   14.29
 -94930.391    56.874     5.13   11.58
 -94552.025    60.691    10.09   10.88
 -94173.746    64.328     9.62    9.22
 -93795.555    68.132    10.06    8.59
 -93417.451    68.927     2.10    7.62
 -93039.434    68.338    -1.56    7.22
 -92661.505    65.848    -6.59    6.71
 -92283.663    60.225   -14.88    9.28
 -91905.907    54.512   -15.12   10.35
 -91528.239    50.403   -10.88    8.19
 -91150.658    48.928    -3.91    6.30
 -90773.163    51.612     7.11    4.78
 -90395.756    52.817     3.19    3.98
 -90018.435    53.116     0.79    4.12
 -89641.201    52.828    -0.76    4.06
 -89264.053    52.104    -1.92    4.10
 -88886.993    50.854    -3.32    4.46
 -88510.018    47.988    -7.60    5.20
 -88133.131    47.534    -1.20    5.69
 -87756.329    49.586     5.45    7.78
 -87379.614    53.643    10.77    7.84
 -87002.986    57.892    11.28    5.11
 -86626.443    60.827     7.79    4.68
 -86249.987    62.529     4.52    6.28
 -85873.617    64.504     5.25    8.83
 -85497.333    67.943     9.14   11.12
 -85121.135    73.191    13.95   13.79
 -84745.023    75.610     6.43   14.54
 -84368.997    77.995     6.34   14.10
 -83993.057    79.157     3.09   12.38
 -83617.202    79.740     1.55    9.84
 -83241.433    79.918     0.47    8.48
 -82865.750    79.902    -0.04    8.33
 -82490.153    78.700    -3.20    8.69
 -82114.641    78.988     0.76    8.37
 -81739.214    81.632     7.04    8.44
 -81363.873    86.388    12.67    7.82
 -80988.618    91.027    12.36    8.31
 -80613.448    93.849     7.52    7.75
 -80238.363    96.759     7.76    7.69
 -79863.363    97.280     1.39    7.77
 -79488.448    97.887     1.62    6.84
 -79113.619    99.850     5.24    6.32
 -78738.874   101.235     3.70    6.66
 -78364.215   102.295     2.83    7.61
 -77989.640   103.493     3.20    7.48
 -77615.150   104.895     3.74    8.30
 -77240.745   106.387     3.99    8.27
 -76866.425   106.916     1.41    7.54
 -76492.190   105.754    -3.11    8.15
 -76118.039   101.928   -10.22    8.67
 -75743.973    98.129   -10.16    9.94
 -75369.991    96.955    -3.14    9.60
 -74996.094    96.700    -0.68   10.13
 -74622.281    97.612     2.44   10.94
 -74248.552    98.104     1.32   11.12
 -73874.908    98.622     1.39   11.72
 -73501.348    98.067    -1.49   10.94
 -73127.873    96.413    -4.43    8.88
 -72754.481    94.749    -4.46    7.11
 -72381.173    94.525    -0.60    6.27
 -72007.950    93.582    -2.53    5.14
 -71634.810    93.878     0.79    4.89
 -71261.755    92.240    -4.39    4.71
 -70888.783    88.776    -9.29    5.22
 -70515.895    85.985    -7.49    6.68
 -70143.091    82.958    -8.12    7.70
 -69770.370    80.534    -6.50    7.45
 -69397.733    78.830    -4.57    7.62
 -69025.180    78.602    -0.61    8.75
 -68652.710    77.770    -2.24    8.89
 -68280.324    76.860    -2.44    9.22
 -67908.021    75.779    -2.91    9.00
 -67535.801    76.115     0.90    9.40
 -67163.665    75.516    -1.61    9.07
 -66791.612    75.115    -1.08    8.80
 -66419.642    74.502    -1.65    8.09
 -66047.755    71.327    -8.54    7.51
 -65675.951    67.166   -11.19    8.84
 -65304.231    63.112   -10.91    7.62
 -64932.593    56.862   -16.82    7.41
 -64561.038    50.552   -16.98    9.62
 -64189.566    45.408   -13.85    9.81
 -63818.177    40.975   -11.94    6.47
 -63446.871    39.537    -3.87    5.80
 -63075.647    42.181     7.12    6.35
 -62704.506    43.780     4.31    5.94
 -62333.448    44.446     1.79    5.26
 -61962.472    43.691    -2.04    4.54
 -61591.578    40.215    -9.37    5.92
 -61220.767    36.819    -9.16    6.23
 -60850.039    31.640   -13.97    7.35
 -60479.392    25.289   -17.14    8.95
 -60108.828    22.346    -7.94    8.55
 -59738.346    24.933     6.99   10.48
 -59367.947    28.409     9.38   11.18
 -58997.629    33.007    12.42    7.93
 -58627.393    34.408     3.78    6.39
 -58257.240    32.295    -5.71    7.50
 -57887.168    30.928    -3.69    7.40
 -57517.178    32.852     5.20    9.23
 -57147.270    36.740    10.51   10.24
 -56777.444    41.317    12.38    7.10
 -56407.700    40.720    -1.62    7.03
 -56038.037    38.253    -6.68    5.53
 -55668.456    35.314    -7.95    3.90
 -55298.956    33.185    -5.76    4.72
 -54929.538    31.470    -4.64    4.93
 -54560.201    29.473    -5.41    5.30
 -54190.946    27.823    -4.47    6.68
 -53821.772    28.809     2.67    6.72
 -53452.679    30.503     4.59    7.29
 -53083.668    32.295     4.86    8.36
 -52714.738    35.610     8.99    7.14
 -52345.889    39.275     9.94    4.83
 -51977.121    41.119     5.00    4.43
 -51608.434    41.044    -0.20    4.70
 -51239.828    40.926    -0.32    4.61
 -50871.302    41.263     0.91    4.79
 -50502.858    41.730     1.27    5.55
 -50134.495    43.180     3.94    6.38
 -49766.212    46.377     8.68    7.08
 -49398.010    48.822     6.64    6.76
 -49029.889    51.020     5.97    6.21
 -48661.848    51.096     0.21    6.80
 -48293.888    50.966    -0.36    6.95
 -47926.009    51.848     2.40    6.56
 -47558.209    54.364     6.84    6.24
 -47190.491    57.938     9.72    5.37
 -46822.852    60.476     6.90    4.68
 -46455.294    63.290     7.66    5.24
 -46087.816    65.130     5.01    5.52
 -45720.418    65.792     1.80    5.36
 -45353.101    64.810    -2.67    5.71
 -44985.863    63.488    -3.60    5.78
 -44618.706    62.318    -3.19    5.12
 -44251.629    62.133    -0.50    4.61
 -43884.631    62.364     0.63    4.83
 -43517.713    61.960    -1.10    5.98
 -43150.875    61.580    -1.04    6.28
 -42784.117    60.916    -1.81    6.04
 -42417.439    60.940     0.07    4.55
 -42050.840    61.799     2.34    4.64
 -41684.321    63.505     4.65    5.27
 -41317.882    66.112     7.12    4.46
 -40951.522    67.950     5.02    3.55
 -40585.241    70.298     6.41    4.07
 -40219.040    72.304     5.48    4.45
 -39852.918    74.614     6.31    3.54
 -39486.876    74.958     0.94    3.42
 -39120.913    73.082    -5.13    4.29
 -38755.029    72.390    -1.89    3.95
 -38389.224    72.430     0.11    4.24
 -38023.498    73.519     2.98    4.22
 -37657.852    73.410    -0.30    3.16
 -37292.284    72.753    -1.80    3.50
 -36926.796    71.522    -3.37    3.44
 -36561.386    70.394    -3.09    2.98
 -36196.055    70.384    -0.03    3.36
 -35830.803    71.094     1.95    3.44
 -35465.629    72.527     3.92    3.81
 -35100.535    74.740     6.06    4.03
 -34735.519    76.722     5.43    3.61
 -34363.057    77.601     2.36    4.18
 -33981.585    77.615     0.04    4.79
 -33600.200    73.770   -10.08    6.47
 -33218.902    70.324    -9.04    6.11
 -32837.692    67.760    -6.73    4.81
 -32456.569    66.509    -3.28    4.67
 -32075.532    66.760     0.66    5.77
 -31694.583    64.520    -5.88    7.72
 -31313.722    60.150   -11.47   10.37
 -30932.947    53.919   -16.36   11.10
 -30552.258    46.156   -20.39    8.97
 -30171.657    40.543   -14.75    6.40
 -29791.143    35.620   -12.94    6.49
 -29410.715    31.804   -10.03    6.58
 -29030.374    27.860   -10.37    6.79
 -28650.120    24.006   -10.14    5.76
 -28269.952    21.080    -7.69    3.86
 -27889.871    19.923    -3.05    3.27
 -27509.876    19.850    -0.19    3.29
 -27129.967    20.690     2.21    3.94
 -26750.145    22.050     3.58    4.51
 -26370.410    23.107     2.78    3.83
 -25990.760    23.690     1.54    3.38
 -25611.196    23.139    -1.45    2.84
 -25231.719    22.317    -2.17    2.91
 -24852.328    20.247    -5.46    5.73
 -24473.022    17.428    -7.43    7.74
 -24093.803    15.986    -3.80    8.30
 -23714.670    15.120    -2.28    7.52
 -23335.622    14.628    -1.30    6.73
 -22956.660    12.948    -4.43    6.00
 -22577.784    12.120    -2.18    6.20
 -22198.993    11.940    -0.48    6.09
 -21820.288    11.288    -1.72    6.05
 -21441.669    10.870    -1.10    5.28
 -21063.135    11.251     1.01    3.78
 -20684.686    11.064    -0.50    2.75
 -20306.323    10.579    -1.28    2.26
 -19928.045    11.094     1.36    3.35
 -19549.852    12.879     4.72    5.76
 -19171.745    15.772     7.65    7.23
 -18793.722    19.017     8.59    7.71
 -18415.785    23.496    11.85    8.44
 -18037.933    27.877    11.59    9.40
 -17660.165    35.999    21.50    9.06
 -17282.483    43.560    20.02    9.56
 -16904.885    51.006    19.72    8.50
 -16527.372    56.552    14.69    6.77
 -16149.944    60.052     9.27    4.08
 -15772.601    60.620     1.51    3.65
 -15395.342    60.179    -1.17    4.30
 -15018.168    59.640    -1.43    5.23
 -14641.079    60.147     1.34    5.29
 -14264.073    62.910     7.33    5.14
 -13887.152    65.669     7.32    4.75
 -13510.316    67.670     5.31    4.12
 -13133.564    68.659     2.62    2.77
 -12756.896    68.823     0.44    2.97
 -12380.312    69.864     2.76    4.85
 -12003.812    73.781    10.41    8.54
 -11627.397    79.117    14.18    9.27
 -11251.065    84.236    13.60    8.45
 -10874.818    86.017     4.73    8.83
 -10498.654    86.490     1.26    9.17
 -10122.574    88.014     4.05    8.27
  -9746.578    89.833     4.84    6.32
  -9370.666    90.420     1.56    4.68
  -8994.837    89.773    -1.72    4.72
  -8619.092    87.771    -5.33    5.24
  -8243.430    86.806    -2.57    5.14
  -7867.852    87.280     1.26    5.67
  -7492.358    87.594     0.84    6.21
  -7116.947    87.470    -0.33    6.69
  -6741.619    87.527     0.15    7.39
  -6366.375    87.445    -0.22    7.64
  -5991.213    86.985    -1.23    8.60
  -5616.135    88.155     3.12    9.41
  -5241.140    89.251     2.92    8.97
  -4866.229    92.272     8.06    7.89
  -4491.400    95.503     8.62    6.72
  -4116.654    98.377     7.67    4.44
  -3741.991    97.660    -1.91    5.39
  -3367.411    93.948    -9.91    8.37
  -2992.914    85.842   -21.65   13.10
  -2618.499    69.155   -44.57   23.69
  -2244.167    52.913   -43.39   29.29
  -1869.918    37.195   -42.00   28.46
  -1495.751    25.387   -31.56   25.14
  -1121.667    17.135   -22.06   22.70
   -747.666    10.130   -18.73   15.33
   -373.747     5.083   -13.50    7.79
      0.090     3.547    -4.11    7.67
    373.845     1.807    -4.66    6.59
    747.517     2.620     2.18    6.75
   1121.107     3.958     3.58    7.22
   1494.615     7.830    10.37    7.23
   1868.041    10.579     7.36    5.85
   2241.384    12.609     5.44    3.74
   2614.646    13.216     1.63    2.23
   2987.826    13.109    -0.29    1.50
   3360.924    13.088    -0.05    0.81
   3733.940    13.132     0.12    1.06
   4106.874    12.770    -0.97    1.72
   4479.726    12.559    -0.57    2.10
   4852.497    11.970    -1.58    2.06
   5225.186    11.421    -1.47    1.72
   5597.794    11.330    -0.24    1.54
   5970.320    10.979    -0.94    1.57
   6342.765    10.772    -0.56    1.72
   6715.128    10.251    -1.40    1.69
   7087.410     9.862    -1.05    1.62
   7459.610     9.401    -1.24    1.32
   7831.730     9.109    -0.79    1.06
   8203.768     8.940    -0.45    0.70
   8575.725     9.082     0.38    0.77
   8947.601     9.357     0.74    1.14
   9319.395     9.548     0.51    1.19
   9691.109     9.484    -0.17    1.17
  10062.742     9.527     0.11    1.14
  10434.294     9.478    -0.13    1.04
  10805.765     9.527     0.13    1.10
  11177.156     9.690     0.44    1.11
  11548.465     9.815     0.34    1.07
  11919.694     9.801    -0.04    1.24
  12290.843     9.872     0.19    1.31
  12661.910    10.222     0.94    1.58
  13032.898    10.307     0.23    1.72
  13403.804    10.983     1.82    1.96
  13774.631    11.520     1.45    2.10
  14145.377    11.342    -0.48    2.09
  14516.042    10.890    -1.22    2.17
  14886.628    10.154    -1.99    1.96
  15257.133     9.855    -0.81    1.45
  15627.558    10.024     0.46    1.60
  15997.903    10.680     1.77    1.88
  16368.168    11.589     2.46    2.14
  16738.353    13.253     4.49    2.69
  17108.457    12.710    -1.46    5.01
  17478.482     9.948    -7.47    7.73
  17848.428     6.420    -9.53    8.60
  18218.293     2.238   -11.31    7.12
  18588.078    -0.650    -7.81    4.61
  18957.784    -1.478    -2.24    3.45
  19327.410     0.649     5.76    6.47
  19696.957     2.802     5.83    7.92
  20066.424     4.305     4.07    8.23
  20435.812     5.833     4.14    8.09
  20805.120     6.615     2.12    7.62
  21174.349     7.833     3.30    7.01
  21543.498     9.073     3.36    7.08
  21912.568    11.397     6.30    5.92
  22281.559    13.092     4.59    4.12
  22650.470    14.211     3.03    1.93
  23019.303    14.463     0.69    1.87
  23388.056    14.740     0.75    1.79
  23756.731    15.435     1.88    1.64
  24125.326    16.364     2.52    2.39
  24493.842    16.272    -0.25    2.75
  24862.280    16.320     0.13    2.76
  25230.639    16.367     0.13    2.55
  25598.919    16.072    -0.80    1.99
  25967.120    15.822    -0.68    2.22
  26335.242    14.922    -2.45    2.69
  26703.286    13.772    -3.12    2.72
  27071.251    12.286    -4.04    1.88
  27439.138    12.185    -0.28    1.79
  27806.946    12.300     0.31    2.10
  28174.676    12.961     1.80    2.44
  28542.327    13.507     1.48    2.18
  28909.900    12.998    -1.38    2.28
  29277.395    12.302    -1.89    2.12
  29644.811    11.445    -2.33    1.40
  30012.150    10.974    -1.28    1.36
  30379.410    11.054     0.22    1.41
  30746.592    11.679     1.70    1.48
  31113.696    12.003     0.88    1.31
  31480.722    12.090     0.24    1.10
  31847.670    12.084    -0.02    1.11
  32214.540    11.857    -0.62    0.98
  32581.332    11.721    -0.37    0.87
  32948.047    11.762     0.11    0.80
  33314.684    11.595    -0.45    0.64
  33681.243    11.510    -0.23    0.60
  34047.724    11.364    -0.40    0.75
  34414.128    11.109    -0.70    0.76
  34780.454    11.030    -0.21    0.78
  35146.703    11.082     0.14    0.88
  35512.874    11.515     1.18    1.02
  35878.968    11.616     0.28    1.00
  36244.984    11.539    -0.21    1.01
  36610.924    11.320    -0.60    1.00
  36976.785    10.872    -1.22    1.08
  37342.570    10.846    -0.07    1.15
  37708.278    11.051     0.56    1.16
  38073.908    11.322     0.74    1.07
  38439.461    11.628     0.84    0.64
  38804.938    11.496    -0.36    0.66
  39170.337    11.459    -0.10    0.95
  39535.660    11.160    -0.82    1.10
  39900.905    11.115    -0.12    1.30
  40268.804    11.282     0.45    1.35
  40650.106    11.552     0.71    1.23
  41031.323    12.317     2.01    1.34
  41412.455    13.027     1.86    1.35
  41793.503    13.471     1.17    1.13
  42174.465    13.917     1.17    0.96
  42555.342    14.882     2.53    2.41
  42936.134    16.346     3.84    3.45
  43316.842    18.620     5.97    4.40
  43697.465    21.544     7.68    5.17
  44078.003    24.492     7.75    6.12
  44458.456    27.680     8.38    6.14
  44838.825    30.458     7.30    5.31
  45219.110    32.614     5.67    5.32
  45599.310    35.064     6.44    4.68
  45979.425    37.279     5.83    3.73
  46359.457    39.319     5.37    3.14
  46739.404    40.490     3.08    3.02
  47119.266    41.266     2.04    3.37
  47499.045    41.507     0.63    3.91
  47878.739    41.872     0.96    4.65
  48258.350    43.232     3.58    5.19
  48637.876    46.200     7.82    5.64
  49017.318    48.398     5.79    4.83
  49396.677    49.256     2.26    3.88
  49775.952    50.324     2.82    4.47
  50155.143    51.892     4.14    5.37
  50534.250    54.522     6.93    6.34
  50913.273    56.857     6.16    5.17
  51292.213    56.279    -1.52    5.99
  51671.069    51.864   -11.65    7.75
  52049.842    47.346   -11.93    7.13
  52428.531    44.251    -8.17    5.54
  52807.137    42.030    -5.87    3.72
  53185.659    40.422    -4.25    4.01
  53564.099    38.332    -5.52    5.41
  53942.455    34.412   -10.36    5.66
  54320.727    30.174   -11.20    5.42
  54698.917    28.864    -3.46    4.42
  55077.023    29.003     0.37    4.08
  55455.047    30.505     3.97    3.80
  55832.987    32.943     6.45    2.60
  56210.845    34.608     4.41    3.15
  56588.620    37.006     6.35    4.82
  56966.312    40.638     9.62    5.65
  57343.921    43.833     8.46    5.39
  57721.447    48.367    12.01    4.88
  58098.891    53.148    12.67    6.27
  58476.252    59.588    17.06    8.75
  58853.531    65.422    15.46    7.59
  59230.727    69.048     9.61    4.71
  59607.840    69.398     0.93    4.47
  59984.872    68.111    -3.41    4.47
  60361.821    67.123    -2.62    3.43
  60738.687    67.079    -0.12    3.39
  61115.472    66.574    -1.34    3.06
  61492.174    65.505    -2.84    3.49
  61868.794    64.024    -3.93    3.20
  62245.332    62.270    -4.66    2.69
  62621.788    61.474    -2.12    2.28
  62998.162    61.754     0.74    2.46
  63374.454    63.175     3.78    3.64
  63750.665    65.364     5.82    4.12
  64126.793    68.047     7.14    4.50
  64502.840    71.623     9.51    4.76
  64878.805    74.254     7.00    5.00
  65254.688    76.712     6.54    4.40
  65630.490    76.319    -1.04    4.32
  66006.210    73.787    -6.74    5.50
  66381.849    68.979   -12.80    7.64
  66757.406    64.281   -12.51    6.94
  67132.882    60.360   -10.44    5.50
  67508.277    58.537    -4.86    4.65
  67883.590    56.986    -4.13    5.08
  68258.822    54.909    -5.54    5.79
  68633.973    51.412    -9.32    6.81
  69009.043    47.879    -9.42    6.41
  69384.032    44.221    -9.75    5.31
  69758.939    41.669    -6.81    4.65
  70133.766    40.013    -4.42    4.23
  70508.512    38.898    -2.97    4.07
  70883.177    38.185    -1.90    3.48
  71257.761    38.051    -0.36    3.09
  71632.264    39.237     3.17    3.44
  72006.687    40.909     4.46    3.88
  72381.029    43.435     6.75    3.54
  72755.290    45.896     6.58    3.59
  73129.471    48.445     6.81    3.27
  73503.571    48.083    -0.97    4.67
  73877.591    44.600    -9.31    7.61
  74251.530    37.443   -19.14   10.99
  74625.389    28.905   -22.84    8.48
  74999.168    23.815   -13.62    5.97
  75372.867    20.511    -8.84    2.36
  75746.485    19.700    -2.17    0.00
  76120.023    19.700     0.00    0.00
  76493.481    19.700     0.00    0.00
  76866.859    19.700     0.00    0.00
  77240.157    20.111     1.10    1.40
  77613.375    20.982     2.33    2.55
  77986.513    21.732     2.01    2.51
  78359.572    22.742     2.71    2.61
  78732.550    24.367     4.36    3.03
  79105.449    26.315     5.22    3.09
  79478.268    28.602     6.13    2.60
  79851.007    30.711     5.66    1.95
  80223.667    32.161     3.89    1.36
  80596.248    32.999     2.25    1.25
  80968.748    33.404     1.09    1.79
  81341.170    32.284    -3.01    3.11
  81713.512    31.232    -2.83    3.23
  82085.774    30.566    -1.79    2.80
  82457.958    29.849    -1.93    2.44
  82830.062    28.966    -2.37    2.68
  83202.087    27.857    -2.98    2.91
  83574.033    26.711    -3.08    2.43
  83945.899    27.107     1.06    3.04
  84317.687    29.432     6.25    4.75
  84689.396    32.834     9.15    5.43
  85061.025    36.657    10.29    3.39
  85432.576    38.317     4.47    2.63
  85804.048    38.592     0.74    3.51
  86175.441    38.577    -0.04    3.51
  86546.756    39.151     1.55    2.67
  86917.992    39.793     1.73    2.20
  87289.149    40.786     2.68    1.87
  87660.227    41.814     2.77    2.37
  88031.227    43.427     4.35    3.40
  88402.149    45.037     4.34    3.68
  88772.992    46.315     3.45    3.13
  89143.756    47.217     2.43    2.68
  89514.443    47.763     1.47    2.93
  89885.051    48.403     1.73    3.16
  90255.580    50.432     5.48    3.12
  90626.032    52.245     4.89    3.42
  90996.405    55.565     8.96    4.78
  91366.701    59.733    11.26    6.32
  91736.918    66.340    17.84    8.05
  92107.057    74.464    21.95   10.99
  92477.118    85.350    29.41   12.79
  92847.102    94.007    23.40   10.68
  93217.007   102.807    23.79    8.17
  93586.835   107.492    12.67    7.65
  93956.585   110.520     8.19    8.37
  94326.257   112.764     6.07    8.80
  94695.852   112.931     0.45    8.71
  95065.369   115.221     6.20    9.20
  95434.808   120.734    14.92   10.84
  95804.170   127.086    17.20   11.00
  96173.454   131.120    10.92    7.99
  96542.661   129.254    -5.05    9.57
  96911.791   122.374   -18.64   12.89
  97280.843   112.258   -27.41   11.77
  97649.818   106.409   -15.85    9.73
  98018.716   101.483   -13.35    9.78
  98387.536    97.329   -11.26   10.74
  98756.280    92.114   -14.14   11.38
  99124.946    84.823   -19.77    9.35
  99493.535    79.516   -14.40    6.57
  99862.048    74.034   -14.87    7.50
 100230.483    67.275   -18.34   11.09
 100598.841    60.419   -18.61   10.76
 100967.123    57.083    -9.06    6.99
 101335.328    59.179     5.69    7.57
 101703.456    63.999    13.09    7.10
 102071.507    68.689    12.74    5.24
 102439.482    72.628    10.70    6.12
 102807.380    77.278    12.64    8.51
 103175.202    84.544    19.75   11.78
 103542.947    93.253    23.68   12.01
 103910.615   101.982    23.74    9.72
 104278.207   108.892    18.80    6.78
 104645.723   114.427    15.06    8.53
 105013.163   117.753     9.05    8.74
 105380.526   119.658     5.18   10.05
 105747.813   120.659     2.72   10.95
 106115.024   122.978     6.32   10.77
 106482.158   126.669    10.05   10.59
 106849.217   132.997    17.24   11.12
 107216.199   142.263    25.25   13.04
 107583.106   152.222    27.14   14.19
 107949.936   163.690    31.26   15.31
 108316.691   172.174    23.13   12.39
 108683.369   178.157    16.32    9.70
 109049.972   179.700     4.21   10.51
 109416.500   178.045    -4.52   11.72
 109782.951   176.907    -3.11   11.26
 110149.327   176.773    -0.36    9.41
 110515.627   177.398     1.71    8.12
 110881.852   179.722     6.34    8.40
 111248.001   181.211     4.07    9.18
 111614.074   181.500     0.79    8.79
 111980.072   180.009    -4.07    8.13
 112345.995   179.092    -2.51    8.39
 112711.843   175.612    -9.51    8.52
 113077.615   169.896   -15.62   10.24
 113443.312   165.626   -11.68   11.05
 113808.933   161.596   -11.02    9.61
 114174.480   160.339    -3.44    8.27
 114539.951   162.528     5.99    7.99
 114905.347   163.953     3.90    7.08
 115284.779   164.810     2.26    6.38
 115665.829   165.784     2.55    6.73
 116046.796   164.581    -3.16    7.79
 116427.681   163.679    -2.37    7.76
 116808.482   162.796    -2.32    6.62
 117189.201   162.922     0.33    5.15
 117569.838   164.052     2.97    4.39
 117950.392   162.816    -3.25    5.78
 118330.863   157.808   -13.16    9.74
 118711.252   153.037   -12.54    9.27
 119091.558   149.764    -8.61    7.38
 119471.782   151.100     3.51    8.54
 119851.924   156.190    13.39    8.34
 120231.983   160.445    11.20    7.91
 120611.961   162.562     5.57    7.21
 120991.856   164.072     3.97    5.64
 121371.669   163.048    -2.70    6.36
 121751.400   161.552    -3.94    6.67
 122131.048   157.796    -9.89    8.15
 122510.615   154.900    -7.63    8.21
 122890.101   152.290    -6.88    7.96
 123269.504   148.858    -9.04    7.72
 123648.825   145.232    -9.56    9.18
 124028.065   141.466    -9.93    9.03
 124407.223   136.732   -12.48    5.81
 124786.299   135.158    -4.15    4.71
 125165.294   133.541    -4.27    4.81
 125544.207   131.956    -4.18    4.49
 125923.039   129.903    -5.42    4.20
 126301.789   128.190    -4.52    4.53
 126680.458   127.543    -1.71    3.86
 127059.046   127.126    -1.10    4.40
 127437.552   126.395    -1.93    6.04
 127815.977   126.530     0.36    6.38
 128194.321   125.137    -3.68    5.46
 128572.584   123.924    -3.21    3.69
 128950.766   123.498    -1.13    2.63
 129328.867   122.222    -3.38    3.54
 129706.887   120.456    -4.67    4.32
 130084.825   118.988    -3.88    4.82
 130462.683   117.743    -3.29    4.11
 130840.461   115.849    -5.01    4.29
 131218.157   113.869    -5.24    5.29
 131595.773   112.270    -4.23    6.68
 131973.308   112.998     1.93    6.92
 132350.762   115.158     5.72    8.05
 132728.136   119.669    11.95    8.44
 133105.430   124.858    13.75    5.21
 133482.643   128.266     9.03    3.14
 133859.775   129.858     4.22    2.42
 134236.827   131.743     5.00    2.77
 134613.799   133.381     4.34    3.18
 134990.691   135.009     4.32    3.38
 135367.502   136.200     3.16    3.41
 135744.234   135.550    -1.73    4.20
 136120.885   134.264    -3.41    4.43
 136497.456   131.829    -6.47    3.97
 136873.947   130.890    -2.50    3.70
 137250.358   130.853    -0.10    3.47
 137626.690   133.237     6.34    5.01
 138002.941   137.381    11.01    6.00
 138379.113   141.290    10.39    5.54
 138755.205   144.514     8.57    3.22
 139131.217   146.094     4.20    2.96
 139507.149   146.812     1.91    2.65
 139883.002   146.211    -1.60    2.77
 140258.776   144.150    -5.48    4.88
 140634.470   139.381   -12.69    7.29
 141010.084   134.482   -13.04    6.71
 141385.619   131.254    -8.60    5.21
 141761.075   129.434    -4.85    2.99
 142136.451   129.876     1.18    2.39
 142511.748   130.823     2.52    3.08
 142886.966   132.814     5.31    4.06
 143262.105   134.734     5.12    3.72
 143637.165   134.763     0.08    3.82
 144012.146   133.723    -2.77    5.07
 144387.047   130.935    -7.44    5.33
 144761.870   128.030    -7.75    5.74
 145136.614   123.898   -11.02    7.41
 145511.279   119.733   -11.12    7.35
 145885.865   116.254    -9.29    6.32
 146260.372   113.615    -7.04    4.83
 146634.801   111.307    -6.16    3.75
 147009.151   110.227    -2.88    3.60
 147383.422   108.860    -3.65    4.10
 147757.615   107.378    -3.96    4.20
 148131.729   105.030    -6.27    4.54
 148505.765   102.103    -7.83    5.27
 148879.723   100.435    -4.46    5.95
 149253.602   103.406     7.95   11.56
 149627.402   108.146    12.68   14.02
 150001.125   113.956    15.54   16.24
 150374.769   120.195    16.70   16.19
 150748.335   123.500     8.85   15.19
 151121.823   126.124     7.02   10.42
 151495.233   123.858    -6.07    9.13
 151868.565   118.262   -14.99    8.99
 152241.819   113.442   -12.91    7.84
 152614.995   110.356    -8.27    6.14
 152988.093   112.496     5.74    7.61
 153361.113   117.352    13.02    8.39
 153734.056   123.009    15.17    9.09
 154106.921   126.096     8.28    7.68
 154479.708   126.286     0.51    6.92
 154852.417   124.819    -3.94    8.34
 155225.049   118.953   -15.74   12.64
 155597.603   113.821   -13.77   15.57
 155970.080   108.392   -14.57   23.35
 156342.479   107.980    -1.11   27.62
 156714.801   116.232    22.16   26.31
 157087.046   127.287    29.70   19.93
 157459.213   137.819    28.29   12.96
 157831.303   142.485    12.54    9.67
 158203.316   145.536     8.20    7.53
 158575.251   148.094     6.88    7.75
 158947.110   151.363     8.79    8.32
 159318.891   156.637    14.18    6.63
 159690.596   161.923    14.22    4.57
 160062.223   166.690    12.83    6.29
 160433.774   171.156    12.02    6.96
 160805.248   175.030    10.43    5.63
 161176.644   175.646     1.66    5.41
 161547.964   171.945    -9.97    7.78
 161919.208   167.152   -12.91    7.66
 162290.374   164.303    -7.68    5.38
 162661.464   165.786     4.00    6.41
 163032.478   170.722    13.30    9.40
 163403.415   176.237    14.87    9.01
 163774.275   181.733    14.82    7.69
 164145.059   184.700     8.00    5.48
 164515.766   186.521     4.91    3.86
 164886.397   186.105    -1.12    3.32
 165256.952   184.038    -5.58    4.94
 165627.431   181.254    -7.51    6.29
 165997.833   178.425    -7.64    5.43
 166368.159   173.647   -12.90    7.51
 166738.409   168.635   -13.54   10.27
 167108.583   161.561   -19.11   11.34
 167478.681   155.903   -15.29    7.20
 167848.703   152.317    -9.69    4.62
 168218.649   152.429     0.30    5.65
 168588.519   153.356     2.51    7.28
 168958.313   154.840     4.01    8.07
 169328.031   158.096     8.81    9.78
 169697.674   161.945    10.41   10.33
 170067.241   165.988    10.94    9.90
 170436.732   169.937    10.69    8.52
 170806.148   174.275    11.74    8.41
 171175.488   179.935    15.32    9.37
 171544.752   182.689     7.46    7.77
 171913.941   185.264     6.97    5.68
 172283.055   189.622    11.80    7.89
 172652.093   192.346     7.38    8.84
 173021.056   195.244     7.85    8.17
 173389.944   197.969     7.39    6.08
 173758.756   196.871    -2.98    6.03
 174127.493   194.378    -6.76    6.87
 174496.155   189.413   -13.47   10.42
 174864.742   184.587   -13.09   11.94
 175233.254   182.743    -5.00   11.62
 175601.691   182.412    -0.90   11.50
 175970.052   183.614     3.27   11.40
 176338.339   182.212    -3.81   13.14
 176706.551   175.445   -18.37   14.78
 177074.688   167.645   -21.19   11.67
 177442.751   162.647   -13.58    6.03
 177810.738   164.217     4.27    9.14
 178178.651   170.456    16.96   14.94
 178546.489   178.839    22.79   17.01
 178914.253   186.973    22.12   11.50
 179281.942   190.349     9.18    8.07
 179649.556   189.056    -3.52    8.06
 180017.096   181.959   -19.31   11.44
 180384.562   175.756   -16.88   11.70
 180751.953   168.807   -18.91   10.32
 181119.270   161.854   -18.93   10.25
 181486.512   153.873   -21.73   11.04
 181853.681   147.264   -18.00    9.91
 182220.775   147.178    -0.23    9.21
 182587.795   150.571     9.24   11.05
 182954.740   157.827    19.77   12.18
 183321.612   165.966    22.18    8.33
 183688.410   170.067    11.18    5.54
 184055.133   173.937    10.55    4.09
 184421.783   174.353     1.13    4.25
 184788.359   172.754    -4.36    6.35
 185154.861   169.309    -9.40    7.36
 185521.289   163.382   -16.17    6.97
 185887.643   160.807    -7.03    7.16
 186253.924   160.107    -1.91    7.16
 186620.131   160.485     1.03    6.16
 186986.264   163.485     8.19    8.79
 187352.324   166.552     8.38   10.87
 187718.310   168.679     5.81   12.36
 188084.222   173.059    11.97   11.03
 188450.062   173.126     0.18    9.34
 188815.827   171.244    -5.14    9.73
 189181.520   167.179   -11.11   11.20
 189547.139   160.930   -17.09   10.76
 189922.298   157.969    -7.89   10.35
 190303.183   158.011     0.11   12.25
 190683.986   160.466     6.45   12.23
 191064.710   166.094    14.78   11.07
 191445.352   169.307     8.44    9.65
 191825.914   173.118    10.01    8.65
 192206.396   177.094    10.45    8.75
 192586.797   177.854     2.00    8.64
 192967.118   176.991    -2.27    8.02
 193347.358   172.385   -12.11    9.25
 193727.518   164.842   -19.84    9.30
 194107.598   156.303   -22.46    9.03
 194487.598   148.135   -21.49    9.30
 194867.518   141.614   -17.16    7.89
 195247.358   137.472   -10.90    5.42
 195627.117   133.885    -9.44    3.88
 196006.797   132.466    -3.74    2.94
 196386.397   132.342    -0.33    2.89
 196765.916   131.905    -1.15    3.52
 197145.356   131.700    -0.54    3.51
 197524.717   130.464    -3.26    3.95
 197903.997   128.798    -4.39    3.97
 198283.198   128.195    -1.59    4.44
 198662.319   126.184    -5.30    3.71
 199041.361   124.614    -4.14    3.85
 199420.323   123.244    -3.62    3.67
 199799.206   120.657    -6.83    4.62
 200178.009   117.320    -8.81    5.65
 200556.733   114.472    -7.52    5.42
 200935.378   112.604    -4.93    4.11
 201313.943   113.755     3.04    5.07
 201692.429   116.195     6.44    5.53
 202070.836   116.389     0.51    5.24
 202449.164   115.440    -2.51    5.70
 202827.412   110.834   -12.17    7.63
 203205.582   104.548   -16.62    7.99
 203583.673   100.178   -11.56    6.73
 203961.684    99.255    -2.44    5.99
 204339.617   101.012     4.65    7.70
 204717.471   103.842     7.49    7.59
 205095.247   104.993     3.05    7.10
 205472.943   102.700    -6.07    8.00
 205850.561    99.858    -7.53    7.79
 206228.100    97.948    -5.06    6.63
 206605.561    97.746    -0.53    5.61
 206982.943   100.485     7.26    5.82
 207360.246   103.916     9.09    4.22
 207737.471   105.163     3.30    2.53
 208114.618   105.139    -0.06    2.81
 208491.686   104.894    -0.65    4.32
 208868.676   105.235     0.90    5.95
 209245.588   105.743     1.35    7.10
 209622.422   106.803     2.81    7.90
 209999.177   108.518     4.55    7.35
 210375.854   110.873     6.25    6.61
 210752.454   114.367     9.28    5.93
 211128.975   117.496     8.31    5.52
 211505.418   122.786    14.05    8.33
 211881.784   128.936    16.34    9.46
 212258.071   133.905    13.20    7.38
 212634.281   135.082     3.13    5.51
 213010.413   131.787    -8.76    6.80
 213386.467   125.989   -15.42    7.89
 213762.443   120.298   -15.13    5.87
 214138.342   116.843    -9.19    4.69
 214514.163   112.733   -10.94    4.70
 214889.907   109.569    -8.42    5.69
 215265.573   106.059    -9.34    4.92
 215641.162   103.667    -6.37    3.52
 216016.674   102.679    -2.63    3.35
 216392.108   102.200    -1.27    2.62
 216767.464   101.450    -2.00    1.98
 217142.744   101.448    -0.01    2.49
 217517.946   103.244     4.79    4.67
 217893.071   105.940     7.18    5.96
 218268.119   108.603     7.10    4.94
 218643.090   110.450     4.93    3.34
 219017.984   110.798     0.93    3.11
 219392.801   109.206    -4.25    3.68
 219767.541   106.854    -6.27    4.98
 220142.205   103.853    -8.01    6.41
 220516.791    97.156   -17.87    8.56
 220891.301    90.037   -19.00   11.87
 221265.733    80.799   -24.67   13.08
 221640.090    73.994   -18.18   11.34
 222014.369    70.045   -10.55    7.77
 222388.572    72.103     5.50    8.96
 222762.698    77.967    15.67   10.74
 223136.748    84.516    17.50   10.05
 223510.722    90.745    16.66    6.24
 223884.619    93.679     7.84    3.71
 224258.439    94.303     1.67    2.49
 224632.183    92.853    -3.88    2.85
 225005.851    91.089    -4.72    2.65
 225379.443    90.045    -2.79    1.71
 225752.959    89.595    -1.20    1.24
 226126.398    89.537    -0.15    1.27
 226499.762    88.480    -2.83    2.62
 226873.049    84.048   -11.87    6.78
 227246.261    78.889   -13.82    8.05
 227619.396    73.432   -14.62    8.09
 227992.456    69.564   -10.37    6.19
 228365.439    68.780    -2.10    6.31
 228738.347    69.034     0.68    6.57
 229111.179    71.089     5.51    6.53
 229483.936    73.766     7.18    6.16
 229856.616    76.740     7.98    5.81
