-170592.702   101.817     0.00    6.65
-170216.727   100.809    -2.68    6.64
-169840.672   100.732    -0.21    6.43
-169464.537   101.262     1.41    6.03
-169088.322   102.726     3.89    5.80
-168712.027   104.256     4.06    5.67
-168335.651   106.258     5.32    5.82
-167959.195   108.304     5.44    5.39
-167582.658   109.418     2.96    4.49
-167206.042   109.411    -0.02    3.65
-166829.344   108.281    -3.00    4.35
-166452.567   107.182    -2.92    4.46
-166075.708   105.968    -3.22    4.67
-165698.769   105.276    -1.84    4.76
-165321.749   104.915    -0.96    4.53
-164944.649   105.811     2.38    4.37
-164567.468   106.938     2.99    3.94
-164190.206   108.130     3.16    3.53
-163812.863   110.237     5.58    3.44
-163435.439   112.544     6.11    2.81
-163057.934   113.177     1.68    2.56
-162680.348   113.416     0.63    2.64
-162302.681   112.811    -1.60    3.08
-161924.933   110.854    -5.18    4.22
-161547.104   107.594    -8.63    7.69
-161169.193   103.418   -11.05   11.12
-160791.201    97.948   -14.47   13.71
-160413.128    94.649    -8.73   13.08
-160034.974    91.463    -8.42   10.50
-159656.738    90.859    -1.60    8.66
-159278.420    94.253     8.97    9.37
-158900.021    98.130    10.25    9.34
-158521.540   101.469     8.82    6.94
-158142.978   104.022     6.74    4.41
-157764.334   102.684    -3.53    6.54
-157385.608    98.685   -10.56    9.55
-157006.800    94.453   -11.17   10.44
-156627.911    89.426   -13.27    8.86
-156248.939    89.021    -1.07    8.05
-155869.886    93.444    11.67    8.70
-155490.750   101.417    21.03   12.31
-155111.533   108.319    18.20   12.38
-154732.233   117.417    23.98   10.13
-154352.851   120.767     8.83    7.63
-153973.387   121.124     0.94    6.82
-153593.841   120.710    -1.09    5.29
-153214.212   120.337    -0.98    3.80
-152834.501   119.780    -1.47    4.31
-152454.708   118.833    -2.49    4.87
-152074.832   119.045     0.56    4.85
-151694.873   122.358     8.72    6.56
-151314.832   125.432     8.09    5.79
-150934.708   127.729     6.04    5.41
-150554.501   127.944     0.57    5.93
-150174.212   127.653    -0.77    6.15
-149793.840   127.326    -0.86    6.03
-149413.385   126.856    -1.24    5.28
-149032.847   126.978     0.32    4.44
-148652.226   124.149    -7.43    4.78
-148271.522   121.307    -7.46    4.87
-147890.735   119.787    -3.99    4.68
-147509.865   119.289    -1.31    5.17
-147128.911   119.753     1.22    5.38
-146747.875   120.065     0.82    4.68
-146377.735   119.173    -2.41    4.46
-146012.428   118.489    -1.87    5.46
-145647.045   118.639     0.41    7.17
-145281.587   119.284     1.76    7.86
-144916.054   121.604     6.35    7.07
-144550.445   122.198     1.62    5.70
-144184.760   120.663    -4.20    5.52
-143819.000   119.347    -3.60    4.86
-143453.164   119.716     1.01    4.32
-143087.252   121.208     4.08    4.19
-142721.265   122.207     2.73    3.33
-142355.201   123.583     3.76    4.78
-141989.062   124.732     3.14    6.51
-141622.847   125.691     2.62    7.75
-141256.556   124.845    -2.31    8.43
-140890.190   122.245    -7.10    8.29
-140523.747   120.545    -4.64    6.99
-140157.228   121.462     2.50    7.66
-139790.632   124.722     8.89    8.07
-139423.961   127.462     7.47    6.30
-139057.214   128.211     2.04    4.23
-138690.390   124.979    -8.81    7.96
-138323.490   117.989   -19.05   11.35
-137956.513   114.990    -8.17   10.33
-137589.460   113.213    -4.84    9.53
-137222.331   114.240     2.79   10.51
-136855.125   117.856     9.85   10.71
-136487.842   121.385     9.61    8.72
-136120.483   122.208     2.24    7.86
-135753.048   122.958     2.04    6.45
-135385.535   123.347     1.06    4.71
-135017.946   121.948    -3.81    5.82
-134650.280   116.789   -14.03   10.04
-134282.537   108.489   -22.57   12.12
-133914.718   105.361    -8.50    9.60
-133546.821   106.886     4.15   10.16
-133178.847   112.753    15.94   10.49
-132810.797   118.753    16.30    7.30
-132442.669   123.208    12.10    2.69
-132074.464   123.796     1.60    2.42
-131706.182   122.632    -3.16    3.99
-131337.823   120.309    -6.30    5.53
-130969.386   117.253    -8.30    5.50
-130600.872   115.253    -5.43    4.18
-130232.281   114.163    -2.96    3.31
-129863.613   114.175     0.03    4.27
-129494.866   114.522     0.94    4.83
-129126.043   113.237    -3.48    5.89
-128757.142   112.660    -1.57    5.71
-128388.163   110.052    -7.07    7.13
-128019.106   106.175   -10.50    8.92
-127649.972   102.947    -8.75    7.75
-127280.760   102.531    -1.13    7.16
-126911.470   104.628     5.68    6.10
-126542.103   106.343     4.64    5.56
-126172.657   107.239     2.42    7.32
-125803.134   107.722     1.31    7.81
-125433.532   108.804     2.93    7.72
-125063.853   109.792     2.67    8.79
-124694.095   111.064     3.44   10.05
-124324.260   113.812     7.43   10.05
-123954.346   116.289     6.69    7.78
-123584.353   117.660     3.70    5.36
-123214.283   120.796     8.47    5.48
-122844.134   123.787     8.08    7.04
-122473.907   126.808     8.16    7.79
-122103.601   129.967     8.53    8.32
-121733.217   132.948     8.05    8.81
-121362.754   135.753     7.57    8.05
-120992.213   138.306     6.89    6.89
-120621.593   140.819     6.78    6.62
-120250.894   142.052     3.32    7.50
-119880.117   144.337     6.16    7.47
-119509.261   147.277     7.93    7.72
-119138.326   149.969     7.26    7.08
-118767.312   150.927     2.58    6.31
-118396.219   152.103     3.17    6.67
-118025.047   152.644     1.46    6.66
-117653.796   151.223    -3.83    5.06
-117282.466   151.033    -0.51    3.10
-116911.057   150.194    -2.26    4.01
-116539.569   151.287     2.94    5.96
-116168.001   152.084     2.14    6.08
-115796.355   151.442    -1.73    6.73
-115424.628   151.562     0.32    5.84
-115052.823   151.926     0.98    5.28
-114680.938   153.082     3.11    5.56
-114308.973   155.299     5.96    4.98
-113936.929   154.649    -1.75    5.43
-113564.806   152.670    -5.32    6.53
-113192.603   149.140    -9.48    6.95
-112820.320   146.742    -6.44    6.85
-112447.957   146.261    -1.29    6.93
-112075.514   146.859     1.60    5.55
-111702.992   147.714     2.30    3.85
-111330.390   146.133    -4.24    4.57
-110957.708   143.652    -6.66    6.52
-110584.946   139.337   -11.58    8.73
-110212.103   134.406   -13.22    8.85
-109839.181   132.031    -6.37    9.41
-109466.179   130.896    -3.04   10.67
-109093.096   129.694    -3.22   11.83
-108719.933   127.598    -5.62   11.83
-108346.690   124.106    -9.35   11.22
-107973.366   117.990   -16.38   12.02
-107599.962   110.247   -20.73   12.80
-107226.478   102.714   -20.17   12.82
-106852.913    94.174   -22.86    9.70
-106479.267    92.242    -5.17    8.14
-106105.541    94.413     5.81   10.92
-105731.734   100.732    16.90   14.12
-105357.847   109.011    22.14   12.44
-104983.879   115.283    16.77   11.10
-104609.829   121.708    17.18   12.46
-104235.700   132.042    27.62   18.01
-103861.489   140.073    21.46   19.45
-103487.197   148.546    22.64   18.00
-103112.824   152.726    11.16   16.86
-102738.370   154.115     3.71   14.00
-102363.835   153.844    -0.72   10.78
-101989.219   154.863     2.72    9.43
-101614.521   155.188     0.87   10.18
-101239.742   156.558     3.66    9.95
-100864.882   161.821    14.04   10.65
-100489.941   169.082    19.37    9.31
-100114.918   171.081     5.33    8.27
 -99739.813   170.044    -2.76    8.83
 -99364.627   167.227    -7.51    8.45
 -98989.360   163.250   -10.60    6.10
 -98614.011   160.980    -6.05    5.60
 -98238.580   158.630    -6.26    4.73
 -97863.067   155.876    -7.33    5.33
 -97487.472   155.078    -2.13    5.02
 -97111.796   156.227     3.06    5.44
 -96736.038   157.095     2.31    5.41
 -96360.197   158.958     4.96    4.01
 -95984.275   159.773     2.17    3.58
 -95608.271   159.204    -1.51    3.65
 -95232.184   158.232    -2.59    4.04
 -94856.016   157.485    -1.99    3.49
 -94479.765   156.897    -1.56    4.10
 -94103.431   157.392     1.31    4.86
 -93727.016   156.633    -2.02    5.50
 -93350.518   154.750    -5.00    5.93
 -92973.938   151.811    -7.81    6.38
 -92597.275   147.823   -10.59    5.28
 -92220.529   144.010   -10.12    5.73
 -91843.701   138.558   -14.47    6.67
 -91466.791   134.082   -11.88    6.50
 -91089.797   131.135    -7.81    5.14
 -90712.721   130.562    -1.52    4.38
 -90335.562   132.621     5.46    6.77
 -89958.320   135.111     6.60    7.34
 -89580.995   137.925     7.46    5.87
 -89203.587   139.162     3.28    4.99
 -88826.097   141.128     5.21    5.18
 -88448.523   142.469     3.55    5.38
 -88070.866   142.383    -0.23    5.50
 -87693.125   137.643   -12.55    8.67
 -87315.302   129.549   -21.42   11.51
 -86937.395   119.255   -27.24   12.35
 -86559.405   109.587   -25.58   10.55
 -86181.331    98.949   -28.13   11.93
 -85803.174    89.297   -25.52   11.55
 -85424.933    79.312   -26.39   10.50
 -85046.609    72.098   -19.07    6.67
 -84668.201    68.071   -10.64    4.53
 -84289.710    63.630   -11.73    8.83
 -83911.135    58.804   -12.75   12.82
 -83532.475    52.043   -17.85   13.40
 -83153.733    49.381    -7.03   12.15
 -82774.906    53.924    11.99   11.81
 -82395.995    59.323    14.25   11.13
 -82017.000    63.022     9.76    8.88
 -81637.921    65.577     6.74    9.51
 -81258.758    66.217     1.69   10.42
 -80879.511    67.929     4.51   10.41
 -80500.180    69.413     3.91    9.23
 -80120.764    69.388    -0.07    8.46
 -79741.264    70.237     2.24    8.30
 -79361.679    70.776     1.42    8.04
 -78982.010    72.290     3.99    7.17
 -78602.257    73.444     3.04    6.26
 -78222.419    73.000    -1.17    6.27
 -77842.496    72.847    -0.40    6.93
 -77462.489    72.890     0.11    7.15
 -77082.396    71.899    -2.61    6.68
 -76702.220    71.663    -0.62    6.36
 -76321.958    72.541     2.31    5.69
 -75941.611    73.905     3.59    5.44
 -75561.180    76.162     5.93    5.93
 -75180.663    79.237     8.08    5.86
 -74800.061    81.337     5.52    5.63
 -74419.374    83.553     5.82    5.04
 -74038.602    85.173     4.26    4.83
 -73657.745    86.957     4.68    4.18
 -73276.802    87.505     1.44    4.23
 -72895.774    87.194    -0.82    3.83
 -72514.661    87.040    -0.40    4.95
 -72133.462    86.424    -1.62    4.99
 -71757.747    84.131    -6.10    5.60
 -71392.675    80.581    -9.73    6.15
 -71027.527    78.175    -6.59    7.27
 -70662.301    76.663    -4.14    7.43
 -70296.998    77.705     2.85    8.63
 -69931.618    79.888     5.97    9.22
 -69566.160    80.913     2.81    8.68
 -69200.625    80.980     0.18    8.91
 -68835.013    81.183     0.56    9.53
 -68469.323    81.224     0.11    9.86
 -68103.556    80.960    -0.72    8.73
 -67737.711    80.768    -0.52    5.85
 -67371.788    78.798    -5.38    5.58
 -67005.788    75.783    -8.24    6.05
 -66639.710    73.240    -6.95    6.21
 -66273.554    70.323    -7.97    5.85
 -65907.321    68.586    -4.74    5.60
 -65541.009    67.418    -3.19    4.85
 -65174.620    65.905    -4.13    4.44
 -64808.152    64.320    -4.33    4.65
 -64441.607    62.409    -5.21    4.11
 -64074.983    61.250    -3.16    3.76
 -63708.282    60.277    -2.65    3.57
 -63341.502    59.130    -3.13    3.29
 -62974.644    57.385    -4.76    2.67
 -62607.708    56.918    -1.28    2.51
 -62240.693    56.420    -1.36    2.75
 -61873.600    55.750    -1.83    2.42
 -61506.429    55.040    -1.93    2.51
 -61139.179    53.902    -3.10    2.43
 -60771.851    53.940     0.10    2.33
 -60404.444    52.863    -2.93    3.08
 -60036.958    51.212    -4.49    4.77
 -59669.394    50.286    -2.52    5.30
 -59301.751    50.531     0.67    5.78
 -58934.030    51.020     1.33    6.31
 -58566.229    52.170     3.13    6.12
 -58198.350    51.649    -1.42    5.81
 -57830.391    50.280    -3.72    6.02
 -57462.354    45.869   -11.98    8.23
 -57094.238    43.582    -6.21    8.41
 -56726.042    40.367    -8.73    7.94
 -56357.768    36.286   -11.08    8.45
 -55989.414    32.794    -9.48    7.13
 -55620.981    31.470    -3.59    8.18
 -55252.469    31.283    -0.51    8.56
 -54883.878    30.490    -2.15    8.13
 -54515.207    30.128    -0.98    7.99
 -54146.457    30.316     0.51    7.34
 -53777.627    30.479     0.44    6.81
 -53408.718    30.980     1.36    5.67
 -53039.729    31.374     1.07    3.37
 -52670.660    29.760    -4.37    3.64
 -52301.512    29.172    -1.59    4.04
 -51932.284    29.337     0.45    5.31
 -51562.977    28.640    -1.89    6.03
 -51193.589    29.398     2.05    6.30
 -50824.122    29.840     1.20    7.17
 -50454.575    29.235    -1.64    7.63
 -50084.947    28.606    -1.70    7.72
 -49715.240    30.980     6.42    7.22
 -49345.452    33.122     5.79    6.55
 -48975.585    37.430    11.65    6.94
 -48605.637    40.862     9.28    5.36
 -48235.609    39.980    -2.38    6.34
 -47865.501    38.870    -3.00    7.03
 -47495.312    37.535    -3.60    6.53
 -47125.043    35.032    -6.76    4.20
 -46754.694    36.300     3.42    5.30
 -46384.264    38.310     5.43    5.55
 -46013.753    38.615     0.82    6.73
 -45643.162    38.480    -0.36    7.95
 -45272.490    37.633    -2.28    7.87
 -44901.737    36.818    -2.20    6.36
 -44530.904    36.181    -1.72    4.58
 -44159.990    36.870     1.86    3.63
 -43788.995    37.250     1.02    3.12
 -43417.919    36.182    -2.88    3.76
 -43046.762    34.371    -4.88    4.09
 -42675.524    33.010    -3.67    3.63
 -42304.205    32.190    -2.21    3.51
 -41932.805    31.583    -1.63    3.22
 -41561.324    30.398    -3.19    4.24
 -41189.761    29.459    -2.53    4.26
 -40818.118    28.030    -3.84    4.00
 -40446.392    26.734    -3.49    4.25
 -40074.586    26.070    -1.79    4.13
 -39702.698    26.304     0.63    4.37
 -39330.728    28.323     5.43    5.34
 -38958.677    31.625     8.87    4.89
 -38586.545    33.480     4.98    3.81
 -38214.330    33.909     1.15    4.11
 -37842.034    33.938     0.08    4.42
 -37469.657    33.010    -2.49    3.71
 -37097.197    32.704    -0.82    2.90
 -36724.656    32.465    -0.64    4.09
 -36352.032    31.116    -3.62    4.95
 -35979.327    29.323    -4.81    5.50
 -35606.539    26.772    -6.84    5.15
 -35233.670    25.230    -4.13    3.59
 -34860.718    26.200     2.60    5.25
 -34487.684    28.400     5.90    6.12
 -34114.568    30.144     4.67    5.84
 -33741.370    31.163     2.73    4.98
 -33368.089    30.219    -2.53    5.66
 -32994.726    27.570    -7.09    5.86
 -32621.280    25.535    -5.45    3.81
 -32247.752    25.439    -0.26    3.63
 -31874.142    27.273     4.91    4.17
 -31500.448    29.371     5.62    3.19
 -31126.672    30.110     1.98    2.24
 -30752.814    30.042    -0.18    2.33
 -30378.872    28.770    -3.40    2.76
 -30004.848    27.511    -3.37    2.74
 -29630.741    27.253    -0.69    2.50
 -29256.550    27.271     0.05    2.61
 -28882.277    26.370    -2.41    2.90
 -28507.921    25.582    -2.11    2.62
 -28133.482    24.121    -3.90    2.13
 -27758.959    24.292     0.46    2.21
 -27384.353    24.798     1.35    2.58
 -27009.664    23.919    -2.35    3.12
 -26634.892    21.273    -7.06    4.44
 -26260.036    18.980    -6.12    4.98
 -25885.097    16.454    -6.74    3.61
 -25510.074    15.500    -2.54    2.57
 -25134.968    16.763     3.37    2.64
 -24759.778    18.564     4.80    2.56
 -24384.505    20.096     4.08    2.19
 -24009.148    19.910    -0.49    2.57
 -23633.707    18.194    -4.57    4.16
 -23258.182    16.059    -5.68    4.86
 -22882.573    14.558    -4.00    4.99
 -22506.881    13.598    -2.55    6.09
 -22131.104    12.155    -3.84    6.74
 -21755.243     9.624    -6.73    5.74
 -21379.299     8.112    -4.02    4.09
 -21003.270     7.210    -2.40    3.01
 -20627.156     7.354     0.38    3.23
 -20250.959     6.424    -2.47    3.89
 -19874.677     5.130    -3.44    4.16
 -19498.311     3.770    -3.61    4.13
 -19121.861     1.840    -5.13    3.05
 -18745.326     0.663    -3.13    1.90
 -18368.706     0.222    -1.17    1.22
 -17992.002     0.000    -0.59    0.00
 -17615.213     0.000     0.00    0.00
 -17238.339     0.000     0.00    0.00
 -16861.381     0.000     0.00    0.00
 -16484.338     0.000     0.00    0.00
 -16107.209     0.010     0.03    0.10
 -15729.996     0.000    -0.03    0.00
 -15352.698     0.000     0.00    0.00
 -14975.315     0.000     0.00    0.00
 -14597.847     0.000     0.00    0.00
 -14220.294     0.000     0.00    0.00
 -13842.655     0.000     0.00    0.00
 -13464.931     0.000     0.00    0.00
 -13087.122     0.000     0.00    0.00
 -12709.227     0.000     0.00    0.00
 -12331.247     0.000     0.00    0.00
 -11953.181     0.000     0.00    0.00
 -11575.030     0.000     0.00    0.00
 -11196.793     0.000     0.00    0.00
 -10818.471     0.000     0.00    0.00
 -10440.062     0.000     0.00    0.00
 -10061.568     0.000     0.00    0.00
  -9682.988     0.000     0.00    0.00
  -9304.322     0.000     0.00    0.00
  -8925.571     0.000     0.00    0.00
  -8546.733     0.000     0.00    0.00
  -8167.809     0.000     0.00    0.00
  -7788.799     0.000     0.00    0.00
  -7409.702     0.000     0.00    0.00
  -7030.520     0.000     0.00    0.00
  -6651.251     0.000     0.00    0.00
  -6271.896     0.000     0.00    0.00
  -5892.454     0.000     0.00    0.00
  -5512.926     0.000     0.00    0.00
  -5133.311     0.000     0.00    0.00
  -4753.610     0.000     0.00    0.00
  -4373.822     0.000     0.00    0.00
  -3993.947     0.000     0.00    0.00
  -3613.985     0.000     0.00    0.00
  -3233.937     0.000     0.00    0.00
  -2853.802     0.000     0.00    0.00
  -2473.579     0.000     0.00    0.00
  -2093.270     0.000     0.00    0.00
  -1712.874     0.000     0.00    0.00
  -1332.390     0.000     0.00    0.00
   -951.820     0.000     0.00    0.00
   -571.162     0.000     0.00    0.00
   -190.416     0.000     0.00    0.00
    190.416     0.000     0.00    0.00
    571.336     0.000     0.00    0.00
    952.344     0.000     0.00    0.00
   1333.439     0.000     0.00    0.00
   1714.622     0.000     0.00    0.00
   2095.892     0.000     0.00    0.00
   2477.250     0.000     0.00    0.00
   2858.696     0.000     0.00    0.00
   3223.834     0.000     0.00    0.00
   3588.745     0.000     0.00    0.00
   3953.735     0.000     0.00    0.00
   4318.803     0.000     0.00    0.00
   4683.951     0.724     1.98    3.54
   5049.178     4.490    10.31    7.78
   5414.484     9.149    12.75    9.51
   5779.869    15.080    16.23    9.24
   6145.334    19.827    12.99    5.78
   6510.878    21.850     5.54    3.71
   6876.501    22.618     2.10    3.87
   7242.203    22.792     0.48    3.93
   7607.986    21.842    -2.60    3.84
   7973.847    20.916    -2.53    3.75
   8339.788    20.127    -2.15    3.11
   8705.809    19.860    -0.73    2.98
   9071.910    19.606    -0.69    2.72
   9438.090    19.860     0.69    3.07
   9804.350    20.000     0.38    3.44
  10170.690    19.206    -2.17    3.92
  10537.109    19.417     0.58    3.83
  10903.609    19.535     0.32    3.16
  11270.189    20.139     1.65    2.32
  11636.848    20.710     1.56    2.78
  12003.588    21.529     2.23    2.94
  12370.408    22.755     3.34    2.30
  12737.308    23.990     3.37    2.45
  13104.289    24.722     1.99    2.03
  13471.349    24.539    -0.50    2.16
  13838.490    23.505    -2.82    3.71
  14205.712    21.222    -6.22    5.32
  14573.013    18.347    -7.83    5.42
  14940.396    15.189    -8.59    3.56
  15307.859    15.265     0.20    3.62
  15675.402    16.240     2.65    3.97
  16043.027    15.683    -1.51    4.48
  16410.731    14.313    -3.73    4.87
  16778.517    12.780    -4.17    4.18
  17146.384    13.049     0.73    4.91
  17514.331    14.427     3.75    6.25
  17882.360    15.624     3.25    6.44
  18250.469    18.092     6.70    6.81
  18618.659    21.257     8.60    6.46
  18986.931    22.980     4.68    4.80
  19355.283    23.080     0.27    4.70
  19723.717    22.275    -2.19    4.86
  20092.232    21.270    -2.73    4.35
  20460.828    21.667     1.08    3.34
  20829.506    22.228     1.52    2.86
  21198.265    22.588     0.98    2.95
  21567.106    20.636    -5.29    8.24
  21936.028    17.029    -9.78   11.45
  22305.032    13.920    -8.43   12.20
  22674.117     9.471   -12.06   12.00
  23043.284    10.814     3.64   12.71
  23412.532    14.531    10.07   13.41
  23781.863    19.782    14.22   11.38
  24151.275    24.438    12.60    4.89
  24520.769    21.225    -8.69    7.84
  24890.346    18.374    -7.72    7.91
  25260.004    16.333    -5.52    6.57
  25629.744    14.854    -4.00    7.21
  25999.566    11.090   -10.18    9.39
  26369.471     7.245   -10.39    9.12
  26739.457     2.172   -13.71    7.70
  27109.526    -1.544   -10.04    2.37
  27479.677    -0.242     3.52    4.65
  27849.911     4.118    11.78    7.97
  28220.227     9.310    14.02    9.50
  28590.626    16.376    19.08    9.81
  28961.107    21.970    15.10    6.77
  29331.671    26.010    10.90    6.27
  29702.317    27.539     4.13    7.31
  30073.046    29.766     6.01    8.41
  30443.858    33.673    10.54    8.21
  30814.752    36.716     8.20    6.70
  31185.730    40.598    10.47    7.62
  31556.790    43.851     8.77    8.77
  31927.934    47.637    10.20   11.96
  32299.160    50.792     8.50   13.36
  32670.470    54.919    11.12   14.12
  33041.862    59.505    12.35   14.17
  33413.338    63.929    11.91   13.03
  33784.898    68.078    11.17   12.80
  34156.540    76.032    21.40   10.51
  34528.266    82.461    17.30   10.07
  34900.075    88.626    16.58    9.39
  35271.968    94.650    16.20   10.51
  35643.944   103.089    22.69   11.39
  36016.004   109.693    17.75   10.24
  36388.147   114.287    12.35    6.95
  36760.375   113.556    -1.97    9.03
  37132.685   107.563   -16.10   13.50
  37505.080   100.510   -18.94   14.62
  37877.559    98.058    -6.58   14.31
  38250.121    96.330    -4.64   14.38
  38622.768    98.333     5.38   12.79
  38995.498    96.576    -4.72   13.43
  39368.313    92.961    -9.70   11.45
  39741.212    90.067    -7.76   11.17
  40114.195    84.880   -13.91    8.95
  40487.262    79.812   -13.59    6.54
  40860.414    74.980   -12.95    6.86
  41233.650    70.212   -12.78    6.86
  41606.970    66.592    -9.70    6.07
  41980.375    62.861    -9.99    6.87
  42353.864    59.469    -9.08    7.25
  42727.438    56.686    -7.45    5.62
  43101.097    55.101    -4.24    4.03
  43474.841    55.437     0.90    4.09
  43848.669    56.178     1.98    3.44
  44222.582    53.824    -6.30    7.08
  44596.580    49.853   -10.62    9.03
  44970.662    46.210    -9.74    9.47
  45344.830    42.353   -10.31    9.75
  45719.083    40.949    -3.75   11.23
  46093.421    39.902    -2.80   12.25
  46467.844    39.357    -1.46   12.72
  46842.353    37.087    -6.06   11.55
  47216.946    35.072    -5.38    9.64
  47591.625    31.461    -9.64    8.50
  47966.390    27.750    -9.90    7.60
  48341.240    22.314   -14.50    6.13
  48716.175    19.287    -8.07    4.75
  49091.196    16.990    -6.13    4.78
  49466.303    14.386    -6.94    5.17
  49841.495    11.713    -7.13    6.71
  50216.773     9.827    -5.03    6.45
  50592.137     8.010    -4.84    5.93
  50967.587     7.252    -2.02    6.01
  51343.122     6.196    -2.81    6.10
  51718.744     5.577    -1.65    5.60
  52094.452     4.096    -3.94    4.67
  52470.245     3.529    -1.51    3.90
  52846.125     3.188    -0.91    3.44
  53222.091     3.225     0.10    2.75
  53598.144     3.330     0.28    2.57
  53974.282     3.471     0.37    2.79
  54350.508     3.108    -0.96    2.78
  54726.819     2.265    -2.24    2.42
  55103.217     1.843    -1.12    2.31
  55479.702     1.941     0.26    2.19
  55856.273     1.388    -1.47    2.37
  56232.931     0.848    -1.43    2.16
  56609.676     0.363    -1.29    1.84
  56986.507     0.175    -0.50    1.40
  57363.426     0.048    -0.34    1.01
  57740.431     0.020    -0.07    0.93
  58117.523     0.010    -0.03    1.02
  58494.702     0.010     0.00    1.10
  58871.969     0.029     0.05    1.05
  59249.322    -0.021    -0.13    1.13
  59626.763    -0.135    -0.30    1.29
  60004.291     0.050     0.49    1.37
  60381.907    -0.165    -0.57    1.33
  60759.609    -0.330    -0.44    1.29
  61137.400    -0.456    -0.33    1.07
  61515.277    -0.588    -0.35    1.07
  61893.243    -0.314     0.73    1.23
  62271.296     0.098     1.09    1.45
  62649.436     0.284     0.49    2.05
  63027.665     0.291     0.02    2.66
  63405.981     0.738     1.18    3.48
  63784.385     0.260    -1.26    3.69
  64162.877    -0.050    -0.82    3.60
  64541.457    -0.388    -0.89    3.34
  64920.125    -0.727    -0.90    2.57
  65298.881    -1.165    -1.16    2.04
  65677.726    -1.337    -0.45    1.47
  66056.658    -1.311     0.07    1.24
  66435.679    -0.979     0.87    1.28
  66814.789    -0.286     1.83    1.50
  67193.986     0.484     2.03    1.26
  67573.273     0.885     1.06    0.77
  67952.647     0.717    -0.44    0.90
  68332.111     0.769     0.14    1.59
  68711.663     2.200     3.77    3.37
  69091.303     4.317     5.58    4.69
  69471.033     5.950     4.30    4.65
  69850.851     7.598     4.34    5.06
  70230.759     9.069     3.87    5.83
  70610.755    11.548     6.52    6.51
  70990.840    15.000     9.08    5.92
  71371.015    17.990     7.87    3.86
  71751.278    18.379     1.02    3.83
  72131.631    17.765    -1.61    4.38
  72512.073    16.657    -2.91    3.96
  72892.604    14.225    -6.39    3.67
  73273.225    12.317    -5.01    3.42
  73653.935    10.107    -5.81    3.66
  74034.735     8.298    -4.75    3.29
  74415.625     5.693    -6.84    3.47
  74796.604     3.515    -5.72    2.87
  75177.672     1.920    -4.18    2.26
  75558.831     1.408    -1.34    1.64
  75940.079     1.480     0.19    1.77
  76321.418     2.087     1.59    2.24
  76702.846     3.097     2.65    2.90
  77084.364     4.210     2.92    3.22
  77465.972     4.396     0.49    3.07
  77837.150     4.125    -0.73    2.68
  78201.818     2.663    -4.01    2.55
  78566.567     1.423    -3.40    2.62
  78931.397     0.647    -2.13    3.05
  79296.307     0.206    -1.21    2.92
  79661.299     0.631     1.16    3.20
  80026.371     2.378     4.78    3.46
  80391.524     2.676     0.82    3.31
  80756.759     1.630    -2.86    3.29
  81122.074     0.089    -4.22    2.75
  81487.471    -0.981    -2.93    2.04
  81852.949    -1.505    -1.43    1.03
  82218.508    -0.369     3.11    2.23
  82584.149     0.673     2.85    2.35
  82949.871     1.905     3.37    2.28
  83315.674     3.019     3.05    2.10
  83681.559     3.388     1.01    2.39
  84047.525     3.353    -0.10    2.62
  84413.573     3.237    -0.32    2.97
  84779.703     2.638    -1.64    3.06
  85145.914     2.069    -1.55    2.88
  85512.207     1.505    -1.54    2.41
  85878.582     0.740    -2.09    2.13
  86245.039    -0.275    -2.77    1.52
  86611.577    -1.171    -2.45    1.20
  86978.198    -1.927    -2.06    1.06
  87344.900    -2.519    -1.61    0.72
  87711.685    -2.824    -0.83    0.53
  88078.552    -3.000    -0.48    0.00
  88445.501    -3.000     0.00    0.00
  88812.532    -3.000     0.00    0.00
  89179.646    -3.000     0.00    0.00
  89546.842    -3.000     0.00    0.00
  89914.120    -3.000     0.00    0.00
  90281.481    -3.000     0.00    0.00
  90648.925    -3.000     0.00    0.00
  91016.450    -3.000     0.00    0.00
  91384.059    -3.000     0.00    0.00
  91751.750    -3.000     0.00    0.00
  92119.524    -3.000     0.00    0.00
  92487.381    -3.000     0.00    0.00
  92855.321    -3.000     0.00    0.00
  93223.343    -3.000     0.00    0.00
  93591.449    -3.000     0.00    0.00
  93959.637    -3.000     0.00    0.00
  94327.909    -3.000     0.00    0.00
  94696.264    -3.000     0.00    0.00
  95064.702    -3.000     0.00    0.00
  95433.223    -3.000     0.00    0.00
  95801.827    -3.000     0.00    0.00
  96170.515    -3.000     0.00    0.00
  96539.287    -3.000     0.00    0.00
  96908.141    -3.000     0.00    0.00
  97277.080    -3.000     0.00    0.00
  97646.101    -3.000     0.00    0.00
  98015.207    -3.000     0.00    0.00
  98384.396    -3.000     0.00    0.00
  98753.669    -3.000     0.00    0.00
  99123.026    -3.000     0.00    0.00
  99492.466    -3.000     0.00    0.00
  99861.991    -3.000     0.00    0.00
 100231.599    -3.000     0.00    0.00
 100601.292    -3.000     0.00    0.00
 100971.068    -3.000     0.00    0.00
 101340.929    -3.000     0.00    0.00
 101710.874    -3.000     0.00    0.00
 102080.903    -3.000     0.00    0.00
 102451.017    -3.000     0.00    0.00
 102821.214    -3.000     0.00    0.00
 103191.497    -3.000     0.00    0.00
 103561.864    -3.000     0.00    0.00
 103932.315    -3.000     0.00    0.00
 104302.851    -3.000     0.00    0.00
 104673.472    -3.000     0.00    0.00
 105044.177    -3.000     0.00    0.00
 105414.967    -3.000     0.00    0.00
 105785.842    -3.000     0.00    0.00
 106156.802    -3.000     0.00    0.00
 106527.846    -3.000     0.00    0.00
 106898.976    -3.000     0.00    0.00
 107270.191    -3.000     0.00    0.00
 107641.491    -3.000     0.00    0.00
 108012.876    -3.000     0.00    0.00
 108384.347    -3.000     0.00    0.00
 108755.902    -3.000     0.00    0.00
 109127.543    -3.000     0.00    0.00
 109499.270    -3.000     0.00    0.00
 109871.082    -3.000     0.00    0.00
 110242.979    -3.000     0.00    0.00
 110614.962    -3.000     0.00    0.00
 110987.031    -3.000     0.00    0.00
 111359.185    -3.000     0.00    0.00
 111731.425    -3.000     0.00    0.00
 112103.751    -3.000     0.00    0.00
 112476.163    -3.000     0.00    0.00
 112848.661    -3.000     0.00    0.00
 113221.244    -3.000     0.00    0.00
 113593.914    -3.000     0.00    0.00
 113966.670    -3.000     0.00    0.00
 114339.512    -3.000     0.00    0.00
 114712.441    -3.000     0.00    0.00
 115085.455    -3.000     0.00    0.00
 115458.556    -3.000     0.00    0.00
 115831.744    -3.000     0.00    0.00
 116205.017    -3.000     0.00    0.00
 116578.378    -3.000     0.00    0.00
 116951.825    -3.000     0.00    0.00
 117325.358    -3.000     0.00    0.00
 117698.979    -3.000     0.00    0.00
 118072.686    -3.000     0.00    0.00
 118446.480    -3.000     0.00    0.00
 118820.360    -3.000     0.00    0.00
 119194.328    -3.000     0.00    0.00
 119568.383    -3.000     0.00    0.00
 119942.525    -3.000     0.00    0.00
 120316.754    -3.000     0.00    0.00
 120691.070    -3.000     0.00    0.00
 121065.473    -3.000     0.00    0.00
 121439.964    -3.000     0.00    0.00
 121814.542    -3.000     0.00    0.00
 122189.207    -3.000     0.00    0.00
 122563.960    -3.000     0.00    0.00
 122938.801    -3.000     0.00    0.00
 123313.729    -3.000     0.00    0.00
 123688.745    -3.000     0.00    0.00
 124063.848    -3.000     0.00    0.00
 124439.040    -3.000     0.00    0.00
 124814.319    -3.000     0.00    0.00
 125189.686    -3.000     0.00    0.00
 125565.141    -3.000     0.00    0.00
 125940.684    -3.000     0.00    0.00
 126316.315    -3.000     0.00    0.00
 126692.035    -3.000     0.00    0.00
 127067.842    -3.000     0.00    0.00
 127443.738    -3.000     0.00    0.00
 127819.722    -3.000     0.00    0.00
 128195.795    -3.000     0.00    0.00
 128571.956    -3.000     0.00    0.00
