# NaN NaN NaN ;Mean Elev.(m), Avg Gradient(m/km), RMS Gradient(m/km) - SRTM1     
#    8.296  -2.371   7.136 ;Mean Elev.(m), Avg Gradient(m/km), RMS Gradient(m/km) - ASTER GDEM
#   36.000  -1.984   6.549 ;Mean Elev.(m), Avg Gradient(m/km), RMS Gradient(m/km) - GMTED2010 
  8    20.884 52486.32156320 19.75  53.267989  65.346180 13.128
  8    17.285 52486.32156385 14.89  53.264939  65.343080 13.128
  8    16.006 52486.32156449 17.80  53.261889  65.339980 13.128
  9    20.917 52521.32153149 14.56  53.261970  65.345419  8.511
  9    20.882 52521.32153214 13.57  53.258920  65.342319  8.511
  9    17.515 52521.32153278 12.90  53.255870  65.339219  8.511
 10    18.083 52556.32158232 49.72  53.273362  65.344774 13.036
 10    17.127 52556.32158297 50.24  53.270312  65.341674 13.036
 10    16.853 52556.32158361 48.61  53.267262  65.338574 13.036
 11    16.551 52591.32157454 29.63  53.265559  65.345189 11.051
 11    16.523 52591.32157518 38.31  53.262509  65.342089 11.051
 11    16.302 52591.32157583 35.15  53.259459  65.338989 11.051
 12    20.419 52626.32149385 17.05  53.292898  65.343357  3.547
 12    19.426 52626.32149450 17.08  53.289848  65.340257  3.547
 13    20.983 52661.32153897 14.34  53.268528  65.343630  4.381
 13    19.980 52661.32153962 13.72  53.265478  65.340530  4.381
 13    16.910 52661.32154026 14.35  53.262428  65.337430  4.381
 14    21.691 52696.32151677  9.92  53.288114  65.342751  4.023
 14    20.739 52696.32151742  9.42  53.285064  65.339651  4.023
 14    19.221 52696.32151806  9.49  53.282004  65.336551  4.023
 15    21.538 52731.32154383 11.00  53.275673  65.344440  2.377
 15    21.138 52731.32154447 10.92  53.272623  65.341340  2.377
 15    21.122 52731.32154512 10.69  53.269583  65.338240  2.377
 16    20.134 52766.32155336 24.06  53.253485  65.347510 13.196
 16    15.507 52766.32155401 30.87  53.250435  65.344410 13.196
 16    15.499 52766.32155465 30.78  53.247385  65.341310 13.196
 18    21.506 52836.32162048 20.10  53.282032  65.342448 24.646
 18    20.823 52836.32162112 16.19  53.278982  65.339348 24.646
 18    20.569 52836.32162177 13.79  53.275932  65.336248 24.646
 20    21.489 52906.32165669 19.48  53.269639  65.345332 10.319
 20    19.323 52906.32165734 17.24  53.266589  65.342232 10.319
 20    19.111 52906.32165798 19.12  53.263539  65.339132 10.319
 23    16.966 53011.32164012 20.52  53.265256  65.345669  6.581
 23    16.368 53011.32164077 20.35  53.262206  65.342569  6.581
 23    15.470 53011.32164141 20.75  53.259156  65.339469  6.581
 24    17.388 53046.32160445 18.86  53.280589  65.345037  6.537
 24    16.469 53046.32160509 19.00  53.277539  65.341937  6.537
 24    15.371 53046.32160574 22.31  53.274489  65.338837  6.537
 25    80.392 53081.32163952  7.75  53.261589  65.344962  2.508
 25    81.678 53081.32164017  8.57  53.258549  65.341862  2.508
 25    82.055 53081.32164081  9.07  53.255499  65.338762  2.508
 26    80.850 53116.32160966  4.00  53.275999  65.343902  2.627
 26    81.908 53116.32161031  4.14  53.272949  65.340802  2.627
 26    82.499 53116.32161095  4.69  53.269899  65.337702  2.627
 27    23.177 53151.32165774 42.81  53.268405  65.344405 17.969
 27    23.103 53151.32165839 38.94  53.265355  65.341305 17.969
 27    23.060 53151.32165903 40.01  53.262305  65.338205 17.969
 28    20.825 53186.32164416 32.34  53.280231  65.342281 12.571
 28    21.427 53186.32164481 40.43  53.277181  65.339181 12.571
 28    20.841 53186.32164545 41.22  53.274131  65.336081 12.571
 29    22.235 53221.32167058 17.80  53.267396  65.344279 12.381
 29    20.694 53221.32167123 14.41  53.264346  65.341179 12.381
 29    19.731 53221.32167187 13.02  53.261296  65.338079 12.381
 30    15.244 53256.32164675 27.65  53.256989  65.347380 19.158
 30    19.129 53256.32164740 16.89  53.253939  65.344280 19.158
 30    15.126 53256.32164804 19.97  53.250889  65.341180 19.158
 33    20.930 53361.32159240 20.76  53.268771  65.346757  6.159
 33    16.842 53361.32159304 23.74  53.265721  65.343657  6.159
 33    16.001 53361.32159369 23.74  53.262670  65.340560  7.161
 34    17.782 53396.32161262 18.84  53.277989  65.343276  4.532
 34    16.407 53396.32161327 20.27  53.274939  65.340177  6.696
 34    15.778 53396.32161391 20.72  53.271889  65.337077  6.696
 35    18.911 53431.32160481 15.00  53.265215  65.345056  5.156
 35    17.765 53431.32160545 14.37  53.262169  65.341959  3.743
 35    16.851 53431.32160610 14.14  53.259119  65.338859  3.743
 36    80.751 53466.32163585  6.61  53.283946  65.344717  2.329
 36    81.943 53466.32163650  7.04  53.280891  65.341619  4.167
 36    82.780 53466.32163714  7.75  53.277841  65.338519  4.167
 37    22.304 53501.32169277 24.53  53.266466  65.346213 13.153
 37    17.130 53501.32169342 24.47  53.263417  65.343109 16.147
 37    16.556 53501.32169406 28.19  53.260367  65.340009 16.147
 38    21.986 53536.32168279 27.82  53.270808  65.346628 20.367
 38    21.843 53536.32168344 18.95  53.267757  65.343523 11.052
 38    21.055 53536.32168408 15.95  53.264707  65.340433 11.052
 39    21.837 53571.32169032 22.11  53.265339  65.347672 20.002
 39    20.671 53571.32169096 17.86  53.262289  65.344572 20.002
 39    16.180 53571.32169161 24.24  53.259238  65.341468 17.567
 39    16.074 53571.32169225 32.93  53.256198  65.338368 17.567
 40    15.230 53606.32163893 24.35  53.258222  65.346226 18.293
 40    15.128 53606.32163957 25.10  53.255175  65.343127 11.354
 40    15.213 53606.32164022 22.86  53.252135  65.340027 11.354
 41    21.744 53641.32163894 16.91  53.279366  65.342948  8.473
 41    19.585 53641.32163958 12.41  53.276319  65.339849  9.885
 41    19.750 53641.32164023 10.86  53.273269  65.336749  9.885
 42    17.766 53676.32165852 45.70  53.266105  65.344329 12.166
 42    17.714 53676.32165917 46.72  53.263055  65.341227 19.947
 42    16.357 53676.32165981 44.57  53.260005  65.338127 19.947
 43    15.601 53711.32158809 45.37  53.263177  65.344556 13.718
 43    15.527 53711.32158874 53.69  53.260131  65.341459 15.302
 43    15.491 53711.32158938 41.44  53.257091  65.338359 15.302
 44    19.374 53746.32149840 14.73  53.290192  65.342397  2.811
 44    20.189 53746.32149905 14.12  53.287142  65.339297  2.811
 44    17.288 53746.32149969 14.24  53.284092  65.336197  2.811
 45    18.692 53781.32152989 13.97  53.273622  65.343592  2.735
 45    17.687 53781.32153053 14.73  53.270579  65.340489  3.386
 45    15.848 53781.32153118 14.31  53.267529  65.337389  3.386
 46    19.473 53816.32149738 12.39  53.258171  65.347244  3.708
 46    18.449 53816.32149802 12.35  53.255121  65.344144  3.708
 46    17.500 53816.32149867 12.57  53.252081  65.341044  3.708
 47    17.350 53851.32156641 15.40  53.275820  65.343121  4.243
 47    16.340 53851.32156705 16.55  53.272770  65.340021  4.243
 47    15.865 53851.32156770 16.19  53.269720  65.336920  6.345
 48    23.364 53886.32157435 36.72  53.279238  65.342058 10.612
 48    23.809 53886.32157500 37.09  53.276191  65.338955 14.182
 48    22.833 53886.32157564 38.12  53.273141  65.335855 14.182
 49    20.863 53921.32164448 15.85  53.264149  65.345398 18.410
 49    20.847 53921.32164512 13.20  53.261099  65.342298 18.410
 49    19.922 53921.32164577 13.37  53.258053  65.339193 13.448
 50    19.123 53956.32164098 19.07  53.262507  65.347195 26.178
 50    20.360 53956.32164163 16.81  53.259467  65.344095 26.178
 50    19.409 53956.32164227 13.70  53.256417  65.340995 26.178
 52    15.649 54026.32162659 45.47  53.281532  65.342244 23.930
 52    15.537 54026.32162723 51.09  53.278482  65.339144 23.930
 52    15.556 54026.32162787 51.47  53.275432  65.336044 23.930
 53    17.711 54061.32161976 22.56  53.276584  65.345085  7.415
 53    17.787 54061.32162040 26.14  53.273534  65.341985  7.415
 53    17.558 54061.32162105 22.04  53.270484  65.338885  7.415
 54    19.095 54096.32159271 19.65  53.260856  65.346868  5.598
 54    18.191 54096.32159336 20.18  53.257816  65.343768  5.598
 54    16.942 54096.32159400 20.78  53.254766  65.340668  5.598
 56    19.381 54166.32156494 12.99  53.265101  65.346709  4.062
 56    17.860 54166.32156558 15.00  53.262051  65.343609  4.062
 56    16.207 54166.32156623 16.62  53.259011  65.340509  4.062
 57    81.150 54201.32154414  2.34  53.279838  65.343560  4.733
 57    82.069 54201.32154478  2.26  53.276788  65.340460  4.733
 57    82.763 54201.32154543  3.10  53.273738  65.337360  4.733
 59    21.775 54271.32160079 44.94  53.270661  65.344611 11.452
 59    21.871 54271.32160144 46.89  53.267611  65.341511 11.452
 59    21.960 54271.32160208 44.21  53.264561  65.338411 11.452
 60    17.908 54306.32160324 46.43  53.273924  65.345187 11.179
 60    18.349 54306.32160388 45.67  53.270874  65.342087 11.179
 60    17.367 54306.32160453 49.86  53.267824  65.338987 11.179
 61    21.073 54341.32158485 15.84  53.265180  65.345137  4.980
 61    20.580 54341.32158550 13.50  53.262130  65.342037  4.980
 61    18.993 54341.32158614 12.84  53.259090  65.338937  4.980
 63    17.818 54411.32153129 46.67  53.271055  65.346533 21.380
 63    17.866 54411.32153194 47.19  53.268005  65.343433 21.380
 63    17.777 54411.32153258 47.10  53.264955  65.340333 21.380
 64    19.136 54446.32150243 21.15  53.282646  65.342843  5.223
 64    20.123 54446.32150308 21.83  53.279596  65.339743  5.223
 64    15.908 54446.32150372 21.64  53.276546  65.336643  5.223
 65    21.372 54481.32152324 13.98  53.273316  65.344887  3.885
 65    18.036 54481.32152389 15.44  53.270264  65.341784  3.322
 65    16.401 54481.32152453 16.47  53.267214  65.338684  3.322
 66    19.799 54516.32151661 14.96  53.282505  65.342972  4.650
 66    16.111 54516.32151725 18.03  53.279455  65.339872  4.650
 66    16.093 54516.32151790 17.52  53.276405  65.336772  4.650
 67    80.245 54551.32153605 13.17  53.264881  65.346339  3.155
 67    82.270 54551.32153734 14.30  53.258781  65.340139  3.155
 70    21.704 54656.32154133 18.65  53.268522  65.344015 16.809
 70    20.838 54656.32154197 16.72  53.265472  65.340915 16.809
 70    20.025 54656.32154262 14.36  53.262422  65.337815 16.809
 71    14.908 54691.32152572 18.64  53.266797  65.344956 15.238
 71    16.335 54691.32152637 16.39  53.263747  65.341856 15.238
 71    15.302 54691.32152701 16.49  53.260697  65.338756 15.238
 72    21.639 54726.32149232 18.03  53.282056  65.344068 11.346
 72    19.225 54726.32149296 16.84  53.279006  65.340968 11.346
 72    17.304 54726.32149361 16.97  53.275956  65.337868 11.346
 73    20.187 54761.32150268 23.68  53.269811  65.345298 13.199
 73    18.163 54761.32150333 25.44  53.266761  65.342198 13.199
 73    18.168 54761.32150397 33.43  53.263721  65.339098 13.199
 74    15.833 54796.32148576 29.91  53.284075  65.343898 11.807
 74    16.036 54796.32148640 33.99  53.281025  65.340798 11.807
 74    16.185 54796.32148705 40.90  53.277975  65.337698 11.807
 75    21.472 54831.32150306 13.92  53.271146  65.345157  5.959
 75    18.471 54831.32150371 13.44  53.268096  65.342057  5.959
 75    16.482 54831.32150435 14.26  53.265046  65.338957  5.959
 76    21.735 54866.32148098 11.69  53.282946  65.344016  4.821
 76    20.501 54866.32148163 12.50  53.279896  65.340916  4.821
 76    18.311 54866.32148227 13.41  53.276856  65.337816  4.821
 77    18.306 54901.32150237 14.45  53.263225  65.344904  4.826
 77    17.260 54901.32150302 15.81  53.260185  65.341804  4.826
 77    15.779 54901.32150366 17.13  53.257135  65.338704  4.826
 78    19.302 54936.32147173 11.42  53.276257  65.342697  8.995
 78    18.726 54936.32147237  9.29  53.273217  65.339597  8.995
 78    15.638 54936.32147302 10.20  53.270167  65.336497  8.995
 81    21.858 55041.32151124 21.34  53.273440  65.345948 23.977
 81    21.529 55041.32151189 16.71  53.270390  65.342848 23.977
 81    20.993 55041.32151253 13.67  53.267340  65.339748 23.977
 82    20.616 55076.32149217 21.06  53.266800  65.347230 15.252
 82    20.948 55076.32149281 15.59  53.263750  65.344130 15.252
 82    20.668 55076.32149346 12.26  53.260700  65.341030 15.252
 84    17.769 55146.32144610 26.70  53.269965  65.346499 12.663
 84    15.438 55146.32144675 27.93  53.266915  65.343399 12.663
 84    15.634 55146.32144739 27.89  53.263865  65.340299 12.663
 85    21.110 55181.32142201 15.56  53.284442  65.343853  9.318
 85    20.175 55181.32142265 15.85  53.281392  65.340753  9.318
 85    18.017 55181.32142330 16.48  53.278342  65.337653  9.318
 86    18.745 55216.32144087 15.61  53.268288  65.345103  6.070
 86    16.749 55216.32144152 18.58  53.265248  65.342003  6.070
 86    15.921 55216.32144216 19.01  53.262198  65.338903  6.070
 87    20.578 55251.32141876 13.96  53.282254  65.344843  6.113
 87    19.000 55251.32141940 14.43  53.279204  65.341743  6.113
 87    18.044 55251.32142005 14.23  53.276154  65.338643  6.113
 88    79.465 55286.32143413  2.93  53.265065  65.347539  2.471
 88    80.472 55286.32143478  3.67  53.262015  65.344439  2.471
 88    81.366 55286.32143542  4.50  53.258965  65.341339  2.471
 89    21.538 55321.32140853 35.19  53.269367  65.345156 16.002
 89    21.839 55321.32140917 42.18  53.266317  65.342056 16.002
 89    21.418 55321.32140982 48.59  53.263267  65.338956 16.002
 91    16.985 55391.32140960 33.48  53.278288  65.345053 16.106
 91    16.922 55391.32141025 37.01  53.275238  65.341953 16.106
 91    16.876 55391.32141089 37.74  53.272188  65.338853 16.106
 92    21.585 55426.32142505 29.62  53.273784  65.346145 20.066
 92    20.860 55426.32142569 15.56  53.270734  65.343045 20.066
 92    19.679 55426.32142634 13.49  53.267684  65.339945 20.066
 93    19.917 55461.32139244 17.14  53.265243  65.346173  7.990
 93    20.467 55461.32139308 11.84  53.262203  65.343073  7.990
 93    18.118 55461.32139373 12.20  53.259153  65.339973  7.990
