# NaN NaN NaN ;Mean Elev.(m), Avg Gradient(m/km), RMS Gradient(m/km) - SRTM1     
#   26.873  -2.502   7.105 ;Mean Elev.(m), Avg Gradient(m/km), RMS Gradient(m/km) - ASTER GDEM
#   37.674  -3.206   6.102 ;Mean Elev.(m), Avg Gradient(m/km), RMS Gradient(m/km) - GMTED2010 
  7  52.587741  65.403318    16.421    16.430  4 52458.71771672 30.643
  8  52.594252  65.405047    14.561    14.561  2 52493.71769906 49.030
  9  52.580829  65.393519    16.621    16.615  3 52528.71767881 48.821
 10  52.586064  65.401524    14.679    14.642  4 52563.71771259 38.511
 11  52.584248  65.403198    15.515    15.527  4 52598.71773602 38.070
 12  52.584370  65.394507    14.636    14.641  3 52633.71768450 22.068
 13  52.585642  65.402985    14.093    14.094  4 52668.71770003 16.071
 14  52.581647  65.403119    16.555    14.993  3 52703.71768105 11.472
 15  52.591822  65.403290    19.185    19.370  4 52738.71771900  4.080
 16  52.603957  65.403578    19.342    19.344  3 52773.71767219 52.095
 17  52.582574  65.392708    18.984    18.989  3 52808.71773996 50.746
 18  52.581586  65.397037    14.599    14.490  4 52843.71779803 31.693
 19  52.581503  65.402340    14.318    14.318  2 52878.71783709 50.299
 20  52.600763  65.405060    16.468    16.374  3 52913.71779504 45.504
 21  52.581903  65.395645    13.809    13.817  4 52948.71775216 45.894
 23  52.593239  65.405228    14.324    14.305  3 53018.71777688 18.268
 24  52.582064  65.401913    14.229    14.229  2 53053.71775973 15.231
 25  52.589606  65.402483    18.391    18.316  4 53088.71779673 12.160
 26  52.581190  65.400200    18.941    18.941  2 53123.71776683  6.333
 27  52.583754  65.395045    22.308    22.434  3 53158.71782422 30.932
 28  52.592627  65.401738    15.717    15.727  4 53193.71781965 35.679
 29  52.592092  65.405343    13.882    13.868  3 53228.71781459 42.443
 31  52.579884  65.393168    14.987    14.992  4 53298.71782696 45.997
 32  52.586920  65.403326    14.769    14.797  4 53333.71779959 41.176
 33  52.603164  65.403338    14.270    14.289  3 53368.71774121 22.983
 34  52.582573  65.402238    14.121    14.100  4 53403.71777225 19.905
 35  52.596758  65.405135    13.993    14.007  3 53438.71776062 15.667
 36  52.584442  65.394669    13.722    13.700  3 53473.71781729 15.130
 37  52.584881  65.403239    21.107    21.116  4 53508.71784161 50.299
 38  52.585196  65.402895    15.162    15.111  4 53543.71785358 50.601
 39  52.591427  65.404772    14.226    14.220  3 53578.71783541 42.312
 40  52.595059  65.405241    14.111    14.079  3 53613.71778882 43.621
 41  52.580450  65.403477    17.032    15.917  3 53648.71779479 20.997
 42  52.584428  65.403012    16.717    16.720  4 53683.71780913 50.498
 43  52.600183  65.404147    14.266    14.266  2 53718.71773584 30.280
 44  52.581549  65.403958    14.474    14.530  3 53753.71765809 16.330
 45  52.592491  65.405090    13.880    13.859  3 53788.71768803 13.623
 46  52.583179  65.392426    17.114    13.829  3 53823.71764132 13.405
 47  52.583012  65.397277    13.784    13.753  3 53858.71773491 26.685
 48  52.586675  65.402280    20.029    20.029  4 53893.71775145 50.640
 49  52.584425  65.394679    14.340    14.352  3 53928.71780707 43.914
 50  52.586889  65.403181    15.811    15.762  4 53963.71778954 44.745
 51  52.578536  65.392968    14.398    14.530  3 53998.71773853 47.377
 52  52.583990  65.402604    13.518    13.580  4 54033.71778747 39.756
 54  52.597844  65.404982    15.335    15.362  3 54103.71773884 18.363
 55  52.582314  65.400041    14.700    14.595  3 54138.71771106 19.539
 56  52.593000  65.404422    17.001    16.997  3 54173.71771728 10.637
 57  52.583399  65.397368    14.123    14.124  4 54208.71771654 28.771
 58  52.586306  65.402859    20.111    20.120  4 54243.71774906 48.658
 59  52.585728  65.403209    20.220    20.213  4 54278.71776175 47.569
 60  52.591353  65.402018    15.442    15.470  4 54313.71776136 33.803
 61  52.595693  65.405536    21.022    17.589  3 54348.71773241 15.915
 62  52.582972  65.401931    18.177    18.108  4 54383.71769939 20.346
 63  52.593508  65.403959    14.935    14.938  3 54418.71768159 45.409
 64  52.581155  65.397006    14.882    14.775  4 54453.71766912 26.601
 65  52.592621  65.401968    14.774    14.761  4 54488.71768001 20.080
 66  52.584818  65.401508    17.528    17.430  4 54523.71768285 21.522
 67  52.593642  65.404183    14.134    13.995  3 54558.71769000 11.005
 68  52.585253  65.403170    14.949    14.940  4 54593.71767936 20.149
 69  52.587725  65.403041    20.839    20.853  4 54628.71769389 38.643
 70  52.584412  65.402053    14.850    14.923  4 54663.71770099 22.452
 71  52.597281  65.404148    14.648    14.648  2 54698.71767393 18.570
 72  52.582999  65.397742    14.581    14.617  4 54733.71765793 24.836
 73  52.591479  65.401967    16.707    16.662  4 54768.71765327 23.922
 74  52.582902  65.397248    14.627    14.634  4 54803.71765167 35.250
 75  52.587518  65.403579    15.012    14.869  5 54838.71764749 15.479
 76  52.581259  65.402383    14.318    14.318  2 54873.71765225 13.883
 77  52.595133  65.404375    14.002    13.952  3 54908.71765403 18.590
 78  52.583813  65.397422    18.309    19.024  4 54943.71764426  9.912
 79  52.586407  65.402970    20.291    20.283  4 54978.71767230 50.055
 80  52.587700  65.403231    16.572    16.573  4 55013.71767756 50.244
 81  52.586674  65.403382    13.954    13.990  5 55048.71767086 22.390
 82  52.598712  65.404453    13.973    13.973  2 55083.71763994 50.877
 83  52.581819  65.401604    15.927    15.895  4 55118.71760223 25.640
 84  52.591839  65.401770    14.037    14.019  4 55153.71759838 48.554
 85  52.582655  65.397921    14.058    14.022  4 55188.71759047 19.523
 86  52.591004  65.402055    16.153    16.232  4 55223.71759773 12.166
 87  52.584925  65.403406    15.001    15.299  3 55258.71758718 10.767
 88  52.594623  65.405467    18.150    17.362  3 55293.71758544  3.820
 89  52.584427  65.402955    19.443    19.427  4 55328.71757015 51.534
 90  52.592125  65.403906    18.098    18.107  3 55363.71756490 43.272
 91  52.583100  65.398153    14.223    14.188  4 55398.71757369 43.189
 92  52.590326  65.402747    14.437    14.366  4 55433.71758085 43.894
 93  52.602932  65.403046    15.647    15.655  3 55468.71753684 47.511
