-109932.600    -4.428     0.00    0.00
-109564.493    -4.428     0.00    0.00
-109196.469    -4.428     0.00    0.00
-108828.527    -4.428     0.00    0.00
-108460.667    -4.428     0.00    0.00
-108092.890    -4.428     0.00    0.00
-107725.195    -4.428     0.00    0.00
-107357.582    -4.428     0.00    0.00
-106990.052    -4.428     0.00    0.00
-106622.603    -4.428     0.00    0.00
-106255.236    -4.428     0.00    0.00
-105887.952    -4.428     0.00    0.00
-105520.749    -4.428     0.00    0.00
-105153.629    -4.428     0.00    0.00
-104786.590    -4.428     0.00    0.00
-104419.633    -4.428     0.00    0.00
-104052.757    -4.428     0.00    0.00
-103685.964    -3.918     1.39    2.60
-103319.252    -0.775     8.57    7.80
-102952.621     3.873    12.68   10.95
-102586.072     8.664    13.07   12.18
-102219.605    12.824    11.35   10.80
-101853.219    15.672     7.77    9.34
-101486.914    17.998     6.35    6.76
-101120.690    17.701    -0.81    5.16
-100754.548    15.592    -5.76    6.07
-100388.487    13.747    -5.04    5.31
-100022.507    12.735    -2.76    3.96
 -99656.608    11.980    -2.06    3.73
 -99290.791    11.582    -1.09    3.65
 -98925.054    12.552     2.65    3.59
 -98559.398    11.719    -2.28    4.03
 -98193.823    10.531    -3.25    4.68
 -97828.328    11.378     2.32    4.73
 -97462.915    11.107    -0.74    4.57
 -97097.582    11.456     0.95    4.98
 -96732.330    13.572     5.80    4.92
 -96367.159    15.302     4.74    5.61
 -96002.068    15.281    -0.06    6.04
 -95637.057    14.317    -2.64    6.50
 -95272.127    11.417    -7.95    6.63
 -94907.277     9.239    -5.97    5.36
 -94542.376     7.018    -6.09    3.83
 -94160.675     6.295    -1.89    3.59
 -93779.063     6.856     1.47    4.01
 -93397.542     6.329    -1.38    4.17
 -93016.109     6.176    -0.40    4.60
 -92634.766     5.611    -1.48    4.69
 -92253.513     5.854     0.64    4.79
 -91872.349     7.708     4.87    4.43
 -91491.274     9.952     5.89    4.49
 -91110.288    11.945     5.23    4.47
 -90729.392    13.652     4.48    3.30
 -90348.584    14.680     2.70    2.92
 -89967.866    16.132     3.81    3.07
 -89587.236    16.187     0.15    4.13
 -89206.695    15.067    -2.94    6.49
 -88826.243    13.699    -3.59    6.62
 -88445.880    11.850    -4.86    5.73
 -88065.606    10.242    -4.23    5.68
 -87685.420    12.542     6.05    5.17
 -87305.323    12.591     0.13    5.25
 -86925.315    12.359    -0.61    5.38
 -86545.394    14.659     6.05    5.94
 -86165.563    16.655     5.26    6.87
 -85785.819    16.601    -0.14    8.18
 -85406.164    13.562    -8.01   11.28
 -85026.597     9.562   -10.54   11.79
 -84647.118     5.761   -10.02   12.14
 -84267.728     2.337    -9.03   11.42
 -83888.425    -1.282    -9.54    8.74
 -83509.210    -4.234    -7.78    1.45
 -83130.084    -4.428    -0.51    0.00
 -82751.045    -4.428     0.00    0.00
 -82372.094    -4.428     0.00    0.00
 -81993.230    -4.428     0.00    0.00
 -81614.455    -4.428     0.00    0.00
 -81235.766    -4.428     0.00    0.00
 -80857.166    -4.428     0.00    0.00
 -80478.653    -4.428     0.00    0.00
 -80100.227    -4.428     0.00    0.00
 -79721.889    -4.428     0.00    0.00
 -79343.638    -4.428     0.00    0.00
 -78965.475    -4.428     0.00    0.00
 -78587.398    -4.428     0.00    0.00
 -78209.409    -4.428     0.00    0.00
 -77831.507    -4.428     0.00    0.00
 -77453.691    -4.428     0.00    0.00
 -77075.963    -4.428     0.00    0.00
 -76698.322    -4.428     0.00    0.00
 -76320.767    -4.428     0.00    0.00
 -75943.300    -4.428     0.00    0.00
 -75565.919    -4.428     0.00    0.00
 -75188.624    -4.428     0.00    0.00
 -74811.417    -4.428     0.00    0.00
 -74434.296    -4.428     0.00    0.00
 -74057.261    -4.428     0.00    0.00
 -73680.313    -4.428     0.00    0.00
 -73303.451    -4.428     0.00    0.00
 -72926.675    -4.428     0.00    0.00
 -72549.986    -4.428     0.00    0.00
 -72173.383    -4.428     0.00    0.00
 -71796.866    -2.678     4.65    5.34
 -71420.435     2.837    14.65   11.17
 -71044.090    10.372    20.02   13.55
 -70667.831    17.680    19.42   11.98
 -70291.658    23.622    15.80    6.83
 -69915.571    24.347     1.93    3.22
 -69539.570    22.540    -4.80    3.71
 -69163.654    20.457    -5.54    3.37
 -68787.824    19.131    -3.53    2.82
 -68412.080    20.009     2.34    3.87
 -68036.421    21.754     4.65    4.70
 -67660.848    22.984     3.27    5.54
 -67285.360    24.057     2.86    6.01
 -66909.958    24.680     1.66    5.96
 -66534.641    24.372    -0.82    7.01
 -66159.409    24.601     0.61    7.79
 -65784.262    24.376    -0.60    8.51
 -65409.201    22.452    -5.13    9.41
 -65034.224    18.650   -10.14   11.92
 -64659.333    16.016    -7.03   11.58
 -64284.527    13.945    -5.53   10.36
 -63909.805    12.654    -3.45    9.20
 -63535.169    10.650    -5.35    8.74
 -63160.617    10.692     0.11    9.12
 -62786.150    13.184     6.66    8.28
 -62411.768    15.735     6.82    5.52
 -62037.470    15.087    -1.73    4.87
 -61663.257    13.992    -2.93    5.11
 -61289.129    13.612    -1.02    4.79
 -60915.085    13.896     0.76    4.23
 -60541.125    15.172     3.41    1.98
 -60167.250    14.915    -0.69    1.76
 -59793.459    15.663     2.00    2.72
 -59419.752    16.935     3.40    2.97
 -59046.130    17.991     2.83    2.77
 -58672.591    19.239     3.34    2.13
 -58299.137    19.358     0.32    2.25
 -57925.767    19.866     1.36    2.86
 -57552.481    20.386     1.39    3.41
 -57179.278    18.915    -3.94    4.77
 -56806.160    19.652     1.97    5.02
 -56433.125    20.072     1.13    5.36
 -56060.174    21.141     2.87    4.89
 -55687.307    24.432     8.83    3.97
 -55314.523    25.405     2.61    3.97
 -54941.823    26.799     3.74    3.30
 -54569.207    26.493    -0.82    4.67
 -54196.674    24.827    -4.47    5.63
 -53824.224    24.397    -1.15    5.67
 -53451.858    23.405    -2.66    5.56
 -53079.575    22.650    -2.03    4.27
 -52707.375    22.683     0.09    3.16
 -52335.258    23.190     1.36    2.66
 -51963.225    22.312    -2.36    3.01
 -51591.275    21.683    -1.69    3.17
 -51219.407    20.681    -2.70    3.30
 -50847.623    19.216    -3.94    3.42
 -50475.922    19.443     0.61    4.28
 -50104.303    18.615    -2.23    4.97
 -49732.767    18.464    -0.41    5.06
 -49361.314    19.551     2.93    3.59
 -48989.944    21.027     3.97    3.12
 -48618.656    22.362     3.59    2.92
 -48247.451    21.292    -2.88    4.25
 -47876.329    19.691    -4.31    4.76
 -47505.289    17.848    -4.97    4.02
 -47134.331    17.552    -0.80    3.68
 -46763.456    18.332     2.10    3.72
 -46392.663    19.680     3.63    3.97
 -46021.952    19.478    -0.54    4.14
 -45651.324    18.748    -1.97    4.31
 -45280.778    18.885     0.37    4.21
 -44910.313    19.012     0.34    3.39
 -44539.931    18.662    -0.94    3.58
 -44169.631    18.451    -0.57    3.35
 -43799.413    18.414    -0.10    3.24
 -43429.276    19.170     2.04    3.72
 -43059.222    21.298     5.75    3.05
 -42689.249    22.239     2.54    2.37
 -42319.358    21.212    -2.78    3.11
 -41949.549    19.734    -4.00    3.40
 -41579.821    16.972    -7.47    5.40
 -41210.175    11.915   -13.68    8.19
 -40840.610     6.653   -14.24    8.82
 -40471.127     2.356   -11.63    7.13
 -40101.725    -1.428   -10.24    0.00
 -39732.405    -1.428     0.00    0.00
 -39363.166    -1.428     0.00    0.00
 -38994.008    -1.428     0.00    0.00
 -38624.931    -1.428     0.00    0.00
 -38255.936    -1.428     0.00    0.00
 -37887.021    -1.428     0.00    0.00
 -37518.188    -1.428     0.00    0.00
 -37149.435    -1.428     0.00    0.00
 -36780.764    -1.428     0.00    0.00
 -36412.173    -1.428     0.00    0.00
 -36043.663    -1.428     0.00    0.00
 -35675.234    -1.428     0.00    0.00
 -35306.886    -1.428     0.00    0.00
 -34938.618    -1.428     0.00    0.00
 -34570.431    -1.428     0.00    0.00
 -34202.324    -1.428     0.00    0.00
 -33834.298    -1.428     0.00    0.00
 -33466.353    -1.428     0.00    0.00
 -33098.488    -1.428     0.00    0.00
 -32730.703    -1.428     0.00    0.00
 -32362.998    -1.418     0.03    0.10
 -31995.374    -1.240     0.48    0.80
 -31627.830    -1.067     0.47    1.04
 -31260.366    -0.899     0.46    1.35
 -30892.982    -0.675     0.61    1.75
 -30525.678    -0.608     0.18    1.87
 -30158.455    -0.620    -0.03    1.86
 -29791.311    -0.698    -0.21    1.78
 -29424.247    -0.738    -0.11    1.93
 -29057.263    -0.683     0.15    2.49
 -28690.358    -0.784    -0.28    2.22
 -28323.533    -0.849    -0.18    2.17
 -27956.788    -1.016    -0.46    1.73
 -27590.123    -1.135    -0.32    1.46
 -27223.537    -1.348    -0.58    0.56
 -26857.031    -1.428    -0.22    0.00
 -26490.604    -1.428     0.00    0.00
 -26124.257    -1.428     0.00    0.00
 -25757.989    -1.428     0.00    0.00
 -25391.800    -1.428     0.00    0.00
 -25025.691    -1.428     0.00    0.00
 -24659.661    -1.428     0.00    0.00
 -24293.710    -1.428     0.00    0.00
 -23927.838    -1.428     0.00    0.00
 -23562.045    -1.428     0.00    0.00
 -23196.331    -1.428     0.00    0.00
 -22830.696    -1.428     0.00    0.00
 -22465.140    -1.428     0.00    0.00
 -22099.663    -1.428     0.00    0.00
 -21734.265    -1.428     0.00    0.00
 -21368.945    -1.428     0.00    0.00
 -21003.704    -1.428     0.00    0.00
 -20638.542    -1.428     0.00    0.00
 -20273.458    -1.428     0.00    0.00
 -19908.453    -1.428     0.00    0.00
 -19532.023    -1.428     0.00    0.00
 -19150.580    -1.428     0.00    0.00
 -18769.225    -1.428     0.00    0.00
 -18387.956    -1.428     0.00    0.00
 -18006.775    -1.428     0.00    0.00
 -17625.681    -1.428     0.00    0.00
 -17244.673    -1.428     0.00    0.00
 -16863.753    -1.428     0.00    0.00
 -16482.920    -1.428     0.00    0.00
 -16102.173    -1.428     0.00    0.00
 -15721.513    -1.428     0.00    0.00
 -15340.940    -1.428     0.00    0.00
 -14960.454    -1.428     0.00    0.00
 -14580.055    -1.428     0.00    0.00
 -14199.741    -1.428     0.00    0.00
 -13819.515    -1.428     0.00    0.00
 -13439.375    -1.268     0.42    1.13
 -13059.321    -0.468     2.10    3.33
 -12679.354     0.832     3.42    5.01
 -12299.472     1.966     2.99    5.63
 -11919.678     3.297     3.50    5.88
 -11539.969     5.202     5.02    6.53
 -11160.346     7.703     6.59    6.98
 -10780.810     9.875     5.72    6.53
 -10401.359    11.827     5.14    5.24
 -10021.994    12.622     2.10    3.33
  -9642.715    12.929     0.81    1.74
  -9263.522    13.445     1.36    1.84
  -8884.415    14.082     1.68    1.81
  -8505.394    14.692     1.61    1.54
  -8126.458    15.103     1.08    1.14
  -7747.607    15.523     1.11    1.22
  -7368.843    16.118     1.57    0.98
  -6990.163    16.330     0.56    1.10
  -6611.569    16.404     0.20    1.12
  -6233.061    16.384    -0.05    1.31
  -5854.638    16.264    -0.32    1.26
  -5476.300    16.382     0.31    1.28
  -5098.047    16.615     0.62    1.21
  -4719.879    16.902     0.76    1.30
  -4341.797    17.010     0.28    1.21
  -3963.799    16.822    -0.50    1.25
  -3585.886    16.452    -0.98    1.16
  -3208.059    15.966    -1.29    0.83
  -2830.316    15.814    -0.40    0.78
  -2452.658    15.875     0.16    0.92
  -2075.084    15.498    -1.00    1.05
  -1697.596    15.162    -0.89    1.27
  -1320.192    14.404    -2.01    2.05
   -942.872    10.297   -10.88    6.64
   -565.637     5.939   -11.55    7.73
   -188.487     1.895   -10.72    5.97
    188.579     1.325    -1.51    5.61
    565.561     4.782     9.17    7.14
    942.458     7.673     7.67    6.86
   1319.272    10.360     7.13    5.66
   1696.001    12.409     5.44    3.37
   2072.646    12.774     0.97    1.48
   2449.206    11.292    -3.94    3.53
   2825.683     9.919    -3.65    4.18
   3202.076     9.470    -1.19    4.19
   3578.385     9.448    -0.06    4.15
   3954.610    10.262     2.16    3.41
   4330.752    11.625     3.62    1.78
   4706.809    12.259     1.69    2.48
   5082.783    13.333     2.86    2.98
   5458.674    13.772     1.17    2.84
   5834.480    13.870     0.26    2.65
   6210.204    12.929    -2.50    2.56
   6585.843    12.202    -1.93    2.19
   6961.400    11.754    -1.19    1.83
   7336.873    11.435    -0.85    1.64
   7712.263    11.392    -0.11    1.40
   8087.569    11.283    -0.29    1.15
   8462.792    10.895    -1.03    1.28
   8837.933    10.205    -1.84    1.17
   9212.990     9.939    -0.71    1.08
   9587.964     9.832    -0.29    0.93
   9962.855     9.739    -0.25    0.95
  10337.663     9.683    -0.15    0.97
  10712.388     9.694     0.03    0.98
  11087.031     9.582    -0.30    1.05
  11461.591    10.020     1.17    1.62
  11836.068    10.482     1.23    1.69
  12210.462    10.865     1.02    1.54
  12584.774    11.342     1.27    1.52
  12959.003    11.507     0.44    1.61
  13333.150    12.302     2.12    2.06
  13707.215    13.160     2.29    2.01
  14081.197    14.441     3.43    1.89
  14455.096    15.191     2.01    1.93
  14828.914    15.198     0.02    1.75
  15202.649    15.593     1.06    1.90
  15576.302    16.232     1.71    2.22
  15949.873    16.776     1.46    2.17
  16323.362    15.909    -2.32    3.39
  16696.769    15.632    -0.74    3.49
  17070.094    15.603    -0.08    3.86
  17443.337    16.242     1.71    3.88
  17816.498    17.625     3.71    2.68
  18189.578    16.872    -2.02    2.94
  18562.575    15.300    -4.21    2.17
  18935.491    15.276    -0.06    2.83
  19308.326    15.680     1.08    3.60
  19681.079    16.531     2.28    3.86
  20053.750    17.297     2.05    3.60
  20426.340    17.966     1.80    2.99
  20798.848    19.087     3.01    4.14
  21171.275    21.330     6.02    4.17
  21543.621    22.885     4.18    3.91
  21915.886    22.701    -0.49    4.68
  22288.069    20.451    -6.05    5.45
  22660.171    18.474    -5.31    4.56
  23032.192    18.352    -0.33    3.88
  23404.132    20.045     4.55    3.68
  23775.991    22.097     5.52    4.20
  24147.769    22.843     2.01    3.68
  24519.466    23.057     0.58    4.06
  24891.083    23.397     0.91    4.30
  25262.618    22.919    -1.29    4.57
  25634.073    21.939    -2.64    5.15
  26005.447    21.417    -1.41    5.20
  26376.741    22.422     2.71    5.54
  26747.954    22.645     0.60    5.13
  27119.086    23.102     1.23    4.66
  27490.138    24.735     4.40    4.34
  27861.110    26.103     3.69    4.27
  28232.001    28.260     5.82    3.36
  28602.811    29.786     4.12    3.08
  28973.542    28.756    -2.78    4.41
  29344.192    28.479    -0.75    4.44
  29714.763    28.067    -1.11    3.87
  30085.253    27.735    -0.89    3.43
  30455.663    29.419     4.55    3.49
  30825.993    30.637     3.29    4.22
  31196.243    31.368     1.98    3.80
  31566.413    31.648     0.76    3.69
  31936.503    31.422    -0.61    3.33
  32306.513    29.739    -4.55    3.61
  32676.444    28.592    -3.10    3.73
  33046.295    27.832    -2.05    3.34
  33416.066    25.995    -4.97    2.78
  33785.758    25.786    -0.56    3.18
  34155.370    26.239     1.22    3.82
  34524.903    25.356    -2.39    4.22
  34894.356    26.213     2.32    4.17
  35263.730    27.861     4.46    4.99
  35633.024    30.431     6.96    5.53
  36002.240    33.764     9.03    4.58
  36371.376    34.684     2.49    3.33
  36740.432    36.072     3.76    3.45
  37109.410    37.737     4.51    2.77
  37478.308    38.470     1.99    3.26
  37847.128    36.541    -5.23    6.03
  38215.868    33.411    -8.49    8.04
  38584.530    31.211    -5.97    7.46
  38953.112    30.485    -1.97    5.97
  39321.616    31.758     3.45    5.75
  39690.041    33.843     5.66    5.39
  40058.387    34.817     2.64    3.83
  40426.655    35.335     1.41    3.89
  40794.844    35.830     1.34    4.76
  41162.954    35.794    -0.10    5.57
  41530.986    36.228     1.18    5.50
  41898.939    35.972    -0.70    4.53
  42266.814    35.539    -1.18    3.66
  42634.610    37.451     5.20    4.10
  43002.328    40.014     6.97    4.82
  43369.968    42.307     6.24    4.27
  43737.529    43.015     1.93    3.42
  44105.013    41.530    -4.04    4.34
  44472.418    37.037   -12.23    6.81
  44839.745    31.876   -14.05    7.72
  45206.994    28.511    -9.16    6.55
  45574.165    26.793    -4.68    5.66
  45941.258    26.946     0.42    5.63
  46308.273    27.846     2.45    5.34
  46675.211    29.155     3.57    5.16
  47042.070    30.990     5.00    4.02
  47408.852    32.370     3.76    3.45
  47775.556    34.422     5.60    3.19
  48142.182    36.985     6.99    3.40
  48508.731    40.154     8.64    5.46
  48875.202    44.221    11.10    7.74
  49241.596    48.684    12.18    7.43
  49607.912    51.737     8.33    7.50
  49974.151    56.572    13.20    6.80
  50340.312    59.097     6.90    5.79
  50706.397    60.181     2.96    4.62
  51072.404    60.077    -0.28    4.62
  51438.333    58.916    -3.17    4.22
  51804.186    58.276    -1.75    4.35
  52169.961    57.793    -1.32    5.21
  52535.659    58.447     1.79    5.15
  52901.281    58.862     1.14    4.66
  53266.825    60.876     5.51    5.42
  53632.292    63.138     6.19    5.28
  53997.683    64.381     3.40    4.58
  54362.996    64.490     0.30    4.34
  54728.233    63.041    -3.97    4.61
  55099.661    60.786    -6.07    4.31
  55480.936    58.322    -6.46    4.06
  55862.126    54.974    -8.78    4.12
  56243.231    52.143    -7.43    5.47
  56624.251    48.129   -10.54    6.23
  57005.186    44.520    -9.47    6.01
  57386.037    41.960    -6.72    5.17
  57766.802    40.145    -4.77    4.62
  58147.483    37.799    -6.16    5.05
  58528.080    35.825    -5.19    4.16
  58908.591    34.909    -2.41    3.65
  59289.019    35.551     1.69    4.99
  59669.362    37.460     5.02    5.53
  60049.620    39.425     5.17    5.19
  60429.794    39.881     1.20    4.23
  60809.884    39.909     0.07    3.47
  61189.890    41.113     3.17    4.08
  61569.811    39.635    -3.89    8.50
  61949.648    34.335   -13.95   16.69
  62329.402    27.446   -18.14   20.79
  62709.071    17.036   -27.42   20.62
  63088.656     9.480   -19.90   17.50
  63468.158     3.786   -15.00   10.43
  63847.575     3.446    -0.90    7.16
  64226.909     7.871    11.67    7.91
  64606.159    11.698    10.09    6.17
  64985.325    14.716     7.96    1.33
  65364.408    14.582    -0.35    0.90
  65743.407    14.356    -0.60    0.83
  66122.323    14.372     0.04    0.72
  66501.155    14.245    -0.33    0.69
  66879.904    14.109    -0.36    0.73
  67258.569    13.874    -0.62    1.01
  67637.151    13.531    -0.91    1.45
  68015.650    12.376    -3.05    2.08
  68394.066    11.312    -2.81    2.08
  68772.398    10.582    -1.93    1.63
  69150.648    10.706     0.33    1.32
  69528.814    11.330     1.65    1.27
  69906.897    11.888     1.48    1.15
  70284.898    12.489     1.59    1.01
  70662.815    12.613     0.33    0.90
  71040.650    12.858     0.65    0.76
  71418.402    12.957     0.26    1.00
  71796.072    13.051     0.25    1.09
  72173.658    13.426     0.99    1.19
  72551.162    13.927     1.33    1.44
  72928.584    14.348     1.11    1.34
  73305.923    13.999    -0.92    1.50
  73683.180    13.541    -1.21    1.45
  74060.354    13.174    -0.97    1.23
  74437.446    13.098    -0.20    1.22
  74814.455    12.757    -0.90    1.57
  75191.383    12.674    -0.22    1.36
  75568.228    12.285    -1.03    1.25
  75944.991    12.037    -0.66    1.20
  76321.672    12.061     0.06    1.26
  76698.271    12.283     0.59    1.31
  77074.788    12.672     1.03    1.34
  77451.223    13.260     1.56    1.57
  77827.576    13.811     1.47    1.40
  78203.848    13.804    -0.02    1.43
  78580.037    13.431    -0.99    1.72
  78956.145    12.582    -2.26    1.81
  79332.172    12.034    -1.46    1.55
  79708.117    12.005    -0.08    1.33
  80083.980    12.604     1.59    1.72
  80459.761    13.968     3.63    3.31
  80835.462    15.937     5.24    4.78
  81211.081    18.603     7.10    6.80
  81586.618    19.093     1.31    6.62
  81962.074    18.459    -1.69    6.39
  82337.450    16.783    -4.46    5.50
  82712.743    14.978    -4.81    3.91
  83087.956    13.778    -3.20    3.40
  83463.088    12.709    -2.85    2.53
  83838.138    12.416    -0.78    1.52
  84213.108    12.172    -0.65    1.09
  84587.997    12.267     0.25    1.16
  84962.805    12.291     0.06    1.09
  85337.532    12.107    -0.49    0.93
  85712.178    11.942    -0.44    0.79
  86086.744    11.830    -0.30    0.68
  86461.229    11.616    -0.57    0.26
  86835.633    11.654     0.10    0.40
  87209.957    11.648    -0.01    0.34
  87584.200    11.582    -0.18    0.10
  87958.363    11.628     0.12    0.27
  88332.445    11.634     0.02    0.28
  88706.447    11.670     0.10    0.33
  89080.369    11.858     0.50    0.85
  89454.210    12.204     0.93    1.27
  89827.972    12.562     0.96    1.51
  90201.653    12.614     0.14    1.52
  90575.254    12.414    -0.54    1.42
  90948.775    12.270    -0.39    1.34
  91322.216    12.113    -0.42    0.95
  91695.577    12.551     1.17    1.52
  92068.858    13.744     3.20    2.31
  92442.060    14.943     3.21    2.59
  92815.181    15.637     1.86    2.41
  93188.223    16.541     2.42    2.85
  93561.185    17.474     2.50    4.30
  93934.067    18.905     3.84    6.11
  94306.870    19.833     2.49    6.96
  94679.594    20.438     1.62    7.40
  95052.237    22.121     4.52    7.84
  95424.802    23.768     4.42    8.20
  95797.287    23.927     0.43    8.03
  96169.692    21.739    -5.88    7.93
  96542.019    19.885    -4.98    6.35
  96914.266    22.530     7.11    9.68
  97286.434    28.035    14.79   11.93
  97658.523    35.730    20.68    9.84
  98030.532    41.140    14.54    5.52
  98402.463    41.404     0.71    5.01
  98774.315    40.062    -3.61    5.50
  99146.087    37.572    -6.70    7.74
  99517.781    34.455    -8.39    8.55
  99889.396    33.083    -3.69    8.07
 100260.932    32.635    -1.21    7.78
 100632.390    34.146     4.07    7.53
 101003.769    37.677     9.51    6.42
 101375.069    39.751     5.58    4.95
 101746.290    40.249     1.34    4.67
 102117.433    39.719    -1.43    5.85
 102488.498    38.878    -2.27    6.81
 102859.484    38.145    -1.98    7.00
 103230.392    37.335    -2.18    7.22
 103601.221    37.366     0.08    6.69
 103971.972    37.261    -0.28    5.56
 104342.645    38.778     4.09    5.07
 104713.239    39.739     2.59    3.81
 105083.756    40.215     1.29    3.43
 105454.194    40.200    -0.04    3.15
 105824.554    40.374     0.47    3.64
 106194.836    40.766     1.06    4.00
 106565.041    40.312    -1.23    4.39
 106935.167    39.446    -2.34    4.06
 107305.215    39.235    -0.57    3.93
 107675.186    39.850     1.66    3.81
 108045.079    40.289     1.19    3.34
 108414.894    39.843    -1.21    2.85
 108784.632    40.505     1.79    3.59
 109154.292    43.809     8.94    6.83
 109523.874    48.985    14.00    8.80
 109893.379    56.130    19.33   10.14
 110262.807    64.583    22.88    9.40
 110632.156    72.719    22.03   10.19
 111001.429    81.200    22.96    9.98
 111370.624    90.021    23.89    9.89
 111739.742    97.572    20.46    9.58
 112108.783   104.776    19.52    8.82
 112477.747   109.780    13.56    7.36
 112846.633   114.504    12.80    7.70
 113215.442   116.466     5.32    7.70
 113584.175   117.864     3.79    7.87
 113952.830   117.801    -0.17    8.18
 114321.408   117.615    -0.51    8.25
 114689.910   119.737     5.76    9.06
 115058.335   122.698     8.04    9.54
 115426.682   123.795     2.98    8.93
 115794.953   125.145     3.66    9.22
 116163.148   123.104    -5.54   10.45
 116531.266   119.871    -8.78   11.30
 116899.307   115.883   -10.83    9.21
 117267.271   115.166    -1.95    6.38
 117635.159   116.681     4.12    6.91
 118002.971   121.498    13.10    7.89
 118370.706   126.168    12.70    7.06
 118738.365   130.361    11.41    6.59
 119105.947   133.791     9.33    8.30
 119473.453   138.056    11.60    9.50
 119840.883   141.749    10.05    9.58
 120208.237   146.190    12.09    9.81
 120575.514   150.499    11.73   10.23
 120942.716   155.314    13.11   11.89
 121309.841   159.540    11.51   11.49
 121676.891   165.040    14.98   11.24
 122043.864   171.327    17.13   10.92
 122410.762   176.947    15.32    9.44
 122777.584   179.698     7.50    7.32
 123144.330   179.667    -0.09    6.80
 123511.000   177.028    -7.20    7.80
 123877.594   173.707    -9.06    7.40
 124244.113   170.693    -8.22    7.92
 124610.556   170.364    -0.90    9.13
 124976.924   168.264    -5.73    9.33
 125343.216   163.593   -12.75    9.62
 125709.432   159.477   -11.24    9.60
 126075.573   153.442   -16.48    8.52
 126441.639   149.176   -11.65    8.71
 126807.630   144.583   -12.55    8.21
 127173.545   142.298    -6.24    8.19
 127539.384   140.418    -5.14   10.46
 127905.149   133.749   -18.23   17.31
 128270.838   127.635   -16.72   18.52
 128636.453   123.551   -11.17   19.01
 129001.992   126.957     9.32   22.02
 129367.456   135.474    23.30   21.49
 129734.266   145.817    28.19   11.55
 130115.374   150.485    12.25    6.86
 130496.399   150.984     1.31    5.93
 130877.341   148.405    -6.77    7.33
 131258.200   142.540   -15.40    8.82
 131638.977   138.483   -10.65    6.13
 132019.671   139.718     3.24    7.01
 132400.283   144.376    12.24    7.41
 132780.812   149.487    13.43    5.34
 133161.259   153.012     9.26    3.41
 133541.623   155.056     5.37    3.82
 133921.906   157.067     5.29    3.73
 134302.105   157.551     1.27    3.97
 134682.223   154.905    -6.96    5.37
 135062.259   151.135    -9.92    5.88
 135442.212   148.008    -8.23    4.94
 135822.083   146.168    -4.84    4.26
 136201.873   145.732    -1.15    4.65
 136581.580   145.372    -0.95    5.23
 136961.206   144.200    -3.09    5.49
 137340.749   144.056    -0.38    5.55
 137720.211   145.507     3.82    6.33
 138099.591   149.614    10.82    7.59
 138478.890   156.120    17.15    6.43
 138858.107   160.295    11.01    5.00
 139237.242   162.912     6.90    3.04
 139616.296   163.404     1.30    3.68
 139995.268   162.077    -3.50    4.44
 140374.159   160.359    -4.53    5.26
 140752.968   159.189    -3.09    5.95
 141131.697   159.561     0.98    6.58
 141510.343   159.551    -0.03    7.37
 141888.909   159.426    -0.33    7.73
 142267.394   162.271     7.52    8.24
 142645.797   164.923     7.01    9.20
 143024.119   173.120    21.67    9.52
 143402.361   180.125    18.52   10.43
 143780.521   187.466    19.41   11.25
 144158.600   192.785    14.07    9.21
 144536.599   194.232     3.83    6.80
 144914.517   187.444   -17.96   12.35
 145292.354   179.668   -20.58   13.46
 145670.110   174.678   -13.21   10.53
 146047.786   174.776     0.26   10.13
 146425.381   177.437     7.04    9.38
 146802.895   179.496     5.45    6.99
 147180.329   178.730    -2.03    8.34
 147557.683   175.040    -9.78    9.78
 147934.956   170.817   -11.19   12.01
 148312.149   167.370    -9.14   12.57
 148689.261   164.998    -6.29   10.99
 149066.293   163.981    -2.70    8.52
 149443.245   165.551     4.16    6.34
 149820.117   168.088     6.73    6.07
 150196.909   172.572    11.90    6.98
 150573.621   176.735    11.05    7.05
 150950.253   180.404     9.74    5.40
 151326.804   182.976     6.83    4.34
 151703.276   185.277     6.11    4.70
 152079.668   188.396     8.29    6.49
 152455.981   193.572    13.75    8.79
 152832.213   198.506    13.11    7.92
 153208.366   198.951     1.18    7.27
 153584.439   196.134    -7.49    9.29
 153960.433   189.225   -18.37   10.12
 154336.347   181.940   -19.38   10.18
 154712.182   174.391   -20.08   10.42
 155087.937   166.448   -21.14    9.05
 155463.612   158.850   -20.22    9.69
 155839.209   152.250   -17.57    8.57
 156214.726   146.853   -14.37    7.37
 156590.164   143.739    -8.29    6.74
 156965.522   145.957     5.91    9.65
 157340.802   149.729    10.05   10.50
 157716.002   152.381     7.07    9.92
 158091.124   152.458     0.21   11.35
 158466.166   147.864   -12.25   10.33
 158841.129   143.352   -12.03    8.71
 159216.014   138.509   -12.92    8.97
 159590.820   136.365    -5.72    8.45
 159965.546   135.157    -3.22    7.40
 160340.194   135.985     2.21    7.93
 160714.764   140.014    10.76    8.15
 161089.255   144.205    11.19    8.17
 161463.667   147.397     8.52    9.38
 161838.000   148.485     2.91   10.52
 162212.255   145.732    -7.36   12.32
 162586.432   142.125    -9.64   10.43
 162960.530   140.551    -4.21    7.74
 163334.550   141.351     2.14    8.27
 163708.491   143.672     6.21    8.00
 164082.355   142.761    -2.44    8.86
 164456.140   141.935    -2.21    9.47
 164829.847   142.785     2.27   11.05
 165203.475   143.216     1.16   11.89
 165577.026   143.987     2.06   11.12
 165950.499   143.285    -1.88    9.87
 166323.893   140.110    -8.50    7.78
 166697.210   137.491    -7.01    5.52
 167070.449   135.902    -4.26    3.88
 167443.610   133.859    -5.47    4.43
 167816.693   132.551    -3.51    4.85
 168189.699   131.572    -2.62    5.22
 168562.627   130.110    -3.92    5.48
 168935.477   128.474    -4.39    6.28
 169308.249   124.008   -11.98    7.04
 169680.944   120.005   -10.74    5.94
 170053.562   116.709    -8.85    4.75
 170426.102   113.811    -7.78    3.73
 170798.565   107.806   -16.12    9.40
 171170.950    98.551   -24.85   14.37
 171543.258    88.338   -27.43   14.16
 171915.489    79.635   -23.38   11.02
 172287.643    73.713   -15.91    8.21
 172659.719    72.004    -4.59    9.01
 173031.719    72.961     2.57    9.49
 173403.641    76.561     9.68   10.05
 173775.486    79.705     8.45    8.53
 174147.254    81.221     4.08    7.01
 174518.946    81.156    -0.18    7.52
 174890.560    81.029    -0.34    9.95
 175262.098    80.783    -0.66   11.64
 175633.559    81.870     2.93   12.74
 176004.943    84.387     6.78   14.00
 176376.250    90.668    16.91   15.24
 176747.481    97.174    17.52   13.20
 177118.635   101.626    11.99    5.82
 177489.713    99.806    -4.90    8.10
 177860.714    95.934   -10.44    8.77
 178231.639    93.349    -6.97    7.12
 178602.487    93.572     0.60    6.36
 178973.259    96.657     8.32    6.80
 179343.955   100.311     9.85    7.51
 179714.574   104.795    12.10    6.85
 180085.117   109.967    13.96    6.97
 180455.584   116.916    18.75   10.25
 180825.975   121.867    13.37    9.96
 181196.290   126.303    11.98    9.70
 181566.529   126.659     0.96    9.34
 181936.692   122.130   -12.23   10.44
 182306.778   116.300   -15.75   12.44
 182676.789   106.859   -25.51   10.42
 183046.724    99.942   -18.70    7.54
 183416.584    95.282   -12.60    5.77
 183786.367    92.742    -6.87    5.71
 184156.075    90.924    -4.92    6.19
 184525.707    89.221    -4.61    6.36
 184895.264    87.779    -3.90    6.00
 185264.745    86.368    -3.82    4.65
 185634.150    86.285    -0.22    4.10
 186003.480    86.690     1.10    3.31
 186372.735    87.985     3.51    2.81
 186741.914    88.104     0.32    2.50
 187111.017    87.950    -0.42    2.25
 187480.046    88.002     0.14    2.25
 187848.999    88.724     1.96    3.29
 188217.877    90.809     5.65    4.73
 188586.680    93.338     6.86    5.84
 188955.408    96.269     7.95    6.90
 189324.061    98.487     6.02    6.72
 189692.638    99.311     2.23    6.67
 190061.141    96.668    -7.17    9.82
 190429.569    92.416   -11.54   11.04
 190797.922    89.434    -8.10   10.53
 191166.200    86.394    -8.25    9.54
 191534.403    84.518    -5.09    8.51
 191902.531    82.805    -4.65    8.32
 192270.585    83.594     2.14    7.97
 192638.564    83.721     0.35    7.68
 193006.469    84.628     2.46    7.08
 193374.299    88.540    10.64    7.40
 193742.054    92.958    12.01    6.01
 194109.735    94.200     3.38    5.17
 194477.341    94.250     0.14    4.61
 194844.873    93.163    -2.96    4.28
 195212.331    96.116     8.04    8.26
 195579.715   102.008    16.03   10.52
 195947.024   106.887    13.28    9.45
 196314.259   110.948    11.06    7.06
 196681.420   112.593     4.48    7.66
 197048.506   115.836     8.83    9.54
 197415.519   121.421    15.22   10.14
 197782.457   127.432    16.38    9.54
 198149.322   133.487    16.50    7.29
 198516.113   135.161     4.56    7.22
 198882.829   133.249    -5.21    9.10
 199249.472   128.368   -13.31   10.52
 199616.041   120.841   -20.53    9.08
 199982.537   114.963   -16.03    7.32
 200348.958   109.961   -13.65    5.88
 200715.306   106.264   -10.09    5.78
 201081.580   102.014   -11.60    6.80
 201447.781    97.185   -13.18    6.91
 201813.908    93.458   -10.18    6.54
 202179.962    88.593   -13.29    7.15
 202545.942    83.766   -13.19    7.80
 202911.848    80.627    -8.58    8.04
 203277.682    79.817    -2.21    7.56
 203643.442    80.660     2.31    8.22
 204009.129    83.948     8.99    7.82
 204374.742    87.049     8.48    7.22
 204752.601    87.476     1.13    7.97
 205133.464    88.436     2.52    8.05
 205514.246    88.072    -0.95   11.77
 205894.948    84.168   -10.25   16.42
 206275.569    77.680   -17.04   18.46
 206656.110    72.094   -14.68   16.45
 207036.571    69.466    -6.91   12.77
 207416.951    66.257    -8.43    6.62
 207797.251    64.833    -3.74    6.22
 208177.471    61.690    -8.26    9.10
 208557.611    57.374   -11.35   11.91
 208937.670    52.464   -12.92   13.45
 209317.650    48.516   -10.39   12.50
 209697.549    46.346    -5.71   11.33
 210077.368    44.628    -4.52    9.39
 210457.108    43.083    -4.07    8.43
 210836.768    38.440   -12.23    9.24
 211216.348    30.870   -19.94   10.75
 211595.848    24.294   -17.32    8.02
 211975.268    21.923    -6.25    6.50
 212354.609    25.451     9.30   10.29
 212733.870    33.713    21.78   11.84
 213113.052    41.398    20.26    9.42
 213492.154    45.887    11.84    4.51
 213871.176    44.319    -4.14    6.26
 214250.119    38.594   -15.11    9.63
 214628.983    31.660   -18.30    9.24
 215007.768    27.561   -10.82    6.45
 215386.473    27.494    -0.18    7.31
 215765.099    31.668    11.02    9.02
 216143.646    36.539    12.87    9.22
 216522.113    42.008    14.45    7.45
 216900.502    45.935    10.38    4.20
 217278.812    47.221     3.40    3.13
 217657.042    46.484    -1.95    4.89
 218035.194    43.412    -8.12    7.92
 218413.267    42.341    -2.83   11.08
 218791.261    46.884    12.02   17.27
 219169.176    56.205    24.66   22.64
 219547.012    70.766    38.53   21.31
 219924.770    83.448    33.57   16.41
 220302.449    91.838    22.21   12.42
 220680.050    97.061    13.83   10.43
 221057.572   100.689     9.61    7.71
 221435.015   102.367     4.45    6.99
 221812.381   102.508     0.37    6.04
 222189.667   101.515    -2.63    5.26
 222566.876    99.391    -5.63    5.64
 222944.006    95.958    -9.10    7.95
 223321.057    89.583   -16.91   11.42
 223698.031    81.095   -22.51   12.52
 224074.927    71.314   -25.95   11.22
 224451.744    62.673   -22.93    7.35
 224828.483    56.475   -16.45    6.19
 225205.145    52.123   -11.55    5.18
 225581.728    48.746    -8.97    3.87
 225958.233    46.550    -5.83    3.59
 226334.661    45.865    -1.82    3.91
 226711.011    46.822     2.54    5.56
 227087.283    46.996     0.46    6.69
 227463.477    45.754    -3.30    8.27
 227839.593    42.387    -8.95    8.51
 228215.632    38.954    -9.13    7.17
 228591.594    36.648    -6.13    6.11
 228967.478    37.161     1.36    5.82
 229343.284    39.637     6.59    6.21
 229719.013    44.405    12.69    7.42
 230094.664    51.170    18.00    9.33
 230470.239    58.216    18.76   10.05
 230845.735    65.626    19.73    7.54
 231221.155    70.992    14.29    6.17
 231596.498    76.948    15.87    5.81
 231971.763    82.936    15.95    8.25
 232346.951    91.452    22.70    9.84
 232722.062    98.288    18.22    8.48
 233097.096   104.088    15.46    5.37
 233472.053   106.965     7.67    3.72
 233846.934   107.615     1.73    4.16
 234221.737   107.291    -0.86    4.16
 234596.463   106.496    -2.12    3.38
 234971.113   106.172    -0.86    2.58
 235345.686   107.061     2.37    3.01
 235720.183   107.850     2.11    3.01
 236094.602   108.292     1.18    2.89
 236468.945   109.264     2.60    3.21
 236843.212   110.249     2.63    3.68
 237217.402   111.517     3.39    3.27
 237591.516   112.830     3.51    2.57
 237965.553   113.209     1.01    2.66
 238339.514   113.061    -0.40    2.76
 238713.398   112.702    -0.96    3.77
 239087.206   112.450    -0.68    4.37
 239460.938   113.421     2.60    4.37
 239834.594   116.325     7.77    5.37
 240208.174   122.056    15.34    7.05
 240581.678   127.606    14.86    6.50
 240955.105   132.192    12.28    5.46
 241328.457   136.979    12.82    5.20
 241701.733   142.637    15.16    9.21
 242074.932   151.119    22.72   12.30
 242448.056   159.268    21.84   10.73
 242821.104   165.130    15.71    7.25
 243194.077   165.700     1.53    8.05
 243566.973   161.044   -12.48   12.56
 243939.794   153.952   -19.02   16.01
 244312.540   140.861   -35.12   20.27
 244685.210   129.474   -30.55   20.21
 245057.804   118.484   -29.49   19.60
 245430.323   109.192   -24.94   15.06
 245802.766   104.394   -12.88   13.05
 246175.134    98.735   -15.20    8.47
 246547.426    95.061    -9.87    4.78
 246919.644    92.528    -6.80    5.12
 247291.786    91.876    -1.75    5.21
 247663.852    92.761     2.38    4.93
 248035.844    94.561     4.84    3.39
 248407.760    95.783     3.29    2.10
 248779.602    96.529     2.00    1.73
 249151.368    97.055     1.42    2.06
 249523.059    97.615     1.51    2.18
 249894.676    98.458     2.27    2.18
 250266.217    99.701     3.34    1.62
 250637.684   101.037     3.60    1.81
 251009.076   102.768     4.66    2.29
 251380.393   104.839     5.58    2.84
 251751.635   108.213     9.09    4.41
 252122.803   111.156     7.93    4.32
 252493.896   114.748     9.68    3.76
 252864.915   117.583     7.64    3.01
 253235.859   116.352    -3.32    6.55
 253606.728   111.723   -12.48   12.42
 253977.523   103.683   -21.68   14.76
 254348.243    96.105   -20.44   12.38
 254718.890    89.239   -18.52    7.47
 255089.462    89.196    -0.12    7.29
 255459.959    92.515     8.96    9.38
 255830.383    96.898    11.83   10.00
 256200.732   100.002     8.38    8.39
 256571.007    99.928    -0.20    7.65
 256941.208    96.690    -8.74    7.99
 257311.335    93.920    -7.48    8.91
 257681.387    93.770    -0.41    8.39
 258051.366    95.442     4.52    7.32
 258421.271    96.135     1.87    6.30
 258791.102    95.235    -2.43    8.33
 259160.860    93.909    -3.59   13.31
 259530.543    93.768    -0.38   17.95
 259900.153    93.718    -0.13   19.87
 260269.689    95.952     6.05   18.55
 260639.151    97.242     3.49   15.98
 261008.540   100.246     8.13   10.22
 261377.855   100.814     1.54    5.54
 261747.097   103.009     5.94    2.29
 262116.265   103.770     2.06    2.16
 262485.360   104.596     2.24    2.33
 262854.381   105.286     1.87    2.23
 263223.329   105.444     0.43    1.57
 263592.204   105.235    -0.57    1.58
 263961.005   104.836    -1.08    1.91
 264329.733   104.839     0.01    3.09
 264698.388   104.958     0.32    5.95
 265066.970   104.638    -0.87    7.75
 265435.479   102.696    -5.27    8.14
 265803.914   100.187    -6.81    7.23
 266172.277    97.792    -6.50    6.53
 266540.567    96.650    -3.10    7.29
 266908.783    96.440    -0.57    7.69
 267276.927    97.845     3.81    8.96
 267644.998    99.454     4.37    9.48
 268012.997   100.703     3.39    9.21
 268380.922    99.957    -2.03    8.24
 268748.775    98.331    -4.42    5.22
 269116.555    96.056    -6.18    3.06
 269484.263    94.708    -3.66    3.28
 269851.898    93.946    -2.07    3.67
 270219.460    93.983     0.10    3.39
 270586.950    94.862     2.39    3.25
 270954.367    96.283     3.87    2.67
 271321.712    97.005     1.97    2.04
 271688.985    95.876    -3.07    2.98
 272056.185    94.270    -4.37    3.87
 272423.314    93.148    -3.05    4.14
 272790.369    92.002    -3.12    4.26
 273157.353    90.996    -2.74    3.64
 273524.265    90.527    -1.28    2.35
 273891.104    90.094    -1.18    3.54
 274257.871    90.538     1.21    5.58
 274624.566    92.939     6.55    7.68
 274991.190    96.172     8.82    8.57
 275357.741    99.847    10.02    7.76
 275724.221   102.154     6.30    4.62
 276090.628   101.779    -1.02    3.63
 276456.964    99.735    -5.58    4.09
 276823.228    95.932   -10.38    5.29
 277189.420    91.822   -11.22    5.55
 277555.541    89.550    -6.20    3.99
 277921.590    89.264    -0.78    3.57
 278287.567    90.750     4.06    3.89
 278653.473    92.754     5.48    2.71
 279019.307    94.350     4.36    2.30
 279392.854    97.129     7.44    3.38
 279773.554    99.561     6.39    3.92
 280154.176   101.880     6.09    3.92
 280534.719   102.828     2.49    4.05
 280915.184   103.341     1.35    4.25
 281295.571   103.416     0.20    3.70
 281675.879   102.803    -1.61    4.06
 282056.110   101.356    -3.80    4.14
 282436.262   100.341    -2.67    3.57
 282816.336    99.940    -1.06    2.56
 283196.332   100.594     1.72    2.34
 283576.249   100.595     0.00    3.63
 283956.089   100.121    -1.25    4.49
 284335.851   100.480     0.94    4.64
 284715.536   103.836     8.84    6.64
 285095.142   109.677    15.38    8.61
 285474.670   117.192    19.80    9.40
 285854.121   122.770    14.70    5.90
 286233.495   124.681     5.04    4.28
 286612.790   125.258     1.52    4.68
 286992.008   124.920    -0.89    5.57
 287371.148   126.130     3.19    6.49
 287750.211   127.792     4.38    7.56
 288129.197   131.014     8.50    9.88
 288508.105   136.398    14.21   12.58
 288886.936   141.479    13.41   13.79
 289265.689   146.407    13.01   14.35
 289644.365   151.630    13.79   13.50
 290022.964   155.605    10.50   12.65
 290401.486   158.958     8.86   11.18
 290779.931   161.094     5.64   11.10
 291158.298   161.009    -0.23   10.39
 291536.589   162.297     3.41    9.57
 291914.803   163.917     4.28    9.05
 292292.939   170.898    18.46   12.79
 292670.999   185.913    39.71   21.93
 293048.982   199.050    34.75   22.13
 293426.888   213.352    37.84   16.12
 293804.718   220.705    19.46   10.67
 294182.470   223.550     7.53    9.11
 294560.146   222.750    -2.12   10.13
 294937.746   223.451     1.86   11.74
 295315.269   224.450     2.64   13.17
 295692.715   230.439    15.86   12.21
 296070.085   236.992    17.36    8.22
 296447.379   241.212    11.18    5.23
 296824.596   240.850    -0.96    5.99
 297201.737   236.083   -12.64   11.61
 297578.801   230.440   -14.96   14.03
 297955.790   221.228   -24.43   16.58
 298332.702   213.996   -19.18   17.69
 298709.538   208.150   -15.51   19.01
 299086.297   203.909   -11.25   17.73
 299462.981   204.383     1.26   15.39
 299839.589   208.049     9.73   14.46
 300216.121   213.661    14.90   12.50
 300592.577   216.997     8.86   11.96
 300968.957   218.979     5.26   12.14
 301345.261   221.186     5.86   11.53
 301721.489   223.935     7.31   10.24
 302097.642   226.480     6.77    8.51
 302473.719   225.861    -1.65    8.90
 302849.720   225.813    -0.13    8.53
 303225.646   227.550     4.62    8.60
 303601.496   232.078    12.05   10.79
 303977.271   238.305    16.57    9.46
 304352.970   244.045    15.27    6.60
 304728.594   246.316     6.05    6.12
 305104.142   246.561     0.65    7.02
 305479.615   242.405   -11.07   10.64
 305855.013   235.879   -17.38   11.60
 306230.336   227.172   -23.19   10.41
 306605.583   219.951   -19.24    7.53
 306980.755   214.516   -14.48    6.82
 307355.852   211.239    -8.74    7.00
 307730.874   208.617    -6.99    6.16
 308105.821   206.924    -4.51    5.64
 308480.694   205.705    -3.25    4.64
 308855.491   205.470    -0.63    3.72
 309230.213   205.105    -0.97    3.45
 309604.860   209.333    11.28    7.03
 309979.433   214.628    14.13    8.94
 310353.931   219.616    13.32    8.96
 310728.354   226.694    18.90    7.86
 311102.702   230.932    11.32    9.04
 311476.976   235.061    11.03    8.95
 311851.175   237.302     5.99    7.18
 312225.300   235.958    -3.59    5.59
 312599.350   233.224    -7.31    5.60
 312973.326   230.089    -8.38    4.57
 313347.228   229.861    -0.61    4.42
 313721.055   230.713     2.28    4.37
 314094.807   232.461     4.67    4.58
 314468.486   233.716     3.36    4.45
 314842.090   234.403     1.84    5.79
 315215.620   235.124     1.93    7.17
 315589.076   236.350     3.28    7.05
 315962.458   239.871     9.43    7.91
 316335.766   244.336    11.96    8.50
 316709.000   249.667    14.28    9.14
 317082.160   254.887    13.98    7.18
 317455.246   257.374     6.67    4.71
 317828.258   256.145    -3.29    5.25
 318201.196   254.084    -5.53    5.27
 318574.060   250.495    -9.62    4.70
 318946.851   248.142    -6.31    5.45
 319319.568   245.018    -8.38    6.33
 319692.212   240.774   -11.38    6.65
 320064.781   239.061    -4.60    5.91
 320437.278   238.489    -1.54    5.76
 320809.700   240.302     4.87    7.83
 321182.049   243.762     9.29    8.48
 321554.325   246.325     6.88    8.64
 321926.527   248.477     5.78    9.23
 322298.656   253.977    14.78   10.35
 322670.712   259.046    13.62    8.80
 323042.695   263.099    10.89    7.10
