# NaN NaN NaN ;Mean Elev.(m), Avg Gradient(m/km), RMS Gradient(m/km) - SRTM1     
#  -10.923   0.493   5.571 ;Mean Elev.(m), Avg Gradient(m/km), RMS Gradient(m/km) - ASTER GDEM
#   28.560   0.177   1.188 ;Mean Elev.(m), Avg Gradient(m/km), RMS Gradient(m/km) - GMTED2010 
  7  52.299641  65.815156    13.782    13.782  2 52454.32546738 41.857
  9  52.291905  65.813384    15.686    14.306  8 52524.32542157 22.742
 11  52.297535  65.815319    11.580    11.602  5 52594.32547422 33.499
 16  52.283812  65.809731    11.391    10.969  8 52769.32543422 35.819
 23  52.294736  65.813257    14.199    14.087  6 53014.32552702 10.991
 25  52.288320  65.811486    16.059    15.921  8 53084.32553553  9.988
 30  52.283868  65.809831    10.624     9.672  9 53259.32553566 29.239
 33  52.299082  65.815367    12.109    12.117  4 53364.32548412 15.865
 35  52.298874  65.815237    13.634    13.569  3 53434.32549844 10.927
 37  52.300638  65.815829    13.229    13.208  3 53504.32558417 42.099
 39  52.293715  65.813327     9.964     9.968  6 53574.32558042 47.054
 40  52.284878  65.810794    11.223    10.902  9 53609.32553123 27.104
 42  52.294789  65.812747    11.414    11.436  5 53679.32555089 42.029
 43  52.298917  65.815920     9.105     9.104  4 53714.32547844 49.115
 46  52.286020  65.811006    15.003    14.363  9 53819.32538628 13.547
 49  52.297041  65.814097    10.620    10.623  4 53924.32554146 48.893
 50  52.288078  65.811335    14.994    14.276  9 53959.32553275 22.469
 54  52.291246  65.812372    11.579    11.688  8 54099.32548313 25.832
 61  52.293335  65.813091    11.435    11.433  6 54344.32547538 39.707
 67  52.295271  65.813809     9.652     9.578  5 54554.32542935 19.541
 71  52.300960  65.815806     9.587     9.587  2 54694.32541597 49.027
 77  52.289713  65.811355    13.840    13.834  8 54904.32539536 12.513
 82  52.296072  65.814674    11.401    11.568  6 55079.32538284 25.182
 88  52.291322  65.812490    13.613    13.389  7 55289.32532685 11.888
 93  52.293687  65.813581    13.395    13.759  7 55464.32528148 22.947
