# NaN NaN NaN ;Mean Elev.(m), Avg Gradient(m/km), RMS Gradient(m/km) - SRTM1     
#  -10.038  -1.384   6.165 ;Mean Elev.(m), Avg Gradient(m/km), RMS Gradient(m/km) - ASTER GDEM
#   27.772   0.193   0.562 ;Mean Elev.(m), Avg Gradient(m/km), RMS Gradient(m/km) - GMTED2010 
  7  52.380256  65.893982    13.216    13.204  7 52454.32545094 42.124
  8  52.392661  65.900047     9.458     9.391  7 52489.32542669 30.747
  9  52.372470  65.892209    11.891    11.501  5 52524.32540513 18.113
 10  52.397842  65.902103     9.731     9.725  4 52559.32545220 22.435
 11  52.378144  65.894139    11.232    11.228  6 52594.32545778 34.004
 13  52.383763  65.894658    10.140     9.891  7 52664.32541920 15.136
 15  52.394657  65.900304    34.972    34.998  5 52734.32541921  8.830
 16  52.364344  65.888564    13.181    12.878  5 52769.32541778 27.802
 19  52.397733  65.899976     9.069     9.069  2 52874.32554560 47.387
 23  52.376905  65.893624    10.812    10.775  6 53014.32551026 13.165
 25  52.368887  65.890312    14.390    14.336  5 53084.32551910 12.308
 26  52.398649  65.900789     8.516     8.522  3 53119.32548650  9.371
 27  52.386148  65.895803    16.545    16.622  7 53154.32553946 27.989
 28  52.399224  65.899298    12.902    12.902  2 53189.32552791 29.039
 29  52.385289  65.895864     8.657     8.608  7 53224.32554230 45.990
 30  52.365996  65.890203     9.544     9.531  5 53259.32551890 27.604
 31  52.393656  65.900462    10.222    10.250  6 53294.32554162 25.279
 32  52.389291  65.896983     9.890     9.866  8 53329.32551569 34.601
 33  52.379660  65.894192     9.769     9.586  7 53364.32546768 20.002
 34  52.398422  65.900492    11.128    10.688  3 53399.32548987 13.045
 35  52.379457  65.894060    12.152    12.063  6 53434.32548200 12.678
 37  52.381259  65.894651    12.459    12.489  6 53504.32556773 40.463
 38  52.386221  65.897006    11.272    11.421  7 53539.32556547 22.527
 39  52.375880  65.893694     9.417     9.415  6 53574.32556366 39.230
 40  52.363829  65.888080     9.328     9.297  5 53609.32551512 27.526
 42  52.378547  65.894660    11.248    11.185  6 53679.32553381 23.485
 43  52.377912  65.893200     8.743     8.753  6 53714.32546232 47.547
 45  52.393613  65.900720    10.066     9.895  7 53784.32540624 14.072
 46  52.366546  65.889837    12.191    12.011  6 53819.32536984 14.907
 47  52.397699  65.901824     8.212     8.262  4 53854.32544737 17.458
 49  52.379246  65.894464    10.023    10.031  6 53924.32552469 26.536
 50  52.370233  65.891706    12.026    12.096  5 53959.32551599 20.427
 53  52.391273  65.898721    11.138    11.129  7 54064.32549860 27.309
 54  52.373394  65.892743     9.990    10.000  6 54099.32546636 18.409
 58  52.394462  65.900122    14.709    14.708  5 54239.32546113 52.054
 59  52.390013  65.897808    14.434    14.398  8 54274.32547879 24.180
 60  52.395724  65.900983    10.477    10.552  5 54309.32547979 36.536
 61  52.375477  65.893464    10.796    10.793  6 54344.32545862 45.916
 62  52.400210  65.900214    10.899    10.899  2 54379.32541569 27.367
 63  52.384896  65.896615    10.682    10.682  7 54414.32540600 38.440
 65  52.395710  65.900548     9.482     9.290  4 54484.32539934 27.424
 67  52.375844  65.892634     8.494     8.484  6 54554.32541291 21.681
 68  52.397587  65.901032     9.212     9.249  4 54589.32539198 25.263
 69  52.386417  65.896731    16.592    16.615  7 54624.32541040 28.960
 70  52.387429  65.896495    10.675    10.687  7 54659.32541905 50.710
 71  52.381557  65.894634     9.055     9.034  7 54694.32539953 50.544
 73  52.390540  65.898550    10.770    10.670  8 54764.32537680 22.247
 75  52.387033  65.896679    10.530    10.505  7 54834.32536789 16.205
 77  52.371850  65.891727    11.006    11.069  6 54904.32537860 13.668
 78  52.399152  65.900110    12.278    12.278  2 54939.32535390  9.000
 79  52.395047  65.900492    13.507    13.496  5 54974.32538463 43.066
 80  52.381916  65.894194    14.564    14.825  7 55009.32539971 26.063
 81  52.394552  65.900459     9.318     9.311  5 55044.32538820 39.069
 82  52.375066  65.891955     9.199     9.087  6 55079.32536672 25.244
 83  52.397769  65.899114    10.667    10.667  2 55114.32532078 18.216
 84  52.386413  65.896287     9.891     9.894  8 55149.32532171 46.399
 86  52.381584  65.894269    11.425    11.327  7 55219.32532003 13.913
 88  52.371886  65.891320    13.890    14.072  6 55289.32531041  7.368
 89  52.388215  65.897573    15.701    15.680  7 55324.32528711 52.346
 90  52.383462  65.894828    13.406    13.396  7 55359.32528597 26.643
 91  52.398207  65.900047    10.159    10.005  3 55394.32528881 26.319
 92  52.395536  65.900939     9.826     9.981  5 55429.32530011 24.881
 93  52.374245  65.892407    10.725    10.735  6 55464.32526504 23.141
