# NaN NaN NaN ;Mean Elev.(m), Avg Gradient(m/km), RMS Gradient(m/km) - SRTM1     
#   15.797  -3.063   5.802 ;Mean Elev.(m), Avg Gradient(m/km), RMS Gradient(m/km) - ASTER GDEM
#   39.779  -3.166   5.531 ;Mean Elev.(m), Avg Gradient(m/km), RMS Gradient(m/km) - GMTED2010 
  6  53.960952  65.459215    22.656    22.665  3 52420.71372381 22.625
  7  53.967606  65.458122    20.960    21.048  3 52455.71374696 46.255
 10  53.962032  65.457752    18.152    18.146  3 52560.71374918 44.846
 11  53.963032  65.459728    19.788    19.825  3 52595.71375865 23.692
 12  53.959877  65.459200    18.987    18.864  3 52630.71369429 18.468
 15  53.976702  65.460275    70.900    70.900  2 52735.71372699  4.811
 18  53.958862  65.460225    18.046    18.078  3 52840.71381210 48.793
 20  53.981246  65.461661    20.058    20.046  3 52910.71381808 50.930
 23  53.973034  65.460582    17.530    17.530  2 53015.71380619 18.094
 24  53.960426  65.458037    17.362    17.321  3 53050.71378177 18.156
 25  53.966866  65.460688    68.516    70.415  3 53085.71381832 10.479
 26  53.957397  65.459986    70.598    70.721  3 53120.71378869  3.284
 27  53.957393  65.459364    26.338    26.338  2 53155.71384240 49.689
 28  53.972947  65.459981    20.089    20.089  2 53190.71383303 50.986
 29  53.973438  65.461633    16.831    16.831  2 53225.71384052 22.230
 30  53.974332  65.461637    17.364    17.364  2 53260.71381477 23.538
 31  53.953886  65.457670    19.597    19.732  3 53295.71384521 16.398
 32  53.968739  65.460091    17.869    17.869  2 53330.71381789 30.766
 33  53.981180  65.461204    17.539    17.539  3 53365.71376603 23.889
 34  53.961511  65.459998    17.027    17.042  3 53400.71379226 22.872
 35  53.977631  65.461143    17.128    17.128  2 53435.71378178 15.261
 36  53.958624  65.457935    18.905    19.162  3 53470.71382935  5.461
 38  53.965568  65.460745    19.651    19.719  3 53540.71386912 20.916
 39  53.971595  65.460803    17.944    17.944  2 53575.71386117 50.561
 40  53.978018  65.461548    17.668    17.668  2 53610.71381229 49.661
 41  53.956863  65.459975    18.922    18.903  3 53645.71381622 50.175
 42  53.965195  65.460709    19.440    19.294  3 53680.71383282 23.874
 43  53.979245  65.461977    17.270    17.270  2 53715.71376051 43.746
 44  53.958719  65.460545    18.146    18.134  3 53750.71367804 18.739
 45  53.974881  65.460621    17.410    17.410  2 53785.71370792 17.965
 46  53.988338  65.461006    17.191    17.166  3 53820.71366544 19.837
 47  53.958677  65.458289    16.392    16.404  3 53855.71375167 18.543
 48  53.969995  65.460877    23.987    23.986  3 53890.71376274 42.023
 49  53.956228  65.458581    18.154    18.135  3 53925.71382644 49.126
 50  53.968173  65.459934    20.115    20.115  2 53960.71381370 42.195
 52  53.960832  65.460270    16.788    16.820  3 54030.71380696 50.101
 54  53.977906  65.460852    19.105    19.105  2 54100.71376374 23.568
 55  53.959510  65.458971    18.157    18.171  3 54135.71372680 19.588
 57  53.958217  65.458232    17.683    17.695  3 54205.71373141 15.748
 62  53.959900  65.461001    19.468    19.468  2 54380.71371867 20.375
 63  53.973334  65.459924    18.944    18.944  2 54415.71370508 44.570
 64  53.957341  65.459651    18.306    18.371  3 54450.71368664 24.862
 65  53.969475  65.460192    18.297    18.297  2 54485.71370094 17.083
 66  53.963343  65.459222    19.198    19.503  3 54520.71369978 14.719
 67  53.975619  65.460653    17.240    17.240  2 54555.71371187 13.600
 69  53.970217  65.460068    23.797    23.797  2 54625.71371215 25.533
 70  53.964071  65.460423    18.650    18.542  3 54660.71372053 23.500
 71  53.974519  65.461199    18.054    18.054  2 54695.71369830 44.662
 72  53.960693  65.459891    18.489    18.332  3 54730.71367597 18.000
 73  53.968541  65.459836    18.651    18.773  3 54765.71367659 20.345
 74  53.956572  65.460269    18.835    18.803  3 54800.71366980 32.245
 75  53.969256  65.460093    18.893    18.893  2 54835.71366838 14.291
 76  53.959322  65.459216    18.633    18.607  3 54870.71366725 13.165
 77  53.976660  65.460156    17.705    17.705  2 54905.71367651 17.131
 78  53.961546  65.458883    17.909    17.922  3 54940.71365930 12.057
 80  53.970274  65.459891    22.259    22.259  2 55010.71369914 20.948
 81  53.967104  65.459523    17.540    17.540  2 55045.71369032 31.439
 82  53.978023  65.460754    17.222    17.213  3 55080.71366446 41.643
 83  53.962124  65.460068    19.903    19.787  3 55115.71362252 13.278
 84  53.968046  65.460513    18.249    18.214  3 55150.71362147 36.374
 85  53.958682  65.459296    18.599    18.318  3 55185.71360755 16.686
 86  53.969745  65.461081    17.569    17.493  3 55220.71361970 17.127
 87  53.962825  65.460063    18.107    17.889  3 55255.71360347 14.830
 91  53.961477  65.459431    17.893    17.897  3 55395.71359196 46.747
 92  53.968477  65.459916    17.121    17.121  2 55430.71360150 20.675
