# NaN NaN NaN ;Mean Elev.(m), Avg Gradient(m/km), RMS Gradient(m/km) - SRTM1     
# NaN NaN NaN ;Mean Elev.(m), Avg Gradient(m/km), RMS Gradient(m/km) - ASTER GDEM
#   37.000  -3.821   7.496 ;Mean Elev.(m), Avg Gradient(m/km), RMS Gradient(m/km) - GMTED2010 
 10    35.976 52567.69991946 38.86  58.265617  66.174571 21.773
 10    35.938 52567.69992011 47.21  58.262377  66.177651 21.773
 10    35.926 52567.69992075 46.96  58.259137  66.180741 21.773
 12    43.600 52637.69988978  9.28  58.259879  66.170069  4.003
 12    43.279 52637.69989042  9.40  58.256643  66.173150  2.731
 13    44.725 52672.69989248  8.36  58.268596  66.178480  2.561
 13    46.341 52672.69989312  8.13  58.265356  66.181570  2.561
 13    42.840 52672.69989377  8.28  58.262116  66.184650  2.561
 14    60.996 52707.69989676  7.28  58.263030  66.172816  2.315
 14    63.212 52707.69989741  6.73  58.259797  66.175898  2.825
 14    63.756 52707.69989805  6.25  58.256557  66.178978  2.825
 15    66.212 52742.69992819  3.54  58.267166  66.176408  2.072
 15    68.200 52742.69992883  3.11  58.263936  66.179498  2.072
 15    72.638 52742.69992948  2.75  58.260696  66.182578  2.072
 18    43.346 52847.70000203 26.71  58.260470  66.170861 26.177
 18    36.518 52847.70000268 28.68  58.257237  66.173943  7.329
 21    36.799 52952.69995746 31.43  58.260134  66.173428  7.600
 21    36.530 52952.69995810 32.93  58.256894  66.176518  7.600
 22    42.672 52987.69997134 20.55  58.267868  66.181858  4.610
 22    36.592 52987.69997198 19.49  58.264628  66.184938  4.610
 22    36.318 52987.69997263 19.90  58.261388  66.188028  4.610
 23    47.224 53022.69995973  7.80  58.272147  66.183238  2.497
 23    55.046 53022.69996038  7.72  58.268917  66.186318  2.497
 23    44.324 53022.69996102  8.56  58.265677  66.189408  2.497
 24    44.686 53057.69995204  5.59  58.266232  66.178875  2.002
 24    44.207 53057.69995269  5.99  58.262992  66.181965  2.002
 24    43.080 53057.69995333  5.79  58.259752  66.185045  2.002
 25    69.021 53092.69999064  7.74  58.264838  66.182711  2.243
 25    62.733 53092.69999129  6.80  58.261608  66.185791  2.243
 26    35.710 53127.69996051 12.40  58.262387  66.175315  5.037
 26    35.622 53127.69996116 11.42  58.259147  66.178395  5.037
 28    36.173 53197.70002538 44.18  58.265121  66.178403 14.984
 28    36.248 53197.70002602 48.55  58.261891  66.181493 14.984
 28    36.343 53197.70002667 49.08  58.258651  66.184573 14.984
 29    35.693 53232.70000252 42.29  58.272434  66.182614 16.564
 29    36.946 53232.70000317 33.25  58.269204  66.185694 16.564
 29    37.216 53232.70000381 26.58  58.265964  66.188784 16.564
 30    39.004 53267.69997159 50.73  58.274456  66.186504 19.600
 30    39.102 53267.69997223 49.99  58.271226  66.189584 19.600
 30    39.088 53267.69997288 50.20  58.267986  66.192674 19.600
 31    36.161 53302.70002469 47.33  58.256777  66.169341 19.026
 31    36.199 53302.70002534 46.58  58.253539  66.172424 11.834
 32    41.060 53337.69999587 16.81  58.267969  66.178863  4.141
 32    38.434 53337.69999652 17.39  58.264729  66.181953  4.141
 32    38.193 53337.69999716 16.80  58.261499  66.185033  4.141
 33    40.627 53372.69993162 12.11  58.274533  66.187062  3.109
 33    40.416 53372.69993227 11.45  58.271293  66.190152  3.109
 33    39.801 53372.69993291 11.65  58.268053  66.193232  3.109
 34    43.979 53407.69996825  9.37  58.265177  66.174896  2.468
 34    44.245 53407.69996889  8.67  58.261947  66.177976  2.468
 34    43.585 53407.69996954  8.51  58.258707  66.181066  2.468
 35    44.758 53442.69995508  7.91  58.273213  66.186394  2.721
 35    43.574 53442.69995573  8.03  58.269973  66.189474  2.721
 35    40.222 53442.69995637  8.90  58.266733  66.192564  2.721
 36    66.576 53477.70002482  6.56  58.261727  66.169699  1.851
 36    65.862 53477.70002546  4.80  58.258494  66.172782  2.174
 36    67.557 53477.70002611  4.10  58.255264  66.175862  2.174
 38    37.127 53547.70005534 46.56  58.264745  66.178709 12.525
 38    37.187 53547.70005598 45.61  58.261505  66.181799 12.525
 38    37.148 53547.70005663 47.01  58.258265  66.184879 12.525
 39    36.779 53582.70002362 35.76  58.270782  66.179147 17.474
 39    36.672 53582.70002426 50.37  58.267542  66.182237 17.474
 39    36.673 53582.70002491 52.14  58.264302  66.185317 17.474
 40    35.830 53617.69998021 47.52  58.273020  66.183651 21.107
 40    35.653 53617.69998086 53.77  58.269790  66.186731 21.107
 40    35.825 53617.69998150 51.49  58.266550  66.189811 21.107
 41    44.277 53652.69999825 22.68  58.263125  66.174780  4.283
 41    44.121 53652.69999889 19.92  58.259895  66.177860  4.283
 42    58.306 53687.70000095 29.03  58.260612  66.180685 13.187
 42    39.438 53687.70000160 32.26  58.257382  66.183765 13.187
 43    37.286 53722.69992693 29.51  58.274538  66.186912 10.113
 43    37.109 53722.69992758 31.13  58.271298  66.189992 10.113
 43    37.163 53722.69992822 34.35  58.268058  66.193082 10.113
 44    43.430 53757.69985985 11.00  58.265202  66.174732  2.976
 44    42.774 53757.69986049 10.76  58.261962  66.177812  2.976
 44    40.818 53757.69986114 10.29  58.258732  66.180902  2.976
 45    46.268 53792.69988461  8.16  58.269645  66.182556  2.605
 45    43.970 53792.69988525  7.69  58.266415  66.185636  2.605
 45    43.241 53792.69988590  8.28  58.263175  66.188726  2.605
 47    35.765 53862.69993622 16.83  58.260718  66.172717  5.199
 47    35.727 53862.69993686 18.56  58.257479  66.175800  6.483
 49    43.620 53932.70000662 22.62  58.260973  66.174326  4.906
 49    43.384 53932.70000727 19.80  58.257743  66.177406  4.906
 50    36.676 53967.69998079 38.00  58.264614  66.178705 14.133
 50    36.519 53967.69998144 43.17  58.261374  66.181795 14.133
 50    36.527 53967.69998208 46.94  58.258134  66.184875 14.133
 52    38.752 54037.69998412 24.36  58.264489  66.176817  7.656
 52    38.579 54037.69998476 23.54  58.261249  66.179897  7.656
 52    38.364 54037.69998541 23.86  58.258009  66.182987  7.656
 53    36.571 54072.69997864 13.03  58.268707  66.178443  3.873
 53    40.519 54072.69997928 11.95  58.265467  66.181533  3.873
 53    36.464 54072.69997993 14.03  58.262237  66.184613  3.873
 54    55.353 54107.69992886  8.23  58.273561  66.186467  3.051
 54    59.773 54107.69992951  8.71  58.270331  66.189547  3.051
 54    58.035 54107.69993015  7.22  58.267091  66.192637  3.051
 55    61.204 54142.69991347  7.72  58.261932  66.174312  2.328
 55    61.819 54142.69991412  7.20  58.258692  66.177392  2.328
 56    60.126 54177.69991073  7.64  58.271891  66.181475  2.594
 56    57.917 54177.69991138  7.31  58.268651  66.184555  2.594
 56    58.329 54177.69991202  7.48  58.265421  66.187645  2.594
 57    41.894 54212.69992109 38.22  58.261124  66.175764 18.630
 57    38.623 54212.69992173 37.36  58.257894  66.178854 18.630
 60    36.486 54317.69995745 49.88  58.270027  66.178471 26.029
 60    36.573 54317.69995810 51.37  58.266797  66.181561 26.029
 60    36.462 54317.69995874 52.82  58.263557  66.184641 26.029
 62    45.594 54387.69989707 23.89  58.265179  66.177429 10.566
 62    45.705 54387.69989771 20.62  58.261949  66.180519 10.566
 62    45.020 54387.69989835 18.43  58.258709  66.183599 10.566
 63    37.344 54422.69987332 39.52  58.269087  66.181845 17.489
 63    37.294 54422.69987396 41.62  58.265847  66.184925 17.489
 63    37.196 54422.69987461 39.05  58.262617  66.188015 17.489
 64    41.737 54457.69987041 14.90  58.260688  66.173062  3.439
 64    41.926 54457.69987106 14.81  58.257458  66.176142  3.439
 65    45.493 54492.69987613 11.13  58.270119  66.181318  2.321
 65    56.264 54492.69987677 10.42  58.266879  66.184398  2.321
 65    56.073 54492.69987742 10.84  58.263649  66.187488  2.321
 67    55.027 54562.69988405  6.25  58.272332  66.181874  2.506
 67    65.417 54562.69988470  6.87  58.269092  66.184954  2.506
 67    54.878 54562.69988534  5.23  58.265862  66.188044  2.506
 68    44.713 54597.69987951 11.17  58.266505  66.176801  3.349
 68    43.945 54597.69988015 12.57  58.263265  66.179881  3.349
 68    43.411 54597.69988080 12.39  58.260035  66.182971  3.349
 70    37.222 54667.69989825 50.89  58.266584  66.177158 27.269
 70    37.275 54667.69989889 50.87  58.263354  66.180248 27.269
 70    37.222 54667.69989954 52.29  58.260114  66.183328 27.269
 71    36.802 54702.69986533 25.34  58.272689  66.182766 26.287
 71    40.571 54702.69986597 22.74  58.269449  66.185846 26.287
 71    40.309 54702.69986661 20.06  58.266219  66.188936 26.287
 72    46.433 54737.69985870 23.01  58.262105  66.173396  8.989
 72    44.498 54737.69985935 20.48  58.258865  66.176476  8.989
 72    44.521 54737.69985999 18.68  58.255635  66.179566  8.989
 73    40.305 54772.69984577 47.42  58.270356  66.180731 20.267
 73    39.891 54772.69984642 42.15  58.267116  66.183811 20.267
 73    39.807 54772.69984706 39.69  58.263886  66.186901 20.267
 74    36.737 54807.69985209 32.35  58.260881  66.172223 14.122
 74    36.608 54807.69985273 30.22  58.257641  66.175303 14.122
 75    44.627 54842.69984241  7.61  58.269876  66.178095  3.710
 75    44.080 54842.69984305  7.84  58.266646  66.181185  3.710
 75    43.626 54842.69984370  7.06  58.263406  66.184265  3.710
 75    42.979 54842.69984434  6.56  58.260166  66.187355  3.710
 76    63.201 54877.69985498  7.10  58.262738  66.176375  3.646
 76    63.264 54877.69985562  7.02  58.259508  66.179465  3.646
 76    68.061 54877.69985627  6.97  58.256268  66.182545  3.646
 77    50.522 54912.69984737  9.01  58.272270  66.180858  2.101
 77    50.937 54912.69984801  8.81  58.269030  66.183938  2.101
 77    60.539 54912.69984866  8.32  58.265800  66.187028  2.101
 78    63.038 54947.69984807  6.36  58.259358  66.177943  2.011
 78    68.891 54947.69984872  6.55  58.256118  66.181023  2.011
 79    61.965 54982.69987338 27.84  58.264551  66.177563  8.816
 79    57.047 54982.69987402 28.26  58.261321  66.180653  8.816
 79    51.984 54982.69987467 25.21  58.258081  66.183733  8.816
 80    38.864 55017.69987190 43.48  58.267448  66.177354 26.048
 80    37.292 55017.69987254 45.16  58.264218  66.180444 26.048
 80    37.231 55017.69987319 46.10  58.260978  66.183524 26.048
 81    36.664 55052.69986746 24.98  58.269717  66.178094 26.641
 81    38.474 55052.69986810 22.91  58.266487  66.181184 26.641
 81    35.819 55052.69986875 33.89  58.263247  66.184264 26.641
 82    36.768 55087.69983100 44.21  58.273062  66.182492 25.497
 82    36.801 55087.69983164 50.16  58.269822  66.185572 25.497
 82    36.634 55087.69983229 50.37  58.266592  66.188662 25.497
 84    36.748 55157.69979132 30.91  58.269042  66.180858  9.294
 84    36.782 55157.69979196 29.56  58.265802  66.183938  9.294
 84    36.895 55157.69979261 29.83  58.262572  66.187028  9.294
 85    43.288 55192.69979193 11.19  58.260662  66.172860  2.903
 85    42.507 55192.69979258 10.58  58.257422  66.175940  2.903
 86    46.460 55227.69979293  9.09  58.268456  66.182452  2.112
 86    44.704 55227.69979358  8.82  58.265216  66.185532  2.112
 86    56.474 55227.69979422  8.51  58.261986  66.188622  2.112
 87    44.926 55262.69978775  9.03  58.266865  66.176342  2.750
 87    44.511 55262.69978839  8.89  58.263635  66.179432  2.750
 87    43.475 55262.69978904  9.99  58.260395  66.182512  2.750
 88    65.042 55297.69977699  2.79  58.272368  66.181872  2.525
 88    66.478 55297.69977763  2.70  58.269128  66.184952  2.525
 88    68.172 55297.69977827  2.88  58.265898  66.188042  2.525
 90    39.235 55367.69975987 47.20  58.267583  66.181100 28.806
 90    39.273 55367.69976051 46.58  58.264343  66.184180 28.806
 90    39.574 55367.69976116 44.28  58.261103  66.187270 28.806
 91    36.811 55402.69977352 30.65  58.263321  66.173090 20.135
 91    36.590 55402.69977416 28.00  58.260081  66.176170 20.135
 91    36.896 55402.69977481 27.76  58.256851  66.179260 20.135
 92    37.439 55437.69977788 50.24  58.268207  66.181854 22.643
 92    37.443 55437.69977852 51.80  58.264967  66.184934 22.643
 92    38.093 55437.69977917 48.55  58.261727  66.188024 22.643
 93    45.210 55472.69972741 20.77  58.272394  66.185412 20.742
 93    44.378 55472.69972805 17.34  58.269164  66.188502 20.742
 93    55.742 55472.69972870 15.74  58.265924  66.191582 20.742
