# NaN NaN NaN ;Mean Elev.(m), Avg Gradient(m/km), RMS Gradient(m/km) - SRTM1     
#   13.889   3.463  11.510 ;Mean Elev.(m), Avg Gradient(m/km), RMS Gradient(m/km) - ASTER GDEM
#    5.300   3.065  14.524 ;Mean Elev.(m), Avg Gradient(m/km), RMS Gradient(m/km) - GMTED2010 
  8    81.801 52511.33104233  1.16  52.081802  67.582033  7.746
  8    82.164 52511.33104297  0.23  52.078202  67.578973  7.746
  8    81.498 52511.33104426  0.92  52.071002  67.572863  7.746
  8    80.982 52511.33104555  0.65  52.063812  67.566753  7.746
  9    83.832 52546.33106440  3.58  52.103665  67.585500  6.809
  9    86.545 52546.33106504  2.82  52.100065  67.582440  6.809
  9    80.787 52546.33106569  2.87  52.096465  67.579390  6.809
  9    79.472 52546.33106698  0.87  52.089255  67.573280  6.809
 10    89.119 52581.33108454  5.68  52.094342  67.586794  4.760
 10    81.511 52581.33108519  3.45  52.090742  67.583744  4.760
 10    88.523 52581.33108583  2.61  52.087142  67.580684  4.760
 10    78.511 52581.33108648  3.37  52.083542  67.577634  4.760
 10    87.111 52581.33108712  1.81  52.079932  67.574574  4.760
 10    85.581 52581.33108777  0.10  52.076332  67.571524  4.760
 11     0.933 52616.33105827 16.14  52.058331  67.573219  2.601
 11     1.077 52616.33105891 16.43  52.054731  67.570159  2.601
 11     1.084 52616.33105956 16.98  52.051141  67.567109  2.601
 14    82.463 52721.33107272  0.16  52.088434  67.584023  3.911
 14     2.028 52721.33107529  9.57  52.074034  67.571803  3.911
 14     2.458 52721.33107594  9.87  52.070434  67.568753  3.911
 16    86.078 52791.33104471  6.09  52.108436  67.586424  3.347
 16    84.430 52791.33104536  4.91  52.104826  67.583374  3.347
 16    82.803 52791.33104600  4.66  52.101226  67.580314  3.347
 16    78.304 52791.33104793  2.97  52.090416  67.571154  3.347
 16    79.137 52791.33104858  2.33  52.086816  67.568094  3.347
 16    78.594 52791.33104922  1.06  52.083216  67.565044  3.347
 17    84.367 52826.33111372  2.44  52.106487  67.586986  4.693
 17    83.900 52826.33111436  0.06  52.102887  67.583936  4.693
 19    88.430 52896.33119194  2.44  52.074790  67.578405  3.211
 19    88.753 52896.33119259  1.47  52.071190  67.575345  3.211
 19    83.645 52896.33119323  0.86  52.067590  67.572295  3.211
 21    86.747 52966.33113537  7.59  52.105896  67.585889  5.933
 21    80.455 52966.33113602  7.87  52.102296  67.582839  5.933
 21    80.126 52966.33113666  5.87  52.098686  67.579779  5.933
 21    84.723 52966.33113795  3.94  52.091486  67.573669  5.933
 21    74.446 52966.33113859  4.30  52.087886  67.570619  5.933
 21    82.953 52966.33113924  2.38  52.084286  67.567559  5.933
 22     1.404 53001.33116773 15.00  52.070513  67.577189  3.274
 22     1.317 53001.33116837 15.83  52.066913  67.574139  3.274
 22     1.403 53001.33116902 15.55  52.063323  67.571079  3.274
 22     1.620 53001.33116966 16.49  52.059723  67.568029  3.274
 27    86.446 53176.33117306  9.15  52.092976  67.586458  3.405
 27    83.653 53176.33117370  8.57  52.089376  67.583408  3.405
 27    87.438 53176.33117435  7.72  52.085776  67.580348  3.405
 27    83.084 53176.33117499  6.89  52.082176  67.577298  3.405
 27    82.702 53176.33117564  7.07  52.078576  67.574238  3.405
 27    87.071 53176.33117628  5.08  52.074976  67.571188  3.405
 30    86.463 53281.33114572  6.42  52.103913  67.587688  4.631
 30    84.403 53281.33114636  5.39  52.100303  67.584638  4.631
 30    84.824 53281.33114701  4.26  52.096703  67.581578  4.631
 30    82.270 53281.33114765  3.33  52.093093  67.578528  4.631
 30    81.423 53281.33114830  2.60  52.089493  67.575468  4.631
 30    80.890 53281.33114894  2.07  52.085893  67.572418  4.631
 30    79.421 53281.33114959  0.86  52.082293  67.569358  4.631
 31    82.686 53316.33115712  5.95  52.094440  67.585146  6.150
 31    81.119 53316.33115776  4.53  52.090840  67.582096  6.150
 31    79.563 53316.33115841  4.44  52.087240  67.579036  6.150
 31    80.310 53316.33115905  4.16  52.083630  67.575986  6.150
 31    85.690 53316.33115970  2.57  52.080030  67.572926  6.150
 31    80.273 53316.33116034  1.36  52.076440  67.569876  6.150
 32    88.932 53351.33112359  5.80  52.082887  67.582499  6.090
 32    79.016 53351.33112423  5.48  52.079287  67.579439  6.090
 32    78.030 53351.33112487  3.47  52.075687  67.576389  6.090
 32    87.011 53351.33112552  1.78  52.072087  67.573329  6.090
 32    85.366 53351.33112616  3.76  52.068487  67.570279  6.090
 33    87.400 53386.33110798  1.40  52.104593  67.586718  4.005
 33    81.727 53386.33110863  1.95  52.100983  67.583668  4.005
 33    80.437 53386.33110927  1.12  52.097383  67.580608  4.005
 33    76.834 53386.33111056  1.11  52.090173  67.574498  4.005
 37    86.618 53526.33118418  7.06  52.095816  67.587155  6.571
 37    85.008 53526.33118482  5.94  52.092216  67.584105  6.571
 37    82.575 53526.33118547  5.29  52.088606  67.581045  6.571
 37    82.570 53526.33118611  3.87  52.085006  67.577995  6.571
 37    82.016 53526.33118676  3.22  52.081406  67.574935  6.571
 37    80.371 53526.33118740  3.22  52.077806  67.571885  6.571
 37    80.604 53526.33118805  2.41  52.074216  67.568825  6.571
 39     1.673 53596.33115344 31.57  52.076806  67.579825 15.313
 39     2.203 53596.33115409 31.94  52.073206  67.576765 15.313
 39     2.499 53596.33115473 31.97  52.069606  67.573705 15.313
 39     2.554 53596.33115538 33.38  52.066006  67.570655 15.313
 39     2.495 53596.33115602 31.66  52.062416  67.567595 15.313
 40    86.643 53631.33114572  5.28  52.104396  67.586840  5.540
 40    85.240 53631.33114637  4.38  52.100786  67.583790  5.540
 40    83.414 53631.33114701  3.93  52.097186  67.580730  5.540
 40    80.870 53631.33114830  2.47  52.089976  67.574620  5.540
 40    83.127 53631.33114895  1.03  52.086376  67.571570  5.540
 40    85.062 53631.33114959  1.10  52.082776  67.568510  5.540
 41    74.219 53666.33117009 10.81  52.083179  67.582403 12.558
 41    72.455 53666.33117073  9.90  52.079579  67.579353 12.558
 41    75.693 53666.33117138  7.71  52.075979  67.576293 12.558
 41    69.188 53666.33117202  5.83  52.072379  67.573243 12.558
 41    67.017 53666.33117267  5.64  52.068779  67.570183 12.558
 42    89.644 53701.33112034  7.74  52.083238  67.582820  8.017
 42    79.609 53701.33112098  6.86  52.079638  67.579760  8.017
 42    81.442 53701.33112163  5.64  52.076038  67.576710  8.017
 42    87.444 53701.33112227  4.67  52.072438  67.573650  8.017
 42    81.254 53701.33112291  4.29  52.068838  67.570600  8.017
 42    84.535 53701.33112356  3.33  52.065238  67.567540  8.017
 47    85.362 53876.33109288  8.54  52.098942  67.587029  7.877
 47    83.417 53876.33109353  7.96  52.095342  67.583979  7.877
 47    82.332 53876.33109417  7.36  52.091732  67.580919  7.877
 47    82.636 53876.33109482  5.68  52.088132  67.577869  7.877
 47    86.313 53876.33109546  4.05  52.084532  67.574809  7.877
 47    86.529 53876.33109611  4.74  52.080932  67.571759  7.877
 47    80.315 53876.33109675  4.16  52.077332  67.568699  7.877
 48    81.648 53911.33114301  2.16  52.084966  67.583109  8.606
 48    83.202 53911.33114365  1.03  52.081366  67.580049  8.606
 48    81.013 53911.33114430  0.29  52.077766  67.576999  8.606
 48    78.545 53911.33114494  0.31  52.074166  67.573939  8.606
 49    89.454 53946.33116258  3.38  52.066432  67.576532  5.336
 49    84.128 53946.33116322  1.60  52.062832  67.573472  5.336
 50    82.587 53981.33110777  3.95  52.065225  67.575792  6.199
 50    83.660 53981.33110842  1.65  52.061625  67.572742  6.199
 50    83.194 53981.33110906  0.26  52.058035  67.569682  6.199
 51    84.973 54016.33112664  6.18  52.110307  67.588324  7.286
 51    83.791 54016.33112728  6.16  52.106697  67.585274  7.286
 51    83.363 54016.33112793  4.20  52.103097  67.582214  7.286
 51    80.953 54016.33112857  2.61  52.099487  67.579164  7.286
 51    79.730 54016.33112986  1.42  52.092287  67.573054  7.286
 51    79.650 54016.33113050  0.17  52.088687  67.569994  7.286
 52     1.041 54051.33112788 23.40  52.092543  67.579819  8.507
 52     0.899 54051.33112852 23.15  52.088943  67.576769  8.507
 52     1.435 54051.33112917 22.67  52.085343  67.573709  8.507
 52     1.155 54051.33112981 25.14  52.081743  67.570659  8.507
 58    84.891 54261.33110958  8.72  52.091060  67.584963  6.211
 58    85.368 54261.33111022  7.61  52.087450  67.581903  6.211
 58    87.156 54261.33111087  6.20  52.083850  67.578853  6.211
 58    83.960 54261.33111151  6.09  52.080250  67.575793  6.211
 58    82.363 54261.33111216  5.79  52.076650  67.572743  6.211
 58    82.932 54261.33111280  3.92  52.073050  67.569683  6.211
 59     5.503 54296.33111400 15.74  52.089305  67.585661 11.729
 59     4.694 54296.33111464 21.60  52.085705  67.582611 11.729
 59     4.596 54296.33111529 17.01  52.082105  67.579551 11.729
 59     4.951 54296.33111593 16.74  52.078505  67.576501 11.729
 59     4.313 54296.33111658 17.47  52.074905  67.573441 11.729
 59     4.186 54296.33111722 19.48  52.071305  67.570391 11.729
 60     2.184 54331.33110704 35.47  52.076570  67.579047  7.466
 60     0.910 54331.33110769 29.21  52.072970  67.575997  7.466
 60     0.752 54331.33110833 28.44  52.069370  67.572937  7.466
 60     0.732 54331.33110898 28.46  52.065770  67.569877  7.466
 60     1.121 54331.33110962 26.98  52.062170  67.566825 34.302
 61    85.003 54366.33105098  2.72  52.062027  67.575847  5.728
 61    87.356 54366.33105163  1.96  52.058427  67.572787  5.728
 61    83.326 54366.33105227  2.02  52.054827  67.569727  5.728
 61    82.669 54366.33105292  0.26  52.051235  67.566671  6.404
 62    84.360 54401.33104755  5.89  52.090944  67.586571  8.324
 62    83.484 54401.33104820  4.61  52.087344  67.583521  8.324
 62    86.637 54401.33104884  3.45  52.083744  67.580461  8.324
 62    84.780 54401.33104949  2.30  52.080144  67.577411  8.324
 62    87.288 54401.33105013  1.83  52.076544  67.574351  8.324
 62    81.522 54401.33105078  1.38  52.072944  67.571301  8.324
 62    81.647 54401.33105142  0.11  52.069340  67.568243  5.739
 63    88.981 54436.33100730  4.13  52.067133  67.576561  6.084
 63    77.087 54436.33100795  4.51  52.063533  67.573511  6.084
 63    85.789 54436.33100859  2.70  52.059937  67.570450  5.679
 63    84.939 54436.33100924  1.84  52.056337  67.567400  5.679
 64    87.937 54471.33103171  1.17  52.100914  67.586297  3.720
 64    87.347 54471.33103235  1.16  52.097314  67.583237  3.720
 64    87.434 54471.33103300  1.32  52.093714  67.580187  3.720
 64    86.812 54471.33103364  0.34  52.090104  67.577127  3.720
 69    82.780 54646.33104608  3.82  52.087184  67.584610  5.944
 69    81.119 54646.33104673  3.26  52.083584  67.581560  5.944
 69    81.504 54646.33104737  2.15  52.079984  67.578500  5.944
 69    81.174 54646.33104801  2.08  52.076384  67.575450  5.944
 69    80.849 54646.33104866  1.60  52.072784  67.572390  5.944
 72    83.563 54751.33101819  5.77  52.094550  67.585376  6.256
 72    80.501 54751.33101883  7.97  52.090950  67.582326  6.256
 72    80.698 54751.33101948  4.54  52.087350  67.579266  6.256
 72    80.838 54751.33102012  3.93  52.083750  67.576216  6.256
 72    80.550 54751.33102076  3.15  52.080150  67.573156  6.256
 72    80.282 54751.33102141  3.40  52.076550  67.570106  6.256
 73    88.762 54786.33098806  3.79  52.068618  67.576153  8.888
 73    87.848 54786.33098870  1.68  52.065018  67.573093  8.888
 73    86.604 54786.33098935  0.88  52.061428  67.570043  8.888
 73    67.008 54786.33098999  5.25  52.057828  67.566983  8.888
 74     2.546 54821.33101149 10.28  52.097469  67.586059  2.675
 74     1.999 54821.33101214 10.67  52.093869  67.583009  2.675
 74     1.818 54821.33101278 11.60  52.090269  67.579949  2.675
 74     1.835 54821.33101343 11.86  52.086669  67.576899  2.675
 74     1.733 54821.33101407 12.25  52.083069  67.573839  2.675
 74     1.810 54821.33101472 12.49  52.079469  67.570789  2.675
 79    83.727 54996.33103600  7.85  52.081928  67.582459  5.338
 79    81.785 54996.33103665  7.25  52.078328  67.579399  5.338
 79    82.001 54996.33103729  5.67  52.074728  67.576349  5.338
 79    81.607 54996.33103794  5.37  52.071128  67.573289  5.338
 79    82.651 54996.33103858  3.44  52.067528  67.570239  5.338
 79    81.568 54996.33103923  2.53  52.063938  67.567179  5.338
 80    82.672 55031.33102619  1.37  52.080124  67.580066  5.756
 80    81.518 55031.33102684  1.25  52.076524  67.577016  5.756
 80    81.472 55031.33102748  0.28  52.072924  67.573956  5.756
 81    83.404 55066.33101604  0.13  52.076097  67.579258  6.331
 81    83.153 55066.33101669  0.54  52.072497  67.576198  6.331
 81    82.013 55066.33101733  0.06  52.068897  67.573148  6.331
 82    83.852 55101.33095954  2.48  52.052607  67.571316  3.920
 82    83.121 55101.33096019  1.87  52.049007  67.568256  3.920
 82    82.112 55101.33096083  0.54  52.045417  67.565206  3.920
 83    82.590 55136.33096044 10.13  52.093444  67.585469  8.498
 83    88.838 55136.33096109 10.30  52.089844  67.582419  8.498
 83    79.262 55136.33096173  8.71  52.086244  67.579359  8.498
 83    87.482 55136.33096238  7.05  52.082644  67.576309  8.498
 83    81.346 55136.33096302  6.55  52.079044  67.573249  8.498
 83    85.294 55136.33096367  5.31  52.075444  67.570199  8.498
 84    78.453 55171.33092484  9.65  52.069293  67.578063  7.528
 84    87.592 55171.33092549  4.75  52.065693  67.575013  7.528
 84    86.857 55171.33092613  4.90  52.062103  67.571953  7.528
 84    85.473 55171.33092677  4.08  52.058503  67.568903  7.528
 84    71.651 55171.33092742  7.11  52.054903  67.565843  7.528
 85    81.393 55206.33095399  4.09  52.094529  67.585332  5.428
 85    80.711 55206.33095463  2.06  52.090929  67.582282  5.428
 85    79.156 55206.33095528  0.46  52.087329  67.579222  5.428
 85    76.437 55206.33095656  0.61  52.080129  67.573112  5.428
 89     5.900 55346.33091790 25.29  52.085204  67.583294 16.661
 89     6.546 55346.33091855 26.04  52.081604  67.580234 16.661
 89     6.141 55346.33091919 26.63  52.078004  67.577184 16.661
 89     6.269 55346.33091984 23.64  52.074404  67.574124 16.661
 89     6.000 55346.33092048 23.92  52.070804  67.571074 16.661
 89     6.394 55346.33092113 23.71  52.067214  67.568014 16.661
 90    82.693 55381.33091123  1.77  52.075446  67.579644  7.700
 90    82.575 55381.33091188  1.15  52.071846  67.576594  7.700
 90    82.165 55381.33091252  1.07  52.068246  67.573534  7.700
 91    83.144 55416.33093658  2.73  52.095939  67.585069  6.845
 91    81.688 55416.33093723  1.86  52.092339  67.582019  6.845
 91    80.390 55416.33093787  0.85  52.088739  67.578959  6.845
 92    82.843 55451.33092227  1.55  52.072692  67.578488  4.207
 92    82.750 55451.33092292  0.86  52.069092  67.575428  4.207
