-162615.337   101.817     0.00    6.65
-162239.360   100.809    -2.68    6.64
-161863.303   100.732    -0.21    6.43
-161487.166   101.262     1.41    6.03
-161110.949   102.726     3.89    5.80
-160734.651   104.256     4.06    5.67
-160358.274   106.258     5.32    5.82
-159981.815   108.304     5.44    5.39
-159605.277   109.418     2.96    4.49
-159228.658   109.411    -0.02    3.65
-158851.959   108.281    -3.00    4.35
-158475.179   107.182    -2.92    4.46
-158098.318   105.968    -3.22    4.67
-157721.377   105.276    -1.84    4.76
-157344.355   104.915    -0.96    4.53
-156967.253   105.811     2.38    4.37
-156590.069   106.938     2.99    3.94
-156212.805   108.130     3.16    3.53
-155835.460   110.237     5.58    3.44
-155458.034   112.544     6.11    2.81
-155080.527   113.177     1.68    2.56
-154702.939   113.416     0.63    2.64
-154325.270   112.811    -1.60    3.08
-153947.520   110.854    -5.18    4.22
-153569.688   107.594    -8.63    7.69
-153191.776   103.418   -11.05   11.12
-152813.782    97.948   -14.47   13.71
-152435.706    94.649    -8.73   13.08
-152057.550    91.463    -8.42   10.50
-151679.311    90.859    -1.60    8.66
-151300.992    94.253     8.97    9.37
-150922.591    98.130    10.25    9.34
-150544.108   101.469     8.82    6.94
-150165.543   104.022     6.74    4.41
-149786.897   102.684    -3.53    6.54
-149408.169    98.685   -10.56    9.55
-149029.359    94.453   -11.17   10.44
-148650.468    89.426   -13.27    8.86
-148271.494    89.021    -1.07    8.05
-147892.438    93.444    11.67    8.70
-147513.301   101.417    21.03   12.31
-147134.081   108.319    18.20   12.38
-146754.779   117.417    23.98   10.13
-146375.395   120.767     8.83    7.63
-145995.929   121.124     0.94    6.82
-145616.381   120.710    -1.09    5.29
-145236.750   120.337    -0.98    3.80
-144857.037   119.780    -1.47    4.31
-144477.241   118.833    -2.49    4.87
-144097.363   119.045     0.56    4.85
-143717.402   122.358     8.72    6.56
-143337.359   125.432     8.09    5.79
-142957.233   127.729     6.04    5.41
-142577.024   127.944     0.57    5.93
-142196.732   127.653    -0.77    6.15
-141816.358   127.326    -0.86    6.03
-141435.901   126.856    -1.24    5.28
-141055.361   126.978     0.32    4.44
-140674.738   124.149    -7.43    4.78
-140294.032   121.307    -7.46    4.87
-139913.243   119.787    -3.99    4.68
-139532.370   119.289    -1.31    5.17
-139151.415   119.753     1.22    5.38
-138770.376   120.065     0.82    4.68
-138400.234   119.173    -2.41    4.46
-138034.925   118.489    -1.87    5.46
-137669.540   118.639     0.41    7.17
-137304.080   119.284     1.76    7.86
-136938.545   121.604     6.35    7.07
-136572.934   122.198     1.62    5.70
-136207.247   120.663    -4.20    5.52
-135841.485   119.347    -3.60    4.86
-135475.647   119.716     1.01    4.32
-135109.733   121.208     4.08    4.19
-134743.743   122.207     2.73    3.33
-134377.678   123.583     3.76    4.78
-134011.537   124.732     3.14    6.51
-133645.320   125.691     2.62    7.75
-133279.027   124.845    -2.31    8.43
-132912.658   122.245    -7.10    8.29
-132546.213   120.545    -4.64    6.99
-132179.692   121.462     2.50    7.66
-131813.095   124.722     8.89    8.07
-131446.422   127.462     7.47    6.30
-131079.672   128.211     2.04    4.23
-130712.846   124.979    -8.81    7.96
-130345.944   117.989   -19.05   11.35
-129978.965   114.990    -8.17   10.33
-129611.910   113.213    -4.84    9.53
-129244.779   114.240     2.79   10.51
-128877.571   117.856     9.85   10.71
-128510.287   121.385     9.61    8.72
-128142.925   122.208     2.24    7.86
-127775.488   122.958     2.04    6.45
-127407.973   123.347     1.06    4.71
-127040.382   121.948    -3.81    5.82
-126672.714   116.789   -14.03   10.04
-126304.969   108.489   -22.57   12.12
-125937.147   105.361    -8.50    9.60
-125569.249   106.886     4.15   10.16
-125201.273   112.753    15.94   10.49
-124833.220   118.753    16.30    7.30
-124465.091   123.208    12.10    2.69
-124096.884   123.796     1.60    2.42
-123728.600   122.632    -3.16    3.99
-123360.238   120.309    -6.30    5.53
-122991.800   117.253    -8.30    5.50
-122623.284   115.253    -5.43    4.18
-122254.691   114.163    -2.96    3.31
-121886.020   114.175     0.03    4.27
-121517.272   114.522     0.94    4.83
-121148.446   113.237    -3.48    5.89
-120779.543   112.660    -1.57    5.71
-120410.562   110.052    -7.07    7.13
-120041.503   106.175   -10.50    8.92
-119672.367   102.947    -8.75    7.75
-119303.153   102.531    -1.13    7.16
-118933.861   104.628     5.68    6.10
-118564.492   106.343     4.64    5.56
-118195.044   107.239     2.42    7.32
-117825.519   107.722     1.31    7.81
-117455.915   108.804     2.93    7.72
-117086.234   109.792     2.67    8.79
-116716.474   111.064     3.44   10.05
-116346.636   113.812     7.43   10.05
-115976.720   116.289     6.69    7.78
-115606.726   117.660     3.70    5.36
-115236.653   120.796     8.47    5.48
-114866.503   123.787     8.08    7.04
-114496.273   126.808     8.16    7.79
-114125.965   129.967     8.53    8.32
-113755.579   132.948     8.05    8.81
-113385.114   135.753     7.57    8.05
-113014.571   138.306     6.89    6.89
-112643.949   140.819     6.78    6.62
-112273.248   142.052     3.32    7.50
-111902.469   144.337     6.16    7.47
-111531.611   147.277     7.93    7.72
-111160.674   149.969     7.26    7.08
-110789.658   150.927     2.58    6.31
-110418.563   152.103     3.17    6.67
-110047.389   152.644     1.46    6.66
-109676.136   151.223    -3.83    5.06
-109304.804   151.033    -0.51    3.10
-108933.393   150.194    -2.26    4.01
-108561.903   151.287     2.94    5.96
-108190.333   152.084     2.14    6.08
-107818.684   151.442    -1.73    6.73
-107446.956   151.562     0.32    5.84
-107075.148   151.926     0.98    5.28
-106703.261   153.082     3.11    5.56
-106331.295   155.299     5.96    4.98
-105959.249   154.649    -1.75    5.43
-105587.123   152.670    -5.32    6.53
-105214.918   149.140    -9.48    6.95
-104842.633   146.742    -6.44    6.85
-104470.268   146.261    -1.29    6.93
-104097.823   146.859     1.60    5.55
-103725.299   147.714     2.30    3.85
-103352.695   146.133    -4.24    4.57
-102980.010   143.652    -6.66    6.52
-102607.246   139.337   -11.58    8.73
-102234.402   134.406   -13.22    8.85
-101861.478   132.031    -6.37    9.41
-101488.473   130.896    -3.04   10.67
-101115.388   129.694    -3.22   11.83
-100742.223   127.598    -5.62   11.83
-100368.978   124.106    -9.35   11.22
 -99995.652   117.990   -16.38   12.02
 -99622.246   110.247   -20.73   12.80
 -99248.760   102.714   -20.17   12.82
 -98875.193    94.174   -22.86    9.70
 -98501.545    92.242    -5.17    8.14
 -98127.817    94.413     5.81   10.92
 -97754.008   100.732    16.90   14.12
 -97380.119   109.011    22.14   12.44
 -97006.148   115.283    16.77   11.10
 -96632.097   121.708    17.18   12.46
 -96257.965   132.042    27.62   18.01
 -95883.752   140.073    21.46   19.45
 -95509.458   148.546    22.64   18.00
 -95135.083   152.726    11.16   16.86
 -94760.627   154.115     3.71   14.00
 -94386.090   153.844    -0.72   10.78
 -94011.472   154.863     2.72    9.43
 -93636.772   155.188     0.87   10.18
 -93261.991   156.558     3.66    9.95
 -92887.129   161.821    14.04   10.65
 -92512.186   169.082    19.37    9.31
 -92137.161   171.081     5.33    8.27
 -91762.054   170.044    -2.76    8.83
 -91386.866   167.227    -7.51    8.45
 -91011.596   163.250   -10.60    6.10
 -90636.245   160.980    -6.05    5.60
 -90260.812   158.630    -6.26    4.73
 -89885.297   155.876    -7.33    5.33
 -89509.701   155.078    -2.13    5.02
 -89134.022   156.227     3.06    5.44
 -88758.262   157.095     2.31    5.41
 -88382.420   158.958     4.96    4.01
 -88006.495   159.773     2.17    3.58
 -87630.489   159.204    -1.51    3.65
 -87254.400   158.232    -2.59    4.04
 -86878.229   157.485    -1.99    3.49
 -86501.976   156.897    -1.56    4.10
 -86125.641   157.392     1.31    4.86
 -85749.224   156.633    -2.02    5.50
 -85372.724   154.750    -5.00    5.93
 -84996.141   151.811    -7.81    6.38
 -84619.476   147.823   -10.59    5.28
 -84242.729   144.010   -10.12    5.73
 -83865.899   138.558   -14.47    6.67
 -83488.986   134.082   -11.88    6.50
 -83111.990   131.135    -7.81    5.14
 -82734.912   130.562    -1.52    4.38
 -82357.751   132.621     5.46    6.77
 -81980.507   135.111     6.60    7.34
 -81603.180   137.925     7.46    5.87
 -81225.770   139.162     3.28    4.99
 -80848.277   141.128     5.21    5.18
 -80470.701   142.469     3.55    5.38
 -80093.042   142.383    -0.23    5.50
 -79715.300   137.643   -12.55    8.67
 -79337.474   129.549   -21.42   11.51
 -78959.565   119.255   -27.24   12.35
 -78581.573   109.587   -25.58   10.55
 -78203.497    98.949   -28.13   11.93
 -77825.338    89.297   -25.52   11.55
 -77447.095    79.312   -26.39   10.50
 -77068.769    72.098   -19.07    6.67
 -76690.359    68.071   -10.64    4.53
 -76311.866    63.630   -11.73    8.83
 -75933.288    58.804   -12.75   12.82
 -75554.627    52.043   -17.85   13.40
 -75175.882    49.381    -7.03   12.15
 -74797.053    53.924    11.99   11.81
 -74418.140    59.323    14.25   11.13
 -74039.143    63.022     9.76    8.88
 -73660.062    65.577     6.74    9.51
 -73280.897    66.217     1.69   10.42
 -72901.648    67.929     4.51   10.41
 -72522.315    69.413     3.91    9.23
 -72142.897    69.388    -0.07    8.46
 -71763.395    70.237     2.24    8.30
 -71383.808    70.776     1.42    8.04
 -71004.137    72.290     3.99    7.17
 -70624.381    73.444     3.04    6.26
 -70244.541    73.000    -1.17    6.27
 -69864.616    72.847    -0.40    6.93
 -69484.607    72.890     0.11    7.15
 -69104.513    71.899    -2.61    6.68
 -68724.334    71.663    -0.62    6.36
 -68344.070    72.541     2.31    5.69
 -67963.721    73.905     3.59    5.44
 -67583.287    76.162     5.93    5.93
 -67202.769    79.237     8.08    5.86
 -66822.165    81.337     5.52    5.63
 -66441.476    83.553     5.82    5.04
 -66060.702    85.173     4.26    4.83
 -65679.843    86.957     4.68    4.18
 -65298.898    87.505     1.44    4.23
 -64917.868    87.194    -0.82    3.83
 -64536.752    87.040    -0.40    4.95
 -64155.551    86.424    -1.62    4.99
 -63779.834    84.131    -6.10    5.60
 -63414.760    80.581    -9.73    6.15
 -63049.610    78.175    -6.59    7.27
 -62684.382    76.663    -4.14    7.43
 -62319.077    77.705     2.85    8.63
 -61953.695    79.888     5.97    9.22
 -61588.236    80.913     2.81    8.68
 -61222.699    80.980     0.18    8.91
 -60857.084    81.183     0.56    9.53
 -60491.392    81.224     0.11    9.86
 -60125.623    80.960    -0.72    8.73
 -59759.776    80.768    -0.52    5.85
 -59393.852    78.798    -5.38    5.58
 -59027.849    75.783    -8.24    6.05
 -58661.769    73.240    -6.95    6.21
 -58295.612    70.323    -7.97    5.85
 -57929.376    68.586    -4.74    5.60
 -57563.062    67.418    -3.19    4.85
 -57196.671    65.905    -4.13    4.44
 -56830.202    64.320    -4.33    4.65
 -56463.654    62.409    -5.21    4.11
 -56097.029    61.250    -3.16    3.76
 -55730.325    60.277    -2.65    3.57
 -55363.544    59.130    -3.13    3.29
 -54996.684    57.385    -4.76    2.67
 -54629.745    56.918    -1.28    2.51
 -54262.729    56.420    -1.36    2.75
 -53895.634    55.750    -1.83    2.42
 -53528.461    55.040    -1.93    2.51
 -53161.209    53.902    -3.10    2.43
 -52793.878    53.940     0.10    2.33
 -52426.469    52.863    -2.93    3.08
 -52058.982    51.212    -4.49    4.77
 -51691.416    50.286    -2.52    5.30
 -51323.771    50.531     0.67    5.78
 -50956.047    51.020     1.33    6.31
 -50588.245    52.170     3.13    6.12
 -50220.363    51.649    -1.42    5.81
 -49852.403    50.280    -3.72    6.02
 -49484.364    45.869   -11.98    8.23
 -49116.245    43.582    -6.21    8.41
 -48748.048    40.367    -8.73    7.94
 -48379.772    36.286   -11.08    8.45
 -48011.416    32.794    -9.48    7.13
 -47642.981    31.470    -3.59    8.18
 -47274.467    31.283    -0.51    8.56
 -46905.874    30.490    -2.15    8.13
 -46537.201    30.128    -0.98    7.99
 -46168.448    30.316     0.51    7.34
 -45799.617    30.479     0.44    6.81
 -45430.705    30.980     1.36    5.67
 -45061.715    31.374     1.07    3.37
 -44692.644    29.760    -4.37    3.64
 -44323.494    29.172    -1.59    4.04
 -43954.264    29.337     0.45    5.31
 -43584.954    28.640    -1.89    6.03
 -43215.565    29.398     2.05    6.30
 -42846.096    29.840     1.20    7.17
 -42476.546    29.235    -1.64    7.63
 -42106.917    28.606    -1.70    7.72
 -41737.208    30.980     6.42    7.22
 -41367.418    33.122     5.79    6.55
 -40997.549    37.430    11.65    6.94
 -40627.599    40.862     9.28    5.36
 -40257.569    39.980    -2.38    6.34
 -39887.459    38.870    -3.00    7.03
 -39517.268    37.535    -3.60    6.53
 -39146.997    35.032    -6.76    4.20
 -38776.645    36.300     3.42    5.30
 -38406.213    38.310     5.43    5.55
 -38035.701    38.615     0.82    6.73
 -37665.108    38.480    -0.36    7.95
 -37294.434    37.633    -2.28    7.87
 -36923.679    36.818    -2.20    6.36
 -36552.844    36.181    -1.72    4.58
 -36181.928    36.870     1.86    3.63
 -35810.931    37.250     1.02    3.12
 -35439.853    36.182    -2.88    3.76
 -35068.694    34.371    -4.88    4.09
 -34697.454    33.010    -3.67    3.63
 -34326.133    32.190    -2.21    3.51
 -33954.731    31.583    -1.63    3.22
 -33583.248    30.398    -3.19    4.24
 -33211.683    29.459    -2.53    4.26
 -32840.037    28.030    -3.84    4.00
 -32468.310    26.734    -3.49    4.25
 -32096.502    26.070    -1.79    4.13
 -31724.612    26.304     0.63    4.37
 -31352.640    28.323     5.43    5.34
 -30980.587    31.625     8.87    4.89
 -30608.452    33.480     4.98    3.81
 -30236.236    33.909     1.15    4.11
 -29863.938    33.938     0.08    4.42
 -29491.558    33.010    -2.49    3.71
 -29119.097    32.704    -0.82    2.90
 -28746.553    32.465    -0.64    4.09
 -28373.928    31.116    -3.62    4.95
 -28001.220    29.323    -4.81    5.50
 -27628.431    26.772    -6.84    5.15
 -27255.559    25.230    -4.13    3.59
 -26882.606    26.200     2.60    5.25
 -26509.570    28.400     5.90    6.12
 -26136.452    30.144     4.67    5.84
 -25763.252    31.163     2.73    4.98
 -25389.969    30.219    -2.53    5.66
 -25016.604    27.570    -7.09    5.86
 -24643.156    25.535    -5.45    3.81
 -24269.626    25.439    -0.26    3.63
 -23896.013    27.273     4.91    4.17
 -23522.318    29.371     5.62    3.19
 -23148.540    30.110     1.98    2.24
 -22774.679    30.042    -0.18    2.33
 -22400.736    28.770    -3.40    2.76
 -22026.709    27.511    -3.37    2.74
 -21652.600    27.253    -0.69    2.50
 -21278.408    27.271     0.05    2.61
 -20904.133    26.370    -2.41    2.90
 -20529.774    25.582    -2.11    2.62
 -20155.333    24.121    -3.90    2.13
 -19780.809    24.292     0.46    2.21
 -19406.201    24.798     1.35    2.58
 -19031.510    23.919    -2.35    3.12
 -18656.735    21.273    -7.06    4.44
 -18281.878    18.980    -6.12    4.98
 -17906.937    16.454    -6.74    3.61
 -17531.912    15.500    -2.54    2.57
 -17156.804    16.763     3.37    2.64
 -16781.612    18.564     4.80    2.56
 -16406.336    20.096     4.08    2.19
 -16030.977    19.910    -0.49    2.57
 -15655.534    18.194    -4.57    4.16
 -15280.007    16.059    -5.68    4.86
 -14904.396    14.558    -4.00    4.99
 -14528.702    13.598    -2.55    6.09
 -14152.923    12.155    -3.84    6.74
 -13777.061     9.624    -6.73    5.74
 -13401.114     8.112    -4.02    4.09
 -13025.083     7.210    -2.40    3.01
 -12648.968     7.354     0.38    3.23
 -12272.768     6.424    -2.47    3.89
 -11896.484     5.130    -3.44    4.16
 -11520.116     3.770    -3.61    4.13
 -11143.664     1.840    -5.13    3.05
 -10767.127     0.663    -3.13    1.90
 -10390.505     0.222    -1.17    1.22
 -10013.799     0.000    -0.59    0.00
  -9637.008     0.000     0.00    0.00
  -9260.132     0.000     0.00    0.00
  -8883.172     0.000     0.00    0.00
  -8506.126     0.000     0.00    0.00
  -8128.996     0.010     0.03    0.10
  -7751.781     0.000    -0.03    0.00
  -7374.481     0.000     0.00    0.00
  -6997.096     0.000     0.00    0.00
  -6619.626     0.000     0.00    0.00
  -6242.070     0.000     0.00    0.00
  -5864.430     0.000     0.00    0.00
  -5486.704     0.000     0.00    0.00
  -5108.892     0.000     0.00    0.00
  -4730.996     0.000     0.00    0.00
  -4353.014     0.000     0.00    0.00
  -3974.946     0.000     0.00    0.00
  -3596.793     0.000     0.00    0.00
  -3218.554     0.000     0.00    0.00
  -2840.229     0.000     0.00    0.00
  -2461.819     0.000     0.00    0.00
  -2083.323     0.000     0.00    0.00
  -1704.741     0.000     0.00    0.00
  -1326.073     0.000     0.00    0.00
   -947.319     0.000     0.00    0.00
   -568.479     0.000     0.00    0.00
   -189.553     0.000     0.00    0.00
    189.459     0.000     0.00    0.00
    568.557     0.000     0.00    0.00
    947.742     0.000     0.00    0.00
   1327.013     0.000     0.00    0.00
   1706.370     0.000     0.00    0.00
   2085.814     0.000     0.00    0.00
   2465.344     0.000     0.00    0.00
   2844.961     0.000     0.00    0.00
   3224.664     0.000     0.00    0.00
   3604.454     0.000     0.00    0.00
   3984.331     0.000     0.00    0.00
   4364.295     0.000     0.00    0.00
   4744.345     0.000     0.00    0.00
   5124.482     0.000     0.00    0.00
   5504.707     0.000     0.00    0.00
   5885.018     0.000     0.00    0.00
   6265.416     0.000     0.00    0.00
   6645.902     0.000     0.00    0.00
   7026.475     0.000     0.00    0.00
   7407.135     0.000     0.00    0.00
   7787.882     0.000     0.00    0.00
   8168.717     0.000     0.00    0.00
   8549.639     0.000     0.00    0.00
   8930.648     0.000     0.00    0.00
   9311.746     0.000     0.00    0.00
   9692.930     0.000     0.00    0.00
  10074.203     0.000     0.00    0.00
  10455.563     0.000     0.00    0.00
  10837.011     0.000     0.00    0.00
  11202.151     0.000     0.00    0.00
  11567.063     0.000     0.00    0.00
  11932.055     0.000     0.00    0.00
  12297.126     0.000     0.00    0.00
  12662.275     0.724     1.98    3.54
  13027.504     4.490    10.31    7.78
  13392.812     9.149    12.75    9.51
  13758.199    15.080    16.23    9.24
  14123.666    19.827    12.99    5.78
  14489.212    21.850     5.54    3.71
  14854.837    22.618     2.10    3.87
  15220.541    22.792     0.48    3.93
  15586.325    21.842    -2.60    3.84
  15952.189    20.916    -2.53    3.75
  16318.132    20.127    -2.15    3.11
  16684.155    19.860    -0.73    2.98
  17050.257    19.606    -0.69    2.72
  17416.439    19.860     0.69    3.07
  17782.701    20.000     0.38    3.44
  18149.043    19.206    -2.17    3.92
  18515.465    19.417     0.58    3.83
  18881.966    19.535     0.32    3.16
  19248.548    20.139     1.65    2.32
  19615.209    20.710     1.56    2.78
  19981.951    21.529     2.23    2.94
  20348.773    22.755     3.34    2.30
  20715.675    23.990     3.37    2.45
  21082.657    24.722     1.99    2.03
  21449.720    24.539    -0.50    2.16
  21816.863    23.505    -2.82    3.71
  22184.086    21.222    -6.22    5.32
  22551.390    18.347    -7.83    5.42
  22918.774    15.189    -8.59    3.56
  23286.239    15.265     0.20    3.62
  23653.785    16.240     2.65    3.97
  24021.411    15.683    -1.51    4.48
  24389.118    14.313    -3.73    4.87
  24756.905    12.780    -4.17    4.18
  25124.774    13.049     0.73    4.91
  25492.723    14.427     3.75    6.25
  25860.753    15.624     3.25    6.44
  26228.865    18.092     6.70    6.81
  26597.057    21.257     8.60    6.46
  26965.330    22.980     4.68    4.80
  27333.685    23.080     0.27    4.70
  27702.121    22.275    -2.19    4.86
  28070.638    21.270    -2.73    4.35
  28439.236    21.667     1.08    3.34
  28807.915    22.228     1.52    2.86
  29176.677    22.588     0.98    2.95
  29545.519    20.636    -5.29    8.24
  29914.443    17.029    -9.78   11.45
  30283.449    13.920    -8.43   12.20
  30652.536     9.471   -12.06   12.00
  31021.705    10.814     3.64   12.71
  31390.955    14.531    10.07   13.41
  31760.288    19.782    14.22   11.38
  32129.702    24.438    12.60    4.89
  32499.198    21.225    -8.69    7.84
  32868.776    18.374    -7.72    7.91
  33238.436    16.333    -5.52    6.57
  33608.178    14.854    -4.00    7.21
  33978.003    11.090   -10.18    9.39
  34347.909     7.245   -10.39    9.12
  34717.898     2.172   -13.71    7.70
  35087.969    -1.544   -10.04    2.37
  35458.122    -0.242     3.52    4.65
  35828.357     4.118    11.78    7.97
  36198.675     9.310    14.02    9.50
  36569.076    16.376    19.08    9.81
  36939.559    21.970    15.10    6.77
  37310.125    26.010    10.90    6.27
  37680.773    27.539     4.13    7.31
  38051.504    29.766     6.01    8.41
  38422.318    33.673    10.54    8.21
  38793.214    36.716     8.20    6.70
  39164.194    40.598    10.47    7.62
  39535.256    43.851     8.77    8.77
  39906.402    47.637    10.20   11.96
  40277.630    50.792     8.50   13.36
  40648.941    54.919    11.12   14.12
  41020.336    59.505    12.35   14.17
  41391.814    63.929    11.91   13.03
  41763.375    68.078    11.17   12.80
  42135.019    76.032    21.40   10.51
  42506.747    82.461    17.30   10.07
  42878.558    88.626    16.58    9.39
  43250.453    94.650    16.20   10.51
  43622.431   103.089    22.69   11.39
  43994.493   109.693    17.75   10.24
  44366.638   114.287    12.35    6.95
  44738.868   113.556    -1.97    9.03
  45111.180   107.563   -16.10   13.50
  45483.577   100.510   -18.94   14.62
  45856.058    98.058    -6.58   14.31
  46228.622    96.330    -4.64   14.38
  46601.271    98.333     5.38   12.79
  46974.003    96.576    -4.72   13.43
  47346.820    92.961    -9.70   11.45
  47719.721    90.067    -7.76   11.17
  48092.706    84.880   -13.91    8.95
  48465.775    79.812   -13.59    6.54
  48838.928    74.980   -12.95    6.86
  49212.166    70.212   -12.78    6.86
  49585.489    66.592    -9.70    6.07
  49958.895    62.861    -9.99    6.87
  50332.387    59.469    -9.08    7.25
  50705.963    56.686    -7.45    5.62
  51079.623    55.101    -4.24    4.03
  51453.369    55.437     0.90    4.09
  51827.199    56.178     1.98    3.44
  52201.114    53.824    -6.30    7.08
  52575.114    49.853   -10.62    9.03
  52949.199    46.210    -9.74    9.47
  53323.368    42.353   -10.31    9.75
  53697.623    40.949    -3.75   11.23
  54071.963    39.902    -2.80   12.25
  54446.388    39.357    -1.46   12.72
  54820.899    37.087    -6.06   11.55
  55195.494    35.072    -5.38    9.64
  55570.175    31.461    -9.64    8.50
  55944.942    27.750    -9.90    7.60
  56319.793    22.314   -14.50    6.13
  56694.731    19.287    -8.07    4.75
  57069.754    16.990    -6.13    4.78
  57444.862    14.386    -6.94    5.17
  57820.057    11.713    -7.13    6.71
  58195.337     9.827    -5.03    6.45
  58570.702     8.010    -4.84    5.93
  58946.154     7.252    -2.02    6.01
  59321.692     6.196    -2.81    6.10
  59697.315     5.577    -1.65    5.60
  60073.025     4.096    -3.94    4.67
  60448.821     3.529    -1.51    3.90
  60824.702     3.188    -0.91    3.44
  61200.671     3.225     0.10    2.75
  61576.725     3.330     0.28    2.57
  61952.866     3.471     0.37    2.79
  62329.093     3.108    -0.96    2.78
  62705.406     2.265    -2.24    2.42
  63081.806     1.843    -1.12    2.31
  63458.293     1.941     0.26    2.19
  63834.866     1.388    -1.47    2.37
  64211.526     0.848    -1.43    2.16
  64588.273     0.363    -1.29    1.84
  64965.106     0.175    -0.50    1.40
  65342.026     0.048    -0.34    1.01
  65719.034     0.020    -0.07    0.93
  66096.128     0.010    -0.03    1.02
  66473.309     0.010     0.00    1.10
  66850.578     0.029     0.05    1.05
  67227.933    -0.021    -0.13    1.13
  67605.376    -0.135    -0.30    1.29
  67982.906     0.050     0.49    1.37
  68360.523    -0.165    -0.57    1.33
  68738.228    -0.330    -0.44    1.29
  69116.020    -0.456    -0.33    1.07
  69493.900    -0.588    -0.35    1.07
  69871.867    -0.314     0.73    1.23
  70249.922     0.098     1.09    1.45
  70628.065     0.284     0.49    2.05
  71006.295     0.291     0.02    2.66
  71384.613     0.738     1.18    3.48
  71763.019     0.260    -1.26    3.69
  72141.513    -0.050    -0.82    3.60
  72520.095    -0.388    -0.89    3.34
  72898.765    -0.727    -0.90    2.57
  73277.524    -1.165    -1.16    2.04
  73656.370    -1.337    -0.45    1.47
  74035.305    -1.311     0.07    1.24
  74414.327    -0.979     0.87    1.28
  74793.439    -0.286     1.83    1.50
  75172.638     0.484     2.03    1.26
  75551.927     0.885     1.06    0.77
  75931.303     0.717    -0.44    0.90
  76310.769     0.769     0.14    1.59
  76690.323     2.200     3.77    3.37
  77069.965     4.317     5.58    4.69
  77449.697     5.950     4.30    4.65
  77829.517     7.598     4.34    5.06
  78209.426     9.069     3.87    5.83
  78589.425    11.548     6.52    6.51
  78969.512    15.000     9.08    5.92
  79349.688    17.990     7.87    3.86
  79729.954    18.379     1.02    3.83
  80110.309    17.765    -1.61    4.38
  80490.753    16.657    -2.91    3.96
  80871.286    14.225    -6.39    3.67
  81251.909    12.317    -5.01    3.42
  81632.621    10.107    -5.81    3.66
  82013.423     8.298    -4.75    3.29
  82394.314     5.693    -6.84    3.47
  82775.295     3.515    -5.72    2.87
  83156.366     1.920    -4.18    2.26
  83537.527     1.408    -1.34    1.64
  83918.777     1.480     0.19    1.77
  84300.117     2.087     1.59    2.24
  84681.547     3.097     2.65    2.90
  85063.068     4.210     2.92    3.22
  85444.678     4.396     0.49    3.07
  85815.857     4.125    -0.73    2.68
  86180.527     2.663    -4.01    2.55
  86545.278     1.423    -3.40    2.62
  86910.110     0.647    -2.13    3.05
  87275.022     0.206    -1.21    2.92
  87640.016     0.631     1.16    3.20
  88005.090     2.378     4.78    3.46
  88370.245     2.676     0.82    3.31
  88735.481     1.630    -2.86    3.29
  89100.799     0.089    -4.22    2.75
  89466.197    -0.981    -2.93    2.04
  89831.677    -1.505    -1.43    1.03
  90197.238    -0.369     3.11    2.23
  90562.881     0.673     2.85    2.35
  90928.604     1.905     3.37    2.28
  91294.410     3.019     3.05    2.10
  91660.296     3.388     1.01    2.39
  92026.264     3.353    -0.10    2.62
  92392.314     3.237    -0.32    2.97
  92758.446     2.638    -1.64    3.06
  93124.659     2.069    -1.55    2.88
  93490.954     1.505    -1.54    2.41
  93857.331     0.740    -2.09    2.13
  94223.789    -0.275    -2.77    1.52
  94590.330    -1.171    -2.45    1.20
  94956.952    -1.927    -2.06    1.06
  95323.657    -2.519    -1.61    0.72
  95690.443    -2.824    -0.83    0.53
  96057.312    -3.000    -0.48    0.00
  96424.263    -3.000     0.00    0.00
  96791.296    -3.000     0.00    0.00
  97158.412    -3.000     0.00    0.00
  97525.609    -3.000     0.00    0.00
  97892.890    -3.000     0.00    0.00
  98260.252    -3.000     0.00    0.00
  98627.698    -3.000     0.00    0.00
  98995.226    -3.000     0.00    0.00
  99362.836    -3.000     0.00    0.00
  99730.529    -3.000     0.00    0.00
 100098.305    -3.000     0.00    0.00
 100466.164    -3.000     0.00    0.00
 100834.105    -3.000     0.00    0.00
 101202.130    -3.000     0.00    0.00
 101570.237    -3.000     0.00    0.00
 101938.428    -3.000     0.00    0.00
 102306.701    -3.000     0.00    0.00
 102675.058    -3.000     0.00    0.00
 103043.498    -3.000     0.00    0.00
 103412.021    -3.000     0.00    0.00
 103780.627    -3.000     0.00    0.00
 104149.317    -3.000     0.00    0.00
 104518.090    -3.000     0.00    0.00
 104886.947    -3.000     0.00    0.00
 105255.887    -3.000     0.00    0.00
 105624.910    -3.000     0.00    0.00
 105994.018    -3.000     0.00    0.00
 106363.209    -3.000     0.00    0.00
 106732.484    -3.000     0.00    0.00
 107101.842    -3.000     0.00    0.00
 107471.285    -3.000     0.00    0.00
 107840.811    -3.000     0.00    0.00
 108210.421    -3.000     0.00    0.00
 108580.116    -3.000     0.00    0.00
 108949.894    -3.000     0.00    0.00
 109319.757    -3.000     0.00    0.00
 109689.704    -3.000     0.00    0.00
 110059.735    -3.000     0.00    0.00
 110429.850    -3.000     0.00    0.00
 110800.050    -3.000     0.00    0.00
 111170.334    -3.000     0.00    0.00
 111540.703    -3.000     0.00    0.00
 111911.156    -3.000     0.00    0.00
 112281.694    -3.000     0.00    0.00
 112652.316    -3.000     0.00    0.00
 113023.024    -3.000     0.00    0.00
 113393.816    -3.000     0.00    0.00
 113764.693    -3.000     0.00    0.00
 114135.654    -3.000     0.00    0.00
 114506.701    -3.000     0.00    0.00
 114877.833    -3.000     0.00    0.00
 115249.049    -3.000     0.00    0.00
 115620.351    -3.000     0.00    0.00
 115991.738    -3.000     0.00    0.00
 116363.210    -3.000     0.00    0.00
 116734.768    -3.000     0.00    0.00
 117106.411    -3.000     0.00    0.00
 117478.139    -3.000     0.00    0.00
 117849.953    -3.000     0.00    0.00
 118221.852    -3.000     0.00    0.00
 118593.837    -3.000     0.00    0.00
 118965.908    -3.000     0.00    0.00
 119338.064    -3.000     0.00    0.00
 119710.306    -3.000     0.00    0.00
 120082.634    -3.000     0.00    0.00
 120455.048    -3.000     0.00    0.00
 120827.547    -3.000     0.00    0.00
 121200.133    -3.000     0.00    0.00
 121572.805    -3.000     0.00    0.00
 121945.563    -3.000     0.00    0.00
 122318.407    -3.000     0.00    0.00
 122691.337    -3.000     0.00    0.00
 123064.353    -3.000     0.00    0.00
 123437.456    -3.000     0.00    0.00
 123810.645    -3.000     0.00    0.00
 124183.921    -3.000     0.00    0.00
 124557.283    -3.000     0.00    0.00
 124930.732    -3.000     0.00    0.00
 125304.268    -3.000     0.00    0.00
 125677.890    -3.000     0.00    0.00
 126051.599    -3.000     0.00    0.00
 126425.395    -3.000     0.00    0.00
 126799.278    -3.000     0.00    0.00
 127173.247    -3.000     0.00    0.00
 127547.304    -3.000     0.00    0.00
 127921.448    -3.000     0.00    0.00
 128295.678    -3.000     0.00    0.00
 128669.996    -3.000     0.00    0.00
 129044.402    -3.000     0.00    0.00
 129418.894    -3.000     0.00    0.00
 129793.474    -3.000     0.00    0.00
 130168.142    -3.000     0.00    0.00
 130542.897    -3.000     0.00    0.00
 130917.739    -3.000     0.00    0.00
 131292.669    -3.000     0.00    0.00
 131667.687    -3.000     0.00    0.00
 132042.792    -3.000     0.00    0.00
 132417.985    -3.000     0.00    0.00
 132793.266    -3.000     0.00    0.00
 133168.635    -3.000     0.00    0.00
 133544.092    -3.000     0.00    0.00
 133919.637    -3.000     0.00    0.00
 134295.270    -3.000     0.00    0.00
 134670.992    -3.000     0.00    0.00
 135046.801    -3.000     0.00    0.00
 135422.699    -3.000     0.00    0.00
 135798.685    -3.000     0.00    0.00
 136174.760    -3.000     0.00    0.00
 136550.923    -3.000     0.00    0.00
