# NaN NaN NaN ;Mean Elev.(m), Avg Gradient(m/km), RMS Gradient(m/km) - SRTM1     
#  -14.566   0.696   3.810 ;Mean Elev.(m), Avg Gradient(m/km), RMS Gradient(m/km) - ASTER GDEM
#   18.536  -0.005   2.183 ;Mean Elev.(m), Avg Gradient(m/km), RMS Gradient(m/km) - GMTED2010 
  6     7.705 52420.71403519 24.75  52.393246  66.948722 16.280
  6     8.180 52420.71403583 22.99  52.389816  66.951792 16.280
  6     8.571 52420.71403648 22.75  52.386386  66.954862 16.280
  6     8.758 52420.71403712 21.21  52.382956  66.957932 16.280
  6     8.912 52420.71403777 21.92  52.379516  66.961002 16.280
  7     6.502 52455.71405898 24.34  52.396986  66.950785 31.635
  7     6.095 52455.71405963 24.51  52.393556  66.953855 31.635
  7     6.441 52455.71406027 28.90  52.390126  66.956925 31.635
  7     6.399 52455.71406092 36.25  52.386696  66.959995 31.635
  7     6.315 52455.71406156 42.84  52.383266  66.963065 31.635
  7     6.337 52455.71406221 44.49  52.379828  66.966131 29.925
  8     7.504 52490.71403408 21.65  52.400559  66.957396 36.307
  8     2.659 52490.71403472 31.23  52.397119  66.960466 36.307
  8     2.658 52490.71403537 23.44  52.393689  66.963536 36.307
  8     2.565 52490.71403601 23.64  52.390259  66.966606 36.307
  8     2.660 52490.71403666 31.30  52.386829  66.969676 36.307
  8     2.729 52490.71403730 46.06  52.383399  66.972746 36.307
 10     9.706 52560.71406056 21.74  52.394364  66.947234 27.599
 10     5.791 52560.71406120 19.54  52.390934  66.950304 27.599
 10     5.282 52560.71406185 19.71  52.387504  66.953374 27.599
 10     4.123 52560.71406249 24.55  52.384074  66.956439 31.303
 10     5.276 52560.71406314 24.80  52.380644  66.959509 31.303
 10     5.017 52560.71406378 25.41  52.377214  66.962579 31.303
 11     4.958 52595.71407003 22.86  52.395770  66.949273  6.250
 11     4.329 52595.71407067 24.50  52.392350  66.952343  6.250
 11     4.189 52595.71407132 28.36  52.388920  66.955403  6.250
 11     4.137 52595.71407196 28.24  52.385490  66.958473  6.250
 11     4.237 52595.71407261 25.64  52.382060  66.961543  6.250
 11     4.232 52595.71407325 26.05  52.378630  66.964613  6.250
 12     5.143 52630.71400567 19.54  52.391817  66.948601  3.783
 12     4.608 52630.71400632 19.63  52.388387  66.951671  3.783
 12     4.523 52630.71400696 20.11  52.384957  66.954731  3.783
 12     4.565 52630.71400761 19.79  52.381527  66.957801  3.783
 12     4.322 52630.71400825 20.10  52.378097  66.960871  3.783
 15     7.445 52735.71403998  9.52  52.401029  66.957522  2.489
 15     7.231 52735.71404062  9.76  52.397599  66.960592  2.489
 15     6.977 52735.71404127  9.95  52.394169  66.963662  2.489
 15     6.527 52735.71404191  9.83  52.390729  66.966732  2.489
 15     6.136 52735.71404256  9.57  52.387307  66.969797  2.231
 15     5.870 52735.71404320  9.85  52.383867  66.972867  2.231
 17     7.846 52805.71406221 25.75  52.388901  66.945047 14.816
 17     8.653 52805.71406285 22.64  52.385471  66.948107 14.816
 17     9.302 52805.71406350 22.37  52.382041  66.951177 14.816
 17     9.555 52805.71406414 23.55  52.378611  66.954247 14.816
 17     9.742 52805.71406478 27.91  52.375181  66.957317 14.816
 18     3.193 52840.71412284 41.63  52.394131  66.946603 26.922
 18     3.103 52840.71412348 45.73  52.390701  66.949673 26.922
 18     3.241 52840.71412413 44.02  52.387281  66.952743 26.922
 18     3.265 52840.71412477 44.63  52.383841  66.955803 26.922
 18     3.240 52840.71412542 48.83  52.380411  66.958873 26.922
 18     3.088 52840.71412606 48.81  52.376981  66.961943 26.922
 20     5.072 52910.71413139 50.25  52.403902  66.960511 20.841
 20     5.110 52910.71413204 53.30  52.400472  66.963571 20.841
 20     4.965 52910.71413268 37.68  52.397042  66.966641 20.841
 20     4.961 52910.71413333 37.67  52.393612  66.969711 20.841
 20     5.004 52910.71413397 50.77  52.390182  66.972781 20.841
 20     5.107 52910.71413462 54.19  52.386752  66.975851 20.841
 23     5.260 53015.71411854 16.33  52.400910  66.954795  3.429
 23     7.224 53015.71411918 16.12  52.397480  66.957855  3.429
 23     1.859 53015.71411982 21.86  52.394060  66.960925  3.429
 23     1.926 53015.71412047 22.75  52.390630  66.963995  3.429
 23     3.227 53015.71412111 17.12  52.387190  66.967065  3.429
 23     4.290 53015.71412176 15.43  52.383760  66.970135  3.429
 24     7.014 53050.71409315 15.71  52.392419  66.947482  5.166
 24     4.355 53050.71409379 15.81  52.388989  66.950552  5.166
 24     4.307 53050.71409444 15.57  52.385559  66.953622  5.166
 24     4.284 53050.71409508 15.68  52.382129  66.956682  5.166
 24     1.935 53050.71409573 19.52  52.378689  66.959752  5.166
 25     6.647 53085.71412970 13.20  52.399892  66.950287  2.484
 25     6.138 53085.71413035 13.83  52.396462  66.953347  2.484
 25     6.748 53085.71413099 13.87  52.393042  66.956417  2.484
 25     6.719 53085.71413163 13.55  52.389612  66.959487  2.484
 25     6.013 53085.71413228 13.26  52.386182  66.962557  2.484
 25     5.941 53085.71413292 12.95  52.382752  66.965627  2.484
 26     4.794 53120.71409942 10.87  52.392795  66.946370  2.604
 26     4.453 53120.71410007 10.78  52.389365  66.949440  2.604
 26     4.289 53120.71410071 10.69  52.385935  66.952510  2.604
 26     4.038 53120.71410136 11.29  52.382505  66.955570  2.604
 26     3.789 53120.71410200 11.60  52.379075  66.958640  2.604
 26     4.176 53120.71410265 10.63  52.375645  66.961710  2.604
 27     9.125 53155.71415346 29.14  52.391364  66.947356 27.710
 27     8.937 53155.71415410 28.13  52.387934  66.950426 27.710
 27     9.217 53155.71415474 25.13  52.384504  66.953496 27.710
 27     9.497 53155.71415539 27.11  52.381084  66.956556 27.710
 27     9.539 53155.71415603 25.91  52.377644  66.959626 27.710
 28     6.944 53190.71414537 51.55  52.400314  66.954148 44.633
 28     6.931 53190.71414602 54.98  52.396884  66.957208 44.633
 28     6.923 53190.71414666 52.99  52.393454  66.960278 44.633
 28     6.915 53190.71414731 49.60  52.390014  66.963348 44.633
 28     6.900 53190.71414795 52.71  52.386584  66.966418 44.633
 28     6.888 53190.71414860 51.35  52.383154  66.969488 44.633
 29     8.642 53225.71415287 22.70  52.400959  66.955819 29.044
 29     1.660 53225.71415351 27.76  52.397529  66.958879 29.044
 29     1.702 53225.71415416 35.13  52.394099  66.961949 29.044
 29     1.588 53225.71415480 26.58  52.390659  66.965019 29.044
 29     1.682 53225.71415545 23.04  52.387229  66.968089 29.044
 29     3.462 53225.71415609 19.82  52.383799  66.971159 29.044
 30     8.906 53260.71412711 19.07  52.402383  66.955906 33.338
 30     2.161 53260.71412776 20.87  52.398963  66.958966 33.338
 30     2.046 53260.71412840 30.63  52.395533  66.962036 33.338
 30     2.112 53260.71412905 24.44  52.392103  66.965106 33.338
 30     2.030 53260.71412969 23.69  52.388673  66.968176 33.338
 30     2.425 53260.71413034 24.82  52.385243  66.971246 33.338
 31     3.398 53295.71415595 31.78  52.389592  66.944079 22.282
 31     3.286 53295.71415659 29.95  52.386162  66.947149 22.282
 31     3.309 53295.71415724 23.29  52.382732  66.950219 22.282
 31     3.468 53295.71415788 29.27  52.379312  66.953279 22.282
 31     3.454 53295.71415853 34.23  52.375872  66.956349 22.282
 32     5.208 53330.71412959 26.30  52.399588  66.951162  5.348
 32     4.782 53330.71413023 25.88  52.396158  66.954232  5.348
 32     4.273 53330.71413088 25.90  52.392738  66.957302  5.348
 32     3.753 53330.71413152 25.61  52.389308  66.960362  5.348
 32     3.298 53330.71413217 26.72  52.385868  66.963432  5.348
 32     3.277 53330.71413281 25.65  52.382438  66.966502  5.348
 33     7.121 53365.71407934 20.66  52.404113  66.960060  5.352
 33     6.591 53365.71407999 20.19  52.400683  66.963120  5.352
 33     6.192 53365.71408063 20.16  52.397253  66.966190  5.352
 33     5.624 53365.71408127 19.48  52.393813  66.969260  5.352
 33     4.376 53365.71408192 18.81  52.390383  66.972330  5.352
 33     4.360 53365.71408256 18.18  52.386953  66.975400  5.352
 34     5.377 53400.71410364 16.90  52.393662  66.949477  3.755
 34     7.671 53400.71410428 15.25  52.390242  66.952537  3.755
 34     7.366 53400.71410492 14.91  52.386812  66.955607  3.755
 34     6.208 53400.71410557 14.75  52.383372  66.958677  3.755
 34     6.061 53400.71410621 14.36  52.379942  66.961747  3.755
 35     7.612 53435.71409477 15.06  52.402118  66.958437  3.186
 35     7.331 53435.71409541 15.09  52.398698  66.961497  3.186
 35     7.425 53435.71409606 14.79  52.395268  66.964567  3.186
 35     7.208 53435.71409670 14.61  52.391828  66.967637  3.186
 35     7.119 53435.71409735 14.01  52.388398  66.970707  3.186
 35     6.397 53435.71409799 14.30  52.384968  66.973777  3.186
 36     7.547 53470.71414073  8.36  52.390835  66.947385  2.472
 36     7.120 53470.71414138  8.82  52.387405  66.950455  2.472
 36     7.421 53470.71414202  8.67  52.383985  66.953515  2.472
 36     8.450 53470.71414267  8.13  52.380545  66.956585  2.472
 36     7.011 53470.71414331  8.32  52.377115  66.959655  2.472
 37     5.675 53505.71417775 41.63  52.399207  66.947986 31.705
 37     5.652 53505.71417840 41.04  52.395777  66.951056 31.705
 37     5.605 53505.71417904 39.78  52.392347  66.954126 31.705
 37     5.633 53505.71417969 41.19  52.388927  66.957196 31.705
 37     5.704 53505.71418033 41.30  52.385497  66.960256 31.705
 37     5.574 53505.71418098 39.10  52.382057  66.963326 31.705
 38     6.431 53540.71418050 25.67  52.398060  66.950331 24.529
 38     8.406 53540.71418114 16.09  52.394640  66.953391 24.529
 38     8.527 53540.71418179 19.57  52.391210  66.956461 24.529
 38     8.589 53540.71418243 20.89  52.387780  66.959531 24.529
 38     8.758 53540.71418307 21.05  52.384340  66.962601 24.529
 38     8.761 53540.71418372 20.17  52.380910  66.965671 24.529
 39     2.583 53575.71417352 50.18  52.399414  66.955032 36.849
 39     2.517 53575.71417416 51.73  52.395994  66.958092 36.849
 39     2.495 53575.71417481 53.46  52.392564  66.961162 36.849
 39     2.495 53575.71417545 40.57  52.389134  66.964232 36.849
 39     2.560 53575.71417610 50.18  52.385694  66.967302 36.849
 39     2.627 53575.71417674 51.76  52.382264  66.970372 36.849
 40     2.318 53610.71412528 35.82  52.402792  66.958900 36.632
 40     2.318 53610.71412593 38.48  52.399362  66.961970 36.632
 40     2.242 53610.71412657 37.56  52.395932  66.965040 36.632
 40     1.928 53610.71412722 29.08  52.392502  66.968110 36.632
 40     2.252 53610.71412786 29.44  52.389072  66.971180 36.632
 40     2.304 53610.71412850 37.03  52.385632  66.974250 36.632
 41     3.625 53645.71412696 29.15  52.392046  66.946330 29.368
 41     3.439 53645.71412760 25.87  52.388606  66.949400 29.368
 41     3.510 53645.71412825 23.42  52.385176  66.952470 29.368
 41     3.617 53645.71412889 34.82  52.381746  66.955530 29.368
 41     3.592 53645.71412954 30.74  52.378316  66.958600 29.368
 41     4.562 53645.71413018 29.43  52.374886  66.961670 29.368
 42     5.804 53680.71414420 23.12  52.397927  66.950270 17.215
 42     5.362 53680.71414484 21.63  52.394497  66.953330 17.215
 42     5.215 53680.71414549 20.41  52.391077  66.956400 17.215
 42     4.525 53680.71414613 21.99  52.387647  66.959470 17.215
 42     4.635 53680.71414678 20.88  52.384217  66.962540 17.215
 42     4.549 53680.71414742 22.10  52.380777  66.965610 17.215
 43     3.424 53715.71407350 43.06  52.403717  66.959267 16.019
 43     3.237 53715.71407414 50.88  52.400287  66.962337 16.019
 43     3.291 53715.71407479 36.60  52.396857  66.965407 16.019
 43     3.084 53715.71407543 30.14  52.393427  66.968477 16.019
 43     3.471 53715.71407608 30.10  52.389987  66.971547 16.019
 43     3.354 53715.71407672 28.45  52.386557  66.974617 16.019
 44     5.339 53750.71398877 13.96  52.393654  66.946843  2.729
 44     5.275 53750.71398942 14.30  52.390224  66.949913  2.729
 44     4.552 53750.71399006 14.54  52.386794  66.952983  2.729
 44     4.740 53750.71399071 13.99  52.383364  66.956043  2.729
 44     4.794 53750.71399135 13.95  52.379924  66.959113  2.729
 44     4.706 53750.71399200 13.71  52.376494  66.962183  2.729
 45     4.998 53785.71402091 12.96  52.399048  66.957854  2.797
 45     5.045 53785.71402156 12.79  52.395628  66.960924  2.797
 45     4.459 53785.71402220 13.65  52.392188  66.963994  2.797
 45     4.983 53785.71402284 12.98  52.388758  66.967064  2.797
 45     4.847 53785.71402349 12.69  52.385328  66.970134  2.797
 46     6.512 53820.71398005 12.81  52.404919  66.966092  2.736
 46     6.342 53820.71398069 12.76  52.401489  66.969162  2.736
 46     5.828 53820.71398134 12.35  52.398059  66.972232  2.736
 46     6.257 53820.71398198 12.04  52.394619  66.975302  2.736
 46     5.611 53820.71398263 11.90  52.391189  66.978372  2.736
 46     5.293 53820.71398327 12.26  52.387759  66.981442  2.736
 47     1.684 53855.71406305 19.48  52.390935  66.947791 12.611
 47     1.662 53855.71406369 14.81  52.387505  66.950861 12.611
 47     1.780 53855.71406434 13.40  52.384075  66.953931 12.611
 47     4.014 53855.71406498 12.89  52.380645  66.957001 12.611
 47     1.839 53855.71406562 14.02  52.377215  66.960061 12.611
 48     8.746 53890.71407477 35.19  52.398814  66.953454 33.648
 48     8.934 53890.71407541 40.00  52.395384  66.956514 33.648
 48     8.942 53890.71407606 44.40  52.391944  66.959584 33.648
 48     8.938 53890.71407670 45.25  52.388514  66.962654 33.648
 48     8.898 53890.71407735 43.01  52.385084  66.965724 33.648
 48     8.878 53890.71407799 42.39  52.381654  66.968794 33.648
 49     3.230 53925.71413717 49.75  52.392134  66.945086 33.176
 49     3.370 53925.71413782 46.68  52.388704  66.948156 33.176
 49     3.304 53925.71413846 50.51  52.385274  66.951226 33.176
 49     3.336 53925.71413911 50.32  52.381844  66.954286 33.176
 49     3.353 53925.71413975 51.49  52.378414  66.957356 33.176
 49     3.269 53925.71414040 52.88  52.374984  66.960426 33.176
 50     6.628 53960.71412541 25.91  52.399484  66.951126 27.205
 50     8.334 53960.71412605 20.51  52.396054  66.954196 27.205
 50     5.315 53960.71412670 22.42  52.392634  66.957266 27.205
 50     5.697 53960.71412734 22.18  52.389204  66.960326 27.205
 50     5.571 53960.71412799 23.15  52.385774  66.963396 27.205
 50     5.607 53960.71412863 26.65  52.382334  66.966466 27.205
 51     3.470 53995.71406227 24.95  52.387065  66.943092 21.385
 51     3.642 53995.71406292 20.70  52.383635  66.946162 21.385
 51     4.880 53995.71406356 18.07  52.380205  66.949232 21.385
 51     6.963 53995.71406421 17.57  52.376775  66.952302 21.385
 51     5.011 53995.71406485 22.32  52.373335  66.955362 21.385
 52     2.659 54030.71411769 34.56  52.396122  66.946660 14.578
 52     2.648 54030.71411834 36.24  52.392692  66.949730 14.578
 52     2.733 54030.71411898 37.09  52.389262  66.952800 14.578
 52     2.921 54030.71411963 42.13  52.385832  66.955870 14.578
 52     2.753 54030.71412027 38.14  52.382392  66.958930 14.578
 52     2.767 54030.71412092 35.63  52.378962  66.962000 14.578
 54     4.939 54100.71407674 14.31  52.402574  66.958161  3.511
 54     4.337 54100.71407738 15.29  52.399154  66.961231  3.511
 54     3.589 54100.71407803 15.63  52.395724  66.964301  3.511
 54     2.699 54100.71407867 19.07  52.392294  66.967371  3.511
 54     3.875 54100.71407932 15.52  52.388854  66.970441  3.511
 54     3.993 54100.71407996 14.67  52.385424  66.973511  3.511
 55     5.596 54135.71403753 12.92  52.394919  66.945373  2.307
 55     6.923 54135.71403818 12.66  52.391499  66.948443  2.307
 55     5.687 54135.71403882 12.82  52.388069  66.951513  2.307
 55     5.592 54135.71403947 12.51  52.384639  66.954573  2.307
 55     5.328 54135.71404011 12.58  52.381199  66.957643  2.307
 55     4.791 54135.71404076 12.70  52.377769  66.960713  2.307
 57     6.033 54205.71404215  8.04  52.393686  66.944584  2.371
 57     6.099 54205.71404279  7.63  52.390256  66.947654  2.371
 57     6.258 54205.71404344  7.43  52.386836  66.950724  2.371
 57     5.909 54205.71404408  7.99  52.383396  66.953784  2.371
 57     5.347 54205.71404473  8.17  52.379966  66.956854  2.371
 57     5.747 54205.71404537  7.55  52.376536  66.959924  2.371
 58     8.853 54240.71407676 31.67  52.398920  66.950766 36.136
 58     8.666 54240.71407740 24.22  52.395490  66.953836 36.136
 58     8.777 54240.71407805 25.51  52.392060  66.956906 36.136
 58     8.797 54240.71407869 34.07  52.388630  66.959966 36.136
 58     8.778 54240.71407934 34.72  52.385200  66.963036 36.136
 58     8.737 54240.71407998 31.22  52.381770  66.966106 36.136
 59     7.886 54275.71409242 53.77  52.398640  66.951397 41.259
 59     7.957 54275.71409307 52.54  52.395220  66.954457 41.259
 59     7.980 54275.71409371 52.62  52.391790  66.957527 41.259
 59     7.991 54275.71409436 50.21  52.388350  66.960597 41.259
 59     7.955 54275.71409500 51.42  52.384920  66.963667 41.259
 59     7.944 54275.71409565 51.73  52.381490  66.966737 41.259
 61     4.108 54345.71406975 37.51  52.403115  66.959517 28.561
 61     3.921 54345.71407040 27.74  52.399685  66.962577 28.561
 61     4.045 54345.71407104 30.03  52.396255  66.965647 28.561
 61     4.091 54345.71407168 40.38  52.392825  66.968717 28.561
 61     3.948 54345.71407233 43.37  52.389385  66.971787 28.561
 61     3.781 54345.71407297 36.79  52.385955  66.974857 28.561
 62     8.182 54380.71402973 17.54  52.393523  66.948926 24.262
 62     8.302 54380.71403037 16.73  52.390093  66.951996 24.262
 62     7.992 54380.71403102 16.59  52.386653  66.955066 24.262
 62     5.302 54380.71403166 20.27  52.383223  66.958136 24.262
 62     5.221 54380.71403231 23.44  52.379793  66.961196 24.262
 63     4.116 54415.71401743 31.58  52.401133  66.954126 23.569
 63     4.187 54415.71401807 43.83  52.397703  66.957186 23.569
 63     4.075 54415.71401872 46.80  52.394283  66.960256 23.569
 63     4.107 54415.71401936 43.92  52.390853  66.963326 23.569
 63     4.221 54415.71402001 44.55  52.387413  66.966396 23.569
 63     4.017 54415.71402065 46.70  52.383983  66.969466 23.569
 64     5.157 54450.71399738 14.98  52.392604  66.946005  6.588
 64     4.609 54450.71399802 16.12  52.389174  66.949075  6.588
 64     3.900 54450.71399867 23.28  52.385744  66.952145  6.588
 64     3.861 54450.71399931 30.79  52.382314  66.955215  6.588
 64     3.704 54450.71399996 21.45  52.378884  66.958275  6.588
 64     4.002 54450.71400060 19.25  52.375444  66.961345  6.588
 65     4.026 54485.71401264 16.68  52.400281  66.951264  4.268
 65     3.597 54485.71401328 18.43  52.396851  66.954334  4.268
 65     3.210 54485.71401393 20.62  52.393421  66.957394  4.268
 65     3.270 54485.71401457 17.71  52.389991  66.960464  4.268
 65     2.861 54485.71401522 17.80  52.386561  66.963534  4.268
 65     3.681 54485.71401586 15.63  52.383131  66.966604  4.268
 66     5.982 54520.71401116 12.89  52.395542  66.948677  2.368
 66     5.984 54520.71401181 12.88  52.392112  66.951737  2.368
 66     6.255 54520.71401245 12.56  52.388682  66.954807  2.368
 66     4.874 54520.71401309 12.85  52.385252  66.957877  2.368
 66     4.527 54520.71401374 12.97  52.381812  66.960947  2.368
 66     4.856 54520.71401438 13.34  52.378382  66.964017  2.368
 67     1.642 54555.71402486  8.05  52.400118  66.957944  6.052
 67     1.726 54555.71402551  7.97  52.396688  66.961014  6.052
 67     1.568 54555.71402615 10.51  52.393258  66.964084  6.052
 67     1.907 54555.71402680  8.02  52.389828  66.967154  6.052
 67     1.872 54555.71402744  7.62  52.386398  66.970224  6.052
 67     4.638 54555.71402808  4.14  52.382958  66.973294  6.052
 68     4.931 54590.71400750 14.54  52.395769  66.949828  6.499
 68     4.547 54590.71400815 14.64  52.392349  66.952888  6.499
 68     3.757 54590.71400879 16.25  52.388919  66.955958  6.499
 68     3.425 54590.71400943 16.14  52.385479  66.959028  6.499
 68     2.773 54590.71401008 16.19  52.382049  66.962098  6.499
 68     2.468 54590.71401072 18.58  52.378619  66.965168  6.499
 69     9.966 54625.71402449 28.60  52.397772  66.954247 17.616
 69     9.704 54625.71402514 28.77  52.394342  66.957317 17.616
 69     9.510 54625.71402578 24.87  52.390912  66.960387 17.616
 69     9.436 54625.71402643 26.40  52.387482  66.963457 17.616
 69     9.810 54625.71402707 25.14  52.384052  66.966527 17.616
 70     6.759 54660.71403191 24.52  52.396474  66.949950 22.323
 70     8.442 54660.71403256 16.15  52.393044  66.953010 22.323
 70     8.474 54660.71403320 16.62  52.389614  66.956080 22.323
 70     8.649 54660.71403385 17.47  52.386184  66.959150 22.323
 70     8.360 54660.71403449 19.73  52.382754  66.962220 22.323
 70     5.578 54660.71403513 20.49  52.379314  66.965290 22.323
 71     9.364 54695.71401065 25.55  52.402247  66.955422 38.346
 71     2.241 54695.71401129 29.67  52.398817  66.958492 38.346
 71     2.317 54695.71401194 27.18  52.395387  66.961562 38.346
 71     2.278 54695.71401258 28.56  52.391957  66.964632 38.346
 71     2.309 54695.71401322 29.97  52.388527  66.967702 38.346
 71     2.304 54695.71401387 41.82  52.385097  66.970772 38.346
 72     4.170 54730.71398735 20.00  52.392695  66.949370 32.335
 72     4.126 54730.71398799 21.91  52.389265  66.952440 32.335
 72     4.235 54730.71398864 26.97  52.385835  66.955510 32.335
 72     4.122 54730.71398928 28.85  52.382395  66.958580 32.335
 72     4.259 54730.71398993 33.99  52.378965  66.961650 32.335
 73     8.587 54765.71398861 18.50  52.397741  66.952405 20.286
 73     8.698 54765.71398926 16.34  52.394311  66.955475 20.286
 73     7.665 54765.71398990 16.45  52.390881  66.958545 20.286
 73     4.256 54765.71399055 20.28  52.387451  66.961615 20.286
 73     4.671 54765.71399119 21.50  52.384011  66.964685 20.286
 73     7.493 54765.71399184 24.31  52.380581  66.967755 20.286
 74     4.600 54800.71398053 22.86  52.391849  66.946595  4.680
 74     4.219 54800.71398118 23.17  52.388419  66.949655  4.680
 74     4.001 54800.71398182 25.42  52.384989  66.952725  4.680
 74     3.983 54800.71398247 23.93  52.381549  66.955795  4.680
 74     4.015 54800.71398311 24.90  52.378119  66.958865  4.680
 75     5.906 54835.71398008 13.14  52.400181  66.951185  2.661
 75     5.214 54835.71398073 13.39  52.396751  66.954255  2.661
 75     5.152 54835.71398137 13.47  52.393321  66.957325  2.661
 75     4.662 54835.71398202 13.99  52.389891  66.960395  2.661
 75     3.400 54835.71398266 15.53  52.386461  66.963465  2.661
 75     5.068 54835.71398331 13.59  52.383031  66.966535  2.661
 76     5.140 54870.71397798 13.58  52.394716  66.945570  2.127
 76     5.092 54870.71397863 13.63  52.391286  66.948640  2.127
 76     5.093 54870.71397927 13.77  52.387866  66.951710  2.127
 76     5.430 54870.71397991 13.74  52.384426  66.954780  2.127
 76     4.760 54870.71398056 13.98  52.380996  66.957850  2.127
 76     5.113 54870.71398120 13.58  52.377566  66.960920  2.127
 77     5.715 54905.71398951 14.17  52.401429  66.957436  2.596
 77     5.976 54905.71399015 14.54  52.397999  66.960506  2.596
 77     4.943 54905.71399079 14.65  52.394569  66.963576  2.596
 77     4.523 54905.71399144 14.73  52.391139  66.966646  2.596
 77     4.748 54905.71399208 14.83  52.387709  66.969716  2.596
 77     4.892 54905.71399273 14.55  52.384279  66.972786  2.596
 78     5.446 54940.71397067 13.71  52.393720  66.948371  3.981
 78     1.961 54940.71397132 15.51  52.390290  66.951441  3.981
 78     1.975 54940.71397196 16.36  52.386860  66.954511  3.981
 78     2.193 54940.71397261 15.65  52.383430  66.957581  3.981
 78     2.015 54940.71397325 16.29  52.379990  66.960651  3.981
 78     3.973 54940.71397390 15.19  52.376560  66.963721  3.981
 79     8.096 54975.71399990 35.09  52.398161  66.948984 35.247
 79     8.068 54975.71400055 29.17  52.394741  66.952054 35.247
 79     7.784 54975.71400119 25.87  52.391311  66.955124 35.247
 79     7.731 54975.71400184 27.45  52.387881  66.958194 35.247
 79     7.870 54975.71400248 31.57  52.384441  66.961264 35.247
 79     8.033 54975.71400312 38.54  52.381011  66.964334 35.247
 80     8.565 55010.71401148 22.01  52.397906  66.954060 23.969
 80     7.804 55010.71401213 21.66  52.394476  66.957130 23.969
 80     7.666 55010.71401277 22.26  52.391046  66.960200 23.969
 80     7.890 55010.71401342 21.56  52.387616  66.963270 23.969
 80     8.230 55010.71401406 22.72  52.384186  66.966340 23.969
 81     6.822 55045.71400202 25.21  52.397860  66.950590 26.726
 81     8.336 55045.71400266 17.56  52.394430  66.953660 26.726
 81     4.687 55045.71400331 20.24  52.391000  66.956730 26.726
 81     2.054 55045.71400395 26.81  52.387570  66.959800 26.726
 81     2.229 55045.71400460 27.33  52.384130  66.962870 26.726
 81     2.255 55045.71400524 28.15  52.380700  66.965940 26.726
 82     1.888 55080.71397777 29.49  52.400900  66.959639 31.113
 82     1.991 55080.71397842 28.95  52.397470  66.962709 31.113
 82     2.023 55080.71397906 25.87  52.394040  66.965779 31.113
 82     2.070 55080.71397971 22.32  52.390610  66.968849 31.113
 82     2.362 55080.71398035 21.64  52.387180  66.971919 31.113
 82     2.271 55080.71398100 31.28  52.383740  66.974989 31.113
 83     5.206 55115.71393390 21.10  52.394238  66.949516 23.420
 83     3.870 55115.71393454 23.24  52.390808  66.952586 23.420
 83     4.091 55115.71393519 23.67  52.387378  66.955656 23.420
 83     4.331 55115.71393583 26.03  52.383938  66.958726 23.420
 83     4.405 55115.71393648 27.00  52.380508  66.961796 23.420
 84     4.539 55150.71393285 32.22  52.400691  66.950024 10.797
 84     4.534 55150.71393350 29.83  52.397261  66.953094 10.797
 84     4.258 55150.71393414 27.41  52.393831  66.956164 10.797
 84     3.323 55150.71393479 30.20  52.390401  66.959234 10.797
 84     3.081 55150.71393543 33.39  52.386971  66.962304 10.797
 84     2.954 55150.71393608 32.97  52.383541  66.965374 10.797
 85     5.215 55185.71391828 20.23  52.394077  66.945668  3.539
 85     4.789 55185.71391893 20.36  52.390647  66.948738  3.539
 85     5.057 55185.71391957 19.54  52.387227  66.951808  3.539
 85     4.015 55185.71392022 20.28  52.383787  66.954878  3.539
 85     4.252 55185.71392086 21.16  52.380357  66.957948  3.539
 85     4.081 55185.71392150 20.09  52.376927  66.961018  3.539
 86     7.640 55220.71393173 16.72  52.399010  66.953706  3.298
 86     5.471 55220.71393237 16.69  52.395580  66.956776  3.298
 86     6.776 55220.71393302 17.08  52.392150  66.959846  3.298
 86     3.900 55220.71393366 16.88  52.388720  66.962916  3.298
 86     6.418 55220.71393431 16.31  52.385290  66.965986  3.298
 86     6.276 55220.71393495 16.37  52.381860  66.969056  3.298
 87     5.657 55255.71391485 15.09  52.394978  66.949482  2.533
 87     5.134 55255.71391550 15.36  52.391558  66.952552  2.533
 87     4.626 55255.71391614 15.19  52.388128  66.955622  2.533
 87     4.200 55255.71391679 15.44  52.384688  66.958692  2.533
 87     4.031 55255.71391743 14.85  52.381258  66.961762  2.533
 87     4.056 55255.71391808 15.48  52.377828  66.964832  2.533
 88     7.603 55290.71392154  7.12  52.401834  66.958182  2.090
 88     8.099 55290.71392219  7.23  52.398404  66.961252  2.090
 88     7.828 55290.71392283  7.33  52.394974  66.964322  2.090
 88     7.815 55290.71392348  7.46  52.391544  66.967392  2.090
 88     7.764 55290.71392412  8.15  52.388114  66.970462  2.090
 88     8.046 55290.71392477  7.87  52.384684  66.973532  2.090
 89     9.208 55325.71390080 29.65  52.396465  66.950759 27.088
 89     8.905 55325.71390144 27.00  52.393035  66.953829 27.088
 89     8.906 55325.71390209 27.45  52.389605  66.956899 27.088
 89     8.843 55325.71390273 29.52  52.386175  66.959969 27.088
 89     8.774 55325.71390338 31.31  52.382745  66.963039 27.088
 89     8.695 55325.71390402 34.12  52.379305  66.966109 27.088
 90     8.749 55360.71389838 18.63  52.398650  66.954386 27.727
 90     7.855 55360.71389903 17.41  52.395220  66.957456 27.727
 90     7.638 55360.71389967 15.64  52.391790  66.960526 27.727
 90     7.286 55360.71390032 15.90  52.388360  66.963596 27.727
 90     7.908 55360.71390096 16.74  52.384930  66.966666 27.727
 90     8.094 55360.71390161 23.49  52.381490  66.969736 27.727
 91     3.073 55395.71390334 28.43  52.393628  66.948899 26.299
 91     3.184 55395.71390398 24.96  52.390198  66.951969 26.299
 91     3.147 55395.71390463 24.80  52.386768  66.955039 26.299
 91     3.211 55395.71390527 25.52  52.383338  66.958109 26.299
 91     5.195 55395.71390592 26.75  52.379898  66.961179 26.299
 92     2.271 55430.71391320 32.14  52.399224  66.951003 27.548
 92     2.162 55430.71391384 35.63  52.395794  66.954073 27.548
 92     2.031 55430.71391449 22.56  52.392364  66.957143 27.548
 92     4.122 55430.71391513 23.28  52.388934  66.960213 27.548
 92     2.290 55430.71391577 25.33  52.385494  66.963283 27.548
 92     4.366 55430.71391642 24.07  52.382064  66.966353 27.548
 93     8.406 55465.71387592 20.23  52.403824  66.960955 26.103
 93     5.799 55465.71387657 21.14  52.400394  66.964025 26.103
 93     3.882 55465.71387721 30.87  52.396964  66.967095 26.103
 93     4.002 55465.71387786 23.90  52.393534  66.970165 26.103
 93     3.768 55465.71387850 24.43  52.390104  66.973235 26.103
 93     3.760 55465.71387915 24.91  52.386664  66.976305 26.103
