-183451.978   142.740     0.00    9.28
-183085.333   139.746    -8.17    9.87
-182718.615   135.103   -12.66    9.88
-182351.822   130.910   -11.43    8.48
-181984.954   128.454    -6.69    5.56
-181618.012   129.388     2.54    5.70
-181250.996   132.308     7.96    6.35
-180883.906   136.343    10.99    5.13
-180516.741   138.988     7.20    3.47
-180149.502   140.856     5.09    3.14
-179782.188   142.187     3.62    3.68
-179414.799   144.326     5.82    4.00
-179047.336   145.767     3.92    3.36
-178679.798   146.076     0.84    3.69
-178312.186   144.508    -4.27    4.21
-177944.498   144.310    -0.54    5.10
-177576.736   144.964     1.78    5.85
-177208.899   145.863     2.44    6.07
-176840.987   146.526     1.80    5.48
-176473.000   145.698    -2.25    4.82
-176104.939   144.345    -3.67    3.88
-175736.802   144.274    -0.19    4.20
-175368.590   143.959    -0.86    4.22
-175000.303   145.176     3.30    7.64
-174631.940   147.076     5.16    9.97
-174263.503   149.421     6.36   10.50
-173894.990   149.928     1.38    9.86
-173526.402   149.954     0.07    8.43
-173157.739   150.363     1.11    6.82
-172789.000   150.417     0.14    6.35
-172420.185   150.531     0.31    5.43
-172051.296   150.324    -0.56    4.48
-171682.330   149.579    -2.02    3.37
-171313.289   151.350     4.80    4.92
-170944.173   154.712     9.11    5.58
-170574.980   156.888     5.89    5.46
-170205.712   159.164     6.16    4.37
-169836.369   161.010     5.00    5.83
-169466.949   159.512    -4.06    8.14
-169097.454   156.944    -6.95   11.25
-168727.882   151.971   -13.45   14.83
-168358.235   148.262   -10.03   15.18
-167988.512   145.198    -8.29   13.50
-167618.712   146.509     3.55   10.57
-167248.837   148.792     6.17    7.11
-166878.885   149.943     3.11    5.71
-166508.857   151.502     4.21    4.49
-166138.753   150.842    -1.78    5.66
-165768.573   146.199   -12.54   10.33
-165398.316   139.314   -18.60   13.58
-165027.983   132.156   -19.33   12.22
-164657.574   128.186   -10.72    9.81
-164287.088   127.627    -1.51    9.78
-163916.525   129.006     3.72   11.00
-163545.886   133.296    11.57   11.05
-163175.171   136.345     8.23    7.43
-162804.378   136.665     0.86    6.66
-162433.509   133.835    -7.63    8.04
-162062.564   128.480   -14.43    9.95
-161691.541   120.842   -20.58   11.84
-161320.442   114.617   -16.77   10.36
-160949.265   109.426   -13.98    7.81
-160578.012   105.473   -10.65    7.81
-160206.682   102.322    -8.49    6.67
-159835.274   101.091    -3.31    5.16
-159463.790   100.177    -2.46    3.95
-159092.229   101.903     4.65    4.19
-158720.590   103.077     3.16    4.14
-158348.874   103.543     1.25    4.28
-157977.081   104.297     2.03    5.07
-157605.210   102.090    -5.94    6.53
-157233.262    99.574    -6.77    7.57
-156861.237    95.939    -9.77    7.05
-156489.134    92.462    -9.34    4.75
-156116.954    89.531    -7.88    4.38
-155744.696    88.165    -3.67    4.79
-155372.361    86.622    -4.14    4.67
-154999.947    84.617    -5.38    3.86
-154627.457    83.047    -4.22    3.23
-154254.888    82.080    -2.59    3.49
-153882.242    81.583    -1.33    3.53
-153509.517    80.964    -1.66    3.60
-153136.715    80.489    -1.27    3.78
-152763.835    79.617    -2.34    3.22
-152390.877    78.399    -3.26    2.13
-152017.841    79.268     2.33    2.70
-151644.727    79.155    -0.30    3.71
-151271.534    77.564    -4.26    4.78
-150898.264    76.197    -3.66    4.82
-150524.915    74.409    -4.79    3.92
-150151.488    72.487    -5.15    3.40
-149777.982    70.950    -4.12    2.98
-149404.398    69.016    -5.18    3.11
-149030.736    67.250    -4.73    2.75
-148656.995    66.548    -1.88    2.41
-148283.176    66.579     0.09    2.33
-147909.278    67.803     3.27    2.88
-147535.302    67.452    -0.94    3.09
-147161.247    66.154    -3.47    4.36
-146787.113    64.100    -5.49    5.02
-146412.900    61.669    -6.50    3.69
-146038.609    59.752    -5.12    2.15
-145664.238    58.575    -3.14    2.56
-145289.789    57.633    -2.52    2.77
-144915.261    57.071    -1.50    2.45
-144540.653    56.433    -1.70    2.26
-144165.967    56.576     0.38    2.18
-143791.201    56.822     0.66    1.72
-143416.357    56.669    -0.41    1.78
-143041.433    56.155    -1.37    2.35
-142666.430    54.358    -4.79    4.09
-142291.347    52.144    -5.90    4.84
-141916.185    49.280    -7.63    4.55
-141540.944    46.751    -6.74    3.59
-141165.623    45.964    -2.10    3.04
-140790.223    45.946    -0.05    3.20
-140414.743    46.764     2.18    3.03
-140039.184    48.385     4.32    3.40
-139663.545    50.154     4.71    2.99
-139287.826    51.035     2.34    2.30
-138912.027    50.175    -2.29    3.11
-138536.149    48.367    -4.81    3.83
-138160.190    46.271    -5.57    3.64
-137784.152    45.952    -0.85    3.79
-137408.034    46.533     1.54    4.35
-137031.836    47.399     2.30    4.61
-136655.558    48.016     1.64    4.11
-136279.199    47.558    -1.22    4.26
-135902.760    45.901    -4.40    4.63
-135526.242    43.888    -5.35    4.56
-135149.643    41.548    -6.21    3.56
-134772.963    39.877    -4.43    3.07
-134396.203    38.584    -3.43    2.61
-134019.363    38.143    -1.17    2.35
-133642.442    39.002     2.28    2.94
-133265.441    40.237     3.27    2.95
-132888.359    40.778     1.43    3.47
-132511.197    38.726    -5.44    5.58
-132133.954    35.814    -7.72    5.99
-131756.630    33.111    -7.16    4.90
-131379.225    31.595    -4.02    4.31
-131001.740    33.459     4.94    5.98
-130624.173    36.703     8.59    7.80
-130246.526    40.627    10.39    8.74
-129868.798    45.754    13.57    8.86
-129490.988    51.248    14.54    8.38
-129113.098    56.709    14.45    8.14
-128735.126    60.343     9.61    7.30
-128357.074    63.274     7.75    6.22
-127978.940    65.299     5.36    5.32
-127600.724    67.774     6.54    5.10
-127222.428    70.196     6.40    6.16
-126844.050    72.803     6.89    5.98
-126465.590    74.891     5.52    6.54
-126087.049    76.674     4.71    7.29
-125708.427    77.217     1.43    7.29
-125329.722    77.122    -0.25    6.30
-124950.937    75.964    -3.06    5.75
-124572.069    73.991    -5.21    5.21
-124193.120    74.403     1.09    4.69
-123814.088    76.144     4.59    5.26
-123434.975    78.491     6.19    5.93
-123055.780    83.111    12.18    6.27
-122676.504    87.238    10.88    6.24
-122297.145    90.258     7.96    5.65
-121917.704    92.301     5.38    5.23
-121538.180    93.724     3.75    3.88
-121158.575    94.601     2.31    3.42
-120778.887    96.971     6.24    3.50
-120399.118    98.469     3.94    3.41
-120019.265    98.477     0.02    3.26
-119639.331    98.372    -0.28    3.61
-119259.314    96.548    -4.80    4.44
-118879.214    93.827    -7.16    5.19
-118499.032    90.301    -9.27    4.73
-118118.767    87.133    -8.33    6.00
-117738.420    83.707    -9.01    7.05
-117357.990    81.435    -5.97    6.79
-116977.477    78.017    -8.98    6.81
-116596.881    75.456    -6.73    6.54
-116216.203    71.941    -9.23    7.62
-115835.441    68.333    -9.48    8.42
-115454.597    63.768   -11.98    6.48
-115073.669    60.806    -7.77    5.24
-114692.659    58.005    -7.35    5.06
-114317.971    55.792    -5.91    6.36
-113952.664    52.228    -9.75    6.70
-113587.282    48.674    -9.73    5.31
-113221.824    45.235    -9.41    3.88
-112856.292    43.741    -4.09    3.37
-112490.683    42.649    -2.99    3.08
-112125.000    40.869    -4.87    3.18
-111759.240    39.069    -4.92    3.53
-111393.406    38.385    -1.87    3.45
-111027.495    37.508    -2.40    3.59
-110661.509    38.674     3.19    4.14
-110295.448    41.339     7.28    4.95
-109929.310    44.555     8.78    4.41
-109563.097    47.195     7.21    2.93
-109196.808    48.024     2.26    2.11
-108830.443    47.175    -2.32    2.59
-108464.003    46.016    -3.16    3.05
-108097.486    43.962    -5.60    3.21
-107730.893    41.685    -6.21    3.35
-107364.225    39.825    -5.07    3.02
-106997.480    37.903    -5.24    2.69
-106630.659    36.855    -2.86    2.37
-106263.762    36.256    -1.63    2.38
-105896.788    35.820    -1.19    2.23
-105529.739    35.539    -0.77    2.40
-105162.613    34.764    -2.11    3.16
-104795.410    32.038    -7.42    5.08
-104428.132    29.091    -8.02    6.41
-104060.776    25.498    -9.78    6.19
-103693.345    23.237    -6.15    5.01
-103325.836    22.526    -1.93    4.45
-102958.251    22.643     0.32    4.65
-102590.590    22.807     0.44    4.67
-102222.851    25.101     6.24    5.06
-101855.036    27.733     7.15    6.13
-101487.144    31.059     9.04    5.39
-101119.176    32.710     4.49    3.20
-100751.130    32.513    -0.53    2.93
-100383.007    32.030    -1.31    2.62
-100014.808    32.013    -0.04    2.41
 -99646.531    33.545     4.16    3.00
 -99278.177    35.111     4.25    2.53
 -98909.747    36.695     4.30    3.84
 -98541.239    38.164     3.99    4.38
 -98172.653    39.310     3.11    4.60
 -97803.991    41.206     5.14    4.25
 -97435.251    42.494     3.49    3.86
 -97066.434    43.143     1.76    3.67
 -96697.539    44.034     2.41    2.31
 -96328.567    43.514    -1.41    2.61
 -95959.517    42.937    -1.56    2.80
 -95590.390    42.049    -2.40    2.88
 -95221.185    40.848    -3.25    3.61
 -94851.902    39.236    -4.37    3.64
 -94482.542    37.206    -5.49    2.47
 -94113.104    35.528    -4.54    1.73
 -93743.588    34.975    -1.50    2.45
 -93373.994    34.014    -2.60    2.73
 -93004.323    33.247    -2.08    2.60
 -92634.573    32.717    -1.43    2.53
 -92264.745    32.215    -1.36    2.83
 -91894.840    31.937    -0.75    3.02
 -91524.856    31.153    -2.12    2.93
 -91154.794    30.771    -1.03    2.81
 -90784.654    30.215    -1.50    2.89
 -90414.435    30.122    -0.25    2.34
 -90044.139    30.299     0.48    2.34
 -89673.764    30.760     1.24    2.23
 -89303.310    31.303     1.46    1.92
 -88932.778    31.528     0.61    1.76
 -88562.168    31.122    -1.10    2.04
 -88191.479    30.918    -0.55    2.17
 -87820.711    30.470    -1.21    2.60
 -87449.865    29.638    -2.24    2.66
 -87078.940    28.948    -1.86    2.61
 -86707.937    29.184     0.64    2.84
 -86336.854    29.294     0.30    2.74
 -85965.693    29.810     1.39    2.86
 -85594.453    29.448    -0.97    3.10
 -85223.133    29.669     0.60    2.77
 -84851.735    30.236     1.52    2.96
 -84480.258    30.735     1.34    3.60
 -84108.702    32.452     4.62    4.03
 -83737.066    34.069     4.35    3.81
 -83365.352    34.823     2.03    3.43
 -82993.558    35.566     2.00    2.51
 -82621.684    34.122    -3.88    3.00
 -82249.732    33.301    -2.21    2.78
 -81877.700    32.867    -1.17    2.75
 -81505.589    33.476     1.64    3.72
 -81133.398    34.848     3.69    4.29
 -80761.127    37.060     5.94    4.62
 -80388.777    40.466     9.15    3.99
 -80016.347    42.133     4.47    3.88
 -79643.838    43.102     2.60    4.19
 -79271.249    43.398     0.79    4.61
 -78898.580    43.326    -0.19    4.95
 -78525.831    42.329    -2.68    5.03
 -78153.002    41.396    -2.50    4.86
 -77780.094    39.916    -3.97    4.50
 -77407.105    38.915    -2.68    3.79
 -77034.036    38.011    -2.42    2.83
 -76660.888    37.799    -0.57    2.73
 -76287.659    37.463    -0.90    2.14
 -75914.349    37.480     0.05    2.18
 -75540.960    37.306    -0.47    2.56
 -75167.490    37.236    -0.19    2.68
 -74793.940    37.393     0.42    2.71
 -74420.310    37.575     0.49    2.88
 -74046.599    38.185     1.63    3.09
 -73672.807    38.701     1.38    3.20
 -73298.935    39.017     0.84    3.20
 -72924.982    39.528     1.37    3.30
 -72550.949    40.491     2.57    3.47
 -72176.835    41.555     2.85    3.60
 -71802.640    43.206     4.41    3.53
 -71428.364    45.518     6.18    4.78
 -71054.008    45.810     0.78    6.43
 -70679.570    43.452    -6.30    9.35
 -70305.052    38.858   -12.27   10.28
 -69930.452    34.195   -12.45    6.95
 -69555.771    32.922    -3.40    4.18
 -69181.010    33.772     2.27    3.31
 -68806.167    34.601     2.21    2.85
 -68431.243    35.153     1.47    3.19
 -68056.237    36.437     3.42    2.81
 -67681.150    36.714     0.74    2.49
 -67305.982    36.552    -0.43    2.24
 -66930.732    35.341    -3.23    2.44
 -66555.401    34.184    -3.08    2.52
 -66179.989    33.102    -2.88    2.10
 -65804.494    33.039    -0.17    1.84
 -65428.918    32.867    -0.46    1.84
 -65053.261    32.308    -1.49    1.90
 -64677.521    31.406    -2.40    1.83
 -64301.700    30.510    -2.38    1.89
 -63925.797    30.100    -1.09    1.66
 -63549.812    30.367     0.71    1.50
 -63173.745    30.903     1.43    1.59
 -62797.595    32.060     3.08    1.67
 -62421.364    33.294     3.28    1.97
 -62045.051    34.490     3.18    2.01
 -61668.656    35.644     3.07    1.75
 -61292.178    36.612     2.57    1.85
 -60915.618    37.035     1.12    1.85
 -60538.975    37.073     0.10    2.28
 -60162.251    37.933     2.28    2.87
 -59785.443    40.282     6.23    4.79
 -59408.554    44.377    10.87    6.03
 -59031.581    48.429    10.75    5.75
 -58654.527    52.480    10.75    4.58
 -58277.389    55.490     7.98    4.40
 -57900.169    57.025     4.07    3.85
 -57522.866    55.959    -2.83    4.66
 -57145.480    53.817    -5.68    4.46
 -56768.011    52.442    -3.64    3.38
 -56390.459    52.841     1.06    3.05
 -56012.824    53.867     2.72    3.20
 -55635.107    54.771     2.39    3.28
 -55257.306    54.276    -1.31    3.18
 -54879.422    53.343    -2.47    2.87
 -54501.455    53.403     0.16    2.49
 -54123.404    53.185    -0.58    2.61
 -53745.270    51.990    -3.16    3.43
 -53367.053    50.238    -4.63    4.23
 -52988.753    47.483    -7.28    4.07
 -52610.369    45.459    -5.35    2.66
 -52231.901    44.473    -2.61    2.64
 -51853.350    43.799    -1.78    3.15
 -51474.715    42.341    -3.85    3.71
 -51095.997    41.248    -2.88    3.49
 -50717.194    41.277     0.08    3.31
 -50338.308    42.496     3.22    3.64
 -49959.338    43.985     3.93    2.92
 -49580.284    45.602     4.27    2.36
 -49201.147    47.847     5.92    3.34
 -48821.925    49.799     5.15    4.19
 -48442.619    51.205     3.71    3.66
 -48063.229    51.418     0.56    4.17
 -47683.754    51.091    -0.86    5.42
 -47304.196    51.112     0.06    6.29
 -46924.553    53.459     6.18    7.32
 -46544.826    56.957     9.21    5.94
 -46165.014    60.570     9.51    4.06
 -45785.118    63.480     7.66    3.45
 -45405.138    64.622     3.01    2.96
 -45025.073    65.030     1.07    3.27
 -44644.923    65.405     0.99    3.77
 -44264.688    65.122    -0.74    4.65
 -43884.369    65.269     0.39    6.58
 -43503.965    63.906    -3.58    7.80
 -43123.476    63.224    -1.79    8.77
 -42742.903    63.060    -0.43    8.51
 -42362.244    61.459    -4.21    7.25
 -41981.500    58.286    -8.33    6.14
 -41600.671    54.091   -11.02    6.51
 -41219.757    50.143   -10.36    6.55
 -40838.758    47.051    -8.11    5.54
 -40457.674    46.102    -2.49    4.93
 -40076.504    46.473     0.97    5.35
 -39696.170    46.449    -0.06    5.45
 -39331.098    45.555    -2.45    5.60
 -38965.948    43.885    -4.57    5.38
 -38600.721    40.524    -9.20    3.86
 -38235.417    38.133    -6.55    3.56
 -37870.036    36.606    -4.18    2.49
 -37504.578    36.173    -1.18    2.81
 -37139.042    36.234     0.16    3.20
 -36773.430    36.659     1.16    3.37
 -36407.739    36.357    -0.83    3.49
 -36041.972    35.176    -3.23    3.62
 -35676.127    33.673    -4.11    4.53
 -35310.204    31.835    -5.02    5.36
 -34944.204    29.577    -6.17    5.06
 -34578.127    28.841    -2.01    4.69
 -34211.971    29.364     1.43    4.92
 -33845.738    30.365     2.73    4.44
 -33479.428    30.248    -0.32    3.83
 -33113.039    28.860    -3.79    3.57
 -32746.573    27.730    -3.08    2.77
 -32380.029    28.853     3.06    3.85
 -32013.406    30.414     4.26    4.47
 -31646.706    31.648     3.37    3.92
 -31279.928    32.235     1.60    3.07
 -30913.072    31.653    -1.58    3.07
 -30546.137    30.385    -3.46    2.21
 -30179.125    29.480    -2.46    2.10
 -29812.034    29.122    -0.98    2.63
 -29444.865    29.036    -0.24    3.32
 -29077.617    28.561    -1.29    3.55
 -28710.291    27.618    -2.57    3.66
 -28342.887    25.903    -4.67    3.76
 -27975.404    24.510    -3.79    3.70
 -27607.843    23.452    -2.88    3.10
 -27240.203    22.773    -1.85    2.68
 -26872.484    22.939     0.45    3.09
 -26504.687    23.993     2.86    4.00
 -26136.811    24.607     1.67    4.18
 -25768.856    25.143     1.46    3.93
 -25400.823    25.429     0.78    3.05
 -25032.710    24.602    -2.25    2.88
 -24664.519    22.264    -6.35    3.94
 -24296.249    18.961    -8.97    4.66
 -23927.899    15.597    -9.13    4.24
 -23559.471    12.867    -7.41    3.05
 -23190.963    11.370    -4.06    2.18
 -22822.376    10.408    -2.61    1.80
 -22453.710     9.745    -1.80    1.77
 -22084.965     9.274    -1.28    1.71
 -21716.140     8.885    -1.05    1.17
 -21347.236     8.783    -0.28    0.97
 -20978.252     9.004     0.60    0.96
 -20609.189     9.273     0.73    0.89
 -20240.047     9.337     0.17    0.82
 -19870.825     9.343     0.02    0.98
 -19501.523     9.049    -0.79    1.19
 -19132.141     8.830    -0.59    1.22
 -18762.680     8.827    -0.01    1.20
 -18393.139     9.133     0.83    1.16
 -18023.518     9.673     1.46    0.73
 -17653.817     9.785     0.30    0.56
 -17284.037     9.735    -0.14    0.73
 -16914.176     9.899     0.44    1.35
 -16544.235    10.779     2.38    2.57
 -16174.214    11.700     2.49    2.73
 -15804.113    12.173     1.28    2.60
 -15433.932    11.975    -0.54    2.83
 -15063.671    10.663    -3.54    2.61
 -14693.329     9.453    -3.27    1.73
 -14322.907     8.796    -1.77    0.71
 -13952.404     8.830     0.09    0.65
 -13581.821     8.926     0.26    0.55
 -13211.157     9.073     0.40    0.71
 -12840.413     9.324     0.68    0.99
 -12469.588     9.577     0.68    0.97
 -12098.683     9.908     0.89    0.81
 -11727.697    10.183     0.74    0.86
 -11356.630    10.351     0.45    0.85
 -10985.482    10.567     0.58    1.02
 -10614.253    10.628     0.16    1.05
 -10242.944    10.712     0.23    1.06
  -9871.553    10.673    -0.10    1.27
  -9500.082    10.676     0.01    1.40
  -9128.529    10.623    -0.14    1.40
  -8756.895    10.824     0.54    1.30
  -8385.180    10.683    -0.38    1.16
  -8013.384    10.586    -0.26    0.96
  -7641.506     9.951    -1.71    1.08
  -7269.547     9.924    -0.07    1.36
  -6897.507     9.931     0.02    1.47
  -6525.385     9.809    -0.33    1.60
  -6153.181     9.476    -0.89    1.70
  -5780.897     9.163    -0.84    1.63
  -5408.530     8.675    -1.31    1.28
  -5036.082     8.365    -0.83    0.96
  -4663.552     8.218    -0.40    1.04
  -4290.940     8.204    -0.04    1.05
  -3918.247     8.143    -0.16    0.97
  -3545.471     7.931    -0.57    2.40
  -3172.614     6.153    -4.77    4.80
  -2799.674     2.623    -9.47    5.87
  -2426.653    -0.387    -8.07    4.83
  -2053.549    -2.826    -6.54    0.41
  -1680.364    -2.257     1.52    2.32
  -1307.096     0.163     6.48    5.34
   -933.746     1.763     4.28    6.09
   -560.313     2.143     1.02    6.17
   -186.799     3.929     4.78    8.34
    186.799    10.872    18.58   16.20
    560.478    20.813    26.60   18.17
    934.241    30.987    27.22   12.61
   1308.085    35.793    12.86    6.26
   1682.013    36.310     1.38    6.90
   2056.023    37.765     3.89    7.30
   2430.116    39.337     4.20    7.02
   2804.292    39.294    -0.11    6.49
   3178.550    39.523     0.61    6.45
   3552.892    41.945     6.47    7.44
   3927.316    45.203     8.70    7.17
   4301.823    45.776     1.53    7.95
   4676.414    40.143   -15.04   13.49
   5051.088    32.027   -21.66   14.45
   5425.844    29.703    -6.20   13.83
   5800.684    31.763     5.50   15.83
   6175.608    37.853    16.24   13.91
   6550.614    43.984    16.35    8.51
   6925.705    46.013     5.41    5.77
   7300.878    45.372    -1.71    5.49
   7676.135    42.092    -8.74    7.52
   8051.476    36.101   -15.96    8.79
   8426.900    27.688   -22.41    9.22
   8802.408    21.020   -17.76    8.57
   9177.999    14.973   -16.10    6.14
   9553.675    11.277    -9.84    3.14
   9929.434     9.803    -3.92    1.31
  10305.277    10.153     0.93    1.80
  10681.204    10.602     1.19    2.30
  11057.216    10.663     0.16    2.56
  11433.311    10.490    -0.46    2.66
  11809.490    10.172    -0.85    2.44
  12185.754    10.246     0.20    2.13
  12562.101     9.933    -0.83    1.67
  12938.533    10.101     0.45    1.99
  13315.050    11.846     4.63    4.69
  13691.650    16.526    12.43    8.82
  14068.335    20.271     9.94    8.02
  14445.105    23.546     8.69    5.59
  14821.959    23.529    -0.05    4.79
  15198.898    22.941    -1.56    3.60
  15575.922    26.954    10.64    7.26
  15953.030    32.081    13.59    8.99
  16330.223    39.348    19.27    9.27
  16707.501    46.694    19.47    9.59
  17084.864    52.806    16.20   10.09
  17462.312    59.622    18.06   10.10
  17839.845    65.743    16.21    8.74
  18217.462    70.061    11.44    7.80
  18595.165    75.941    15.57   10.48
  18972.954    82.623    17.69   13.03
  19350.827    89.923    19.32   12.26
  19728.786    95.543    14.87    9.17
  20106.830    96.720     3.12    8.83
  20484.959    95.925    -2.10    8.00
  20863.174    95.510    -1.10    6.83
  21241.475    97.951     6.45    8.58
  21619.861   102.092    10.94    9.87
  21998.333   106.698    12.17    9.85
  22376.890   112.153    14.41    8.20
  22755.533   113.803     4.36    6.74
  23134.262   114.961     3.06    5.87
  23513.077   112.053    -7.68    7.56
  23891.978   107.112   -13.04    8.68
  24270.965   100.519   -17.40   10.44
  24650.038    91.643   -23.41    9.93
  25029.196    83.423   -21.68    9.78
  25408.442    76.810   -17.44    6.62
  25787.773    71.548   -13.87    8.01
  26167.190    67.133   -11.64    8.57
  26546.694    60.925   -16.36    9.46
  26926.285    55.296   -14.83    7.47
  27305.961    51.971    -8.76    6.99
  27685.725    47.996   -10.47    8.53
  28065.575    42.133   -15.44    9.98
  28445.511    35.931   -16.32    8.03
  28825.534    32.212    -9.79    4.71
  29205.644    30.294    -5.05    3.32
  29585.841    28.657    -4.30    3.80
  29966.124    27.377    -3.37    4.06
  30346.495    25.044    -6.14    2.84
  30726.952    23.165    -4.94    1.87
  31107.497    21.826    -3.52    2.12
  31488.128    20.445    -3.63    2.35
  31868.847    19.707    -1.94    2.14
  32249.653    19.901     0.51    2.04
  32630.546    20.380     1.26    1.88
  33011.527    22.747     6.21    4.47
  33392.594    26.519     9.90    6.29
  33773.750    28.622     5.52    5.86
  34154.993    29.063     1.16    5.14
  34536.323    27.739    -3.47    4.17
  34917.741    26.004    -4.55    3.72
  35287.532    24.284    -4.65    4.65
  35652.443    23.913    -1.02    4.40
  36017.433    22.633    -3.51    4.13
  36382.502    21.062    -4.30    3.82
  36747.650    20.564    -1.36    4.27
  37112.877    18.513    -5.62    4.68
  37478.183    16.373    -5.86    4.59
  37843.568    15.708    -1.82    4.75
  38209.032    16.293     1.60    5.00
  38574.576    18.231     5.30    6.04
  38940.198    21.469     8.86    7.96
  39305.900    25.598    11.29    7.35
  39671.681    31.365    15.77    8.12
  40037.542    36.463    13.93    7.80
  40403.482    41.162    12.84    7.43
  40769.501    46.022    13.28    5.82
  41135.601    49.303     8.96    6.00
  41501.779    52.299     8.18    5.95
  41868.038    54.956     7.25    6.94
  42234.376    59.154    11.46    7.05
  42600.793    62.042     7.88    6.05
  42967.291    62.854     2.22    5.21
  43333.868    62.830    -0.07    5.88
  43700.526    64.495     4.54    7.63
  44067.263    68.756    11.62    9.60
  44434.080    74.994    17.01   10.82
  44800.978    81.729    18.36   10.45
  45167.955    88.653    18.87    9.25
  45535.013    94.456    15.81    7.01
  45902.151    98.719    11.61    5.49
  46269.369   101.717     8.17    5.32
  46636.667   103.768     5.58    5.21
  47004.046   104.603     2.27    5.63
  47371.506   103.964    -1.74    7.03
  47739.045   101.850    -5.75    8.50
  48106.666   101.789    -0.16   10.72
  48474.366   105.953    11.32   14.13
  48842.148   113.966    21.79   12.80
  49210.010   122.351    22.80    9.21
  49577.953   125.875     9.58    6.51
  49945.977   127.031     3.14    5.30
  50314.081   125.133    -5.16    6.59
  50682.267   120.052   -13.80    9.09
  51050.533   112.443   -20.66   10.94
  51418.880   102.994   -25.65   13.62
  51787.309    91.820   -30.33   12.35
  52155.819    84.780   -19.10   10.43
  52524.409    78.459   -17.15    8.04
  52893.081    75.348    -8.44    7.13
  53261.834    73.335    -5.46    7.50
  53630.669    72.133    -3.26    6.31
  53999.585    73.423     3.50    7.98
  54368.582    77.456    10.93    9.20
  54737.661    82.687    14.17    7.96
  55106.821    87.613    13.34    7.70
  55476.063    91.192     9.69    7.39
  55845.387    95.367    11.30    6.28
  56214.792    98.574     8.68    5.89
  56584.279    99.769     3.23    5.40
  56953.848   101.063     3.50    5.23
  57323.499   100.907    -0.42    5.41
  57693.232    99.890    -2.75    5.33
  58063.046    97.888    -5.42    6.41
  58432.943    95.973    -5.18    7.17
  58802.922    94.618    -3.66    7.81
  59172.982    93.809    -2.18    8.53
  59543.125    96.201     6.46    9.03
  59913.351    97.813     4.35    8.55
  60283.658    98.093     0.76    6.61
  60654.048    97.074    -2.75    5.92
  61024.520    93.823    -8.78    7.33
  61395.075    88.878   -13.35    9.30
  61765.712    84.068   -12.98    8.87
  62136.432    80.770    -8.90    7.74
  62507.234    79.459    -3.53    6.08
  62878.119    78.853    -1.64    6.15
  63249.087    78.843    -0.03    6.21
  63620.138    79.232     1.05    5.89
  63991.271    78.380    -2.29    6.04
  64362.488    77.113    -3.41    7.49
  64733.787    75.667    -3.89    7.25
  65105.169    72.153    -9.46    6.40
  65476.634    70.074    -5.60    6.27
  65848.183    66.799    -8.82    6.13
  66219.815    63.686    -8.38    6.43
  66591.529    58.853   -13.00    7.93
  66963.327    52.861   -16.12    9.78
  67335.209    49.973    -7.77    9.57
  67707.174    47.701    -6.11    9.02
  68079.222    41.905   -15.58   13.08
  68451.354    36.743   -13.87   15.77
  68823.569    32.015   -12.70   15.41
  69195.868    26.039   -16.05   13.62
  69568.250    27.642     4.31   13.61
  69940.717    32.122    12.03   14.22
  70313.267    37.593    14.69   12.80
  70685.901    42.222    12.42   10.13
  71058.619    46.750    12.15   10.33
  71431.420    53.103    17.04    9.26
  71804.306    58.103    13.41    9.06
  72177.276    59.760     4.44    8.11
  72550.330    59.153    -1.63    9.31
  72923.468    57.094    -5.52    9.60
  73296.690    53.112   -10.67    9.13
  73669.997    49.437    -9.84    9.30
  74043.388    46.122    -8.88    8.04
  74416.863    42.809    -8.87    5.48
  74790.423    41.739    -2.87    4.63
  75164.067    42.803     2.85    5.31
  75537.796    42.172    -1.69    6.33
  75911.609    41.025    -3.07    7.05
  76285.507    41.603     1.55    8.41
  76659.490    42.350     2.00    7.87
  77033.558    44.731     6.36    4.76
  77407.711    44.347    -1.03    4.03
  77781.948    42.851    -4.00    3.95
  78156.270    41.627    -3.27    3.15
  78530.678    40.482    -3.06    3.42
  78905.170    41.173     1.84    3.08
  79279.748    41.211     0.10    3.05
  79654.411    41.234     0.06    3.21
  80029.159    41.064    -0.45    3.49
  80403.992    40.740    -0.86    3.97
  80778.911    39.806    -2.49    4.51
  81153.915    38.085    -4.59    5.28
  81529.005    35.433    -7.07    6.10
  81904.180    32.705    -7.27    5.67
  82279.440    32.405    -0.80    4.91
  82654.787    33.841     3.83    4.71
  83030.219    35.990     5.72    4.69
  83405.737    38.509     6.71    4.44
  83781.341    39.582     2.86    3.79
  84157.030    37.201    -6.34    5.87
  84532.806    33.586    -9.62    6.56
  84908.667    28.456   -13.65    6.32
  85284.615    23.353   -13.58    6.96
  85660.648    19.249   -10.91    7.01
  86036.768    15.253   -10.63    5.97
  86412.974    11.888    -8.95    3.96
  86789.267    11.291    -1.59    4.00
  87165.646    12.063     2.05    4.51
  87542.111    12.259     0.52    4.27
  87918.662    11.875    -1.02    3.93
  88295.301    10.799    -2.86    3.23
  88672.025    10.483    -0.84    2.49
  89048.837    10.123    -0.96    1.88
  89425.735     9.877    -0.65    1.56
  89802.720     9.026    -2.26    1.54
  90179.791     8.173    -2.26    1.26
  90556.950     7.623    -1.46    1.00
  90934.195     7.153    -1.25    1.28
  91311.528     6.064    -2.89    2.10
  91688.947     4.313    -4.64    2.81
  92066.454     1.460    -7.56    3.36
  92444.048    -1.013    -6.55    3.17
  92821.729    -3.314    -6.09    2.55
  93199.497    -4.749    -3.80    1.77
  93577.353    -5.788    -2.75    0.27
  93955.296    -5.867    -0.21    0.00
  94333.327    -5.867     0.00    0.00
  94711.445    -5.867     0.00    0.00
  95089.651    -5.867     0.00    0.00
  95467.944    -5.867     0.00    0.00
  95846.325    -5.867     0.00    0.00
  96224.794    -5.867     0.00    0.00
  96603.351    -5.867     0.00    0.00
  96981.996    -5.458     1.08    1.13
  97360.728    -4.143     3.47    2.69
  97739.549    -1.036     8.20    4.68
  98118.458     3.531    12.05    5.95
  98497.454     8.511    13.14    6.71
  98876.539    13.648    13.55    6.91
  99255.713    18.162    11.90    6.76
  99634.974    21.694     9.31    5.98
 100014.324    24.735     8.02    4.70
 100393.763    26.222     3.92    3.74
 100773.290    26.094    -0.34    3.65
 101152.905    25.244    -2.24    3.79
 101532.609    19.142   -16.07    9.85
 101912.402    13.203   -15.64   12.56
 102292.284     5.431   -20.46   12.57
 102672.254    -1.563   -18.41    6.77
 103052.313    -4.685    -8.21    2.24
 103432.461    -5.679    -2.62    0.76
 103812.698    -5.867    -0.49    0.00
 104193.025    -5.867     0.00    0.00
 104573.440    -5.867     0.00    0.00
 104953.944    -5.867     0.00    0.00
 105334.538    -5.867     0.00    0.00
 105715.221    -5.867     0.00    0.00
 106095.993    -5.867     0.00    0.00
 106476.855    -5.867     0.00    0.00
 106857.807    -5.867     0.00    0.00
 107238.847    -5.867     0.00    0.00
 107619.978    -5.867     0.00    0.00
 108001.198    -5.867     0.00    0.00
 108382.508    -5.867     0.00    0.00
 108763.907    -5.867     0.00    0.00
 109145.397    -5.867     0.00    0.00
 109526.976    -5.867     0.00    0.00
 109902.869    -5.867     0.00    0.00
 110267.538    -5.867     0.00    0.00
 110632.287    -5.867     0.00    0.00
 110997.118    -5.867     0.00    0.00
 111362.029    -5.867     0.00    0.00
 111727.020    -5.867     0.00    0.00
 112092.093    -5.867     0.00    0.00
 112457.246    -5.867     0.00    0.00
 112822.480    -5.867     0.00    0.00
 113187.796    -5.867     0.00    0.00
 113553.192    -5.867     0.00    0.00
 113918.669    -5.867     0.00    0.00
 114284.228    -5.867     0.00    0.00
 114649.868    -5.867     0.00    0.00
 115015.589    -5.867     0.00    0.00
 115381.391    -5.867     0.00    0.00
 115747.274    -5.867     0.00    0.00
 116113.239    -5.867     0.00    0.00
 116479.286    -5.867     0.00    0.00
 116845.414    -5.867     0.00    0.00
 117211.624    -5.867     0.00    0.00
 117577.915    -5.867     0.00    0.00
 117944.288    -5.867     0.00    0.00
 118310.742    -5.867     0.00    0.00
 118677.279    -5.867     0.00    0.00
 119043.897    -5.867     0.00    0.00
 119410.597    -5.867     0.00    0.00
 119777.379    -5.867     0.00    0.00
 120144.243    -5.867     0.00    0.00
 120511.189    -5.867     0.00    0.00
 120878.217    -5.867     0.00    0.00
 121245.328    -5.867     0.00    0.00
 121612.520    -5.867     0.00    0.00
 121979.795    -5.867     0.00    0.00
 122347.152    -5.867     0.00    0.00
 122714.592    -5.867     0.00    0.00
 123082.114    -5.867     0.00    0.00
 123449.719    -5.867     0.00    0.00
 123817.406    -5.867     0.00    0.00
 124185.175    -5.867     0.00    0.00
 124553.028    -5.867     0.00    0.00
 124920.963    -5.867     0.00    0.00
 125288.981    -5.867     0.00    0.00
 125657.081    -5.867     0.00    0.00
 126025.265    -5.867     0.00    0.00
 126393.531    -5.867     0.00    0.00
 126761.881    -5.867     0.00    0.00
 127130.313    -5.867     0.00    0.00
 127498.829    -5.867     0.00    0.00
 127867.428    -5.867     0.00    0.00
 128236.110    -5.867     0.00    0.00
 128604.875    -5.867     0.00    0.00
 128973.724    -5.867     0.00    0.00
 129342.656    -5.867     0.00    0.00
 129711.671    -5.867     0.00    0.00
 130080.770    -5.867     0.00    0.00
 130449.953    -5.867     0.00    0.00
 130819.219    -5.867     0.00    0.00
 131188.568    -5.867     0.00    0.00
 131558.002    -5.867     0.00    0.00
 131927.519    -5.867     0.00    0.00
 132297.120    -5.867     0.00    0.00
 132666.805    -5.867     0.00    0.00
 133036.574    -5.867     0.00    0.00
 133406.427    -5.867     0.00    0.00
 133776.364    -5.867     0.00    0.00
 134146.385    -5.867     0.00    0.00
 134516.490    -5.867     0.00    0.00
 134886.680    -5.867     0.00    0.00
 135256.954    -5.867     0.00    0.00
 135627.312    -5.867     0.00    0.00
 135997.754    -5.867     0.00    0.00
 136368.281    -5.867     0.00    0.00
 136738.893    -5.867     0.00    0.00
 137109.589    -5.867     0.00    0.00
 137480.369    -5.867     0.00    0.00
 137851.235    -5.867     0.00    0.00
 138222.185    -5.867     0.00    0.00
 138593.220    -5.867     0.00    0.00
 138964.340    -5.867     0.00    0.00
 139335.544    -5.867     0.00    0.00
 139706.834    -5.867     0.00    0.00
 140078.209    -5.867     0.00    0.00
 140449.669    -5.867     0.00    0.00
 140821.214    -5.867     0.00    0.00
 141192.844    -5.867     0.00    0.00
 141564.559    -5.867     0.00    0.00
 141936.360    -5.867     0.00    0.00
 142308.246    -5.867     0.00    0.00
 142680.218    -5.867     0.00    0.00
 143052.275    -5.867     0.00    0.00
 143424.417    -5.867     0.00    0.00
 143796.646    -5.867     0.00    0.00
 144168.960    -5.867     0.00    0.00
 144541.359    -5.867     0.00    0.00
 144913.845    -5.867     0.00    0.00
 145286.416    -5.867     0.00    0.00
 145659.073    -5.867     0.00    0.00
 146031.816    -5.867     0.00    0.00
 146404.645    -5.867     0.00    0.00
 146777.561    -5.867     0.00    0.00
 147150.562    -5.867     0.00    0.00
 147523.650    -5.867     0.00    0.00
 147896.823    -5.867     0.00    0.00
 148270.084    -5.867     0.00    0.00
 148643.430    -5.867     0.00    0.00
 149016.863    -5.867     0.00    0.00
 149390.383    -5.867     0.00    0.00
 149763.989    -5.867     0.00    0.00
 150137.681    -5.867     0.00    0.00
 150511.461    -5.867     0.00    0.00
 150885.327    -5.867     0.00    0.00
 151259.280    -5.867     0.00    0.00
 151633.319    -5.867     0.00    0.00
 152007.446    -5.867     0.00    0.00
 152381.659    -5.867     0.00    0.00
 152755.960    -5.867     0.00    0.00
 153130.348    -5.867     0.00    0.00
 153504.823    -5.867     0.00    0.00
 153879.385    -5.867     0.00    0.00
 154254.034    -5.867     0.00    0.00
 154628.771    -5.867     0.00    0.00
 155003.595    -5.867     0.00    0.00
 155378.507    -5.867     0.00    0.00
 155753.506    -5.867     0.00    0.00
 156128.592    -5.867     0.00    0.00
 156503.766    -5.867     0.00    0.00
 156879.028    -5.867     0.00    0.00
 157254.378    -5.867     0.00    0.00
 157629.816    -5.867     0.00    0.00
 158005.341    -5.867     0.00    0.00
 158380.955    -5.867     0.00    0.00
 158756.656    -5.867     0.00    0.00
 159132.445    -5.867     0.00    0.00
 159508.323    -5.867     0.00    0.00
 159884.289    -5.867     0.00    0.00
 160260.343    -5.867     0.00    0.00
 160636.485    -5.867     0.00    0.00
 161012.716    -5.867     0.00    0.00
 161389.035    -5.867     0.00    0.00
 161765.442    -5.867     0.00    0.00
 162141.938    -5.867     0.00    0.00
 162518.523    -5.867     0.00    0.00
 162895.197    -5.867     0.00    0.00
 163271.959    -5.867     0.00    0.00
 163648.810    -5.867     0.00    0.00
 164025.749    -5.867     0.00    0.00
 164402.778    -5.867     0.00    0.00
 164779.896    -5.867     0.00    0.00
 165157.103    -5.867     0.00    0.00
 165534.399    -5.867     0.00    0.00
 165911.784    -5.867     0.00    0.00
