-169351.006    -0.001     0.00    0.00
-168972.462    -0.001     0.00    0.00
-168594.010    -0.001     0.00    0.00
-168215.650    -0.001     0.00    0.00
-167837.381    -0.001     0.00    0.00
-167459.204    -0.001     0.00    0.00
-167081.118    -0.001     0.00    0.00
-166703.123    -0.001     0.00    0.00
-166325.220    -0.001     0.00    0.00
-165947.409    -0.001     0.00    0.00
-165569.688    -0.001     0.00    0.00
-165192.059    -0.001     0.00    0.00
-164814.521    -0.001     0.00    0.00
-164437.073    -0.001     0.00    0.00
-164059.717    -0.001     0.00    0.00
-163682.452    -0.001     0.00    0.00
-163305.277    -0.001     0.00    0.00
-162928.193    -0.001     0.00    0.00
-162551.200    -0.001     0.00    0.00
-162174.298    -0.001     0.00    0.00
-161797.486    -0.001     0.00    0.00
-161420.765    -0.001     0.00    0.00
-161044.134    -0.001     0.00    0.00
-160667.593    -0.001     0.00    0.00
-160291.143    -0.001     0.00    0.00
-159914.783    -0.001     0.00    0.00
-159538.513    -0.001     0.00    0.00
-159162.334    -0.001     0.00    0.00
-158786.244    -0.001     0.00    0.00
-158410.245    -0.001     0.00    0.00
-158034.335    -0.001     0.00    0.00
-157658.515    -0.001     0.00    0.00
-157282.785    -0.001     0.00    0.00
-156907.145    -0.001     0.00    0.00
-156531.594    -0.001     0.00    0.00
-156156.133    -0.001     0.00    0.00
-155780.762    -0.001     0.00    0.00
-155405.480    -0.001     0.00    0.00
-155030.288    -0.001     0.00    0.00
-154655.184    -0.001     0.00    0.00
-154280.171    -0.001     0.00    0.00
-153905.246    -0.001     0.00    0.00
-153530.411    -0.001     0.00    0.00
-153155.664    -0.001     0.00    0.00
-152781.007    -0.001     0.00    0.00
-152406.439    -0.001     0.00    0.00
-152031.959    -0.001     0.00    0.00
-151657.569    -0.001     0.00    0.00
-151283.267    -0.001     0.00    0.00
-150909.054    -0.001     0.00    0.00
-150534.930    -0.001     0.00    0.00
-150160.894    -0.001     0.00    0.00
-149786.947    -0.001     0.00    0.00
-149413.088    -0.001     0.00    0.00
-149039.318    -0.001     0.00    0.00
-148665.636    -0.001     0.00    0.00
-148292.043    -0.001     0.00    0.00
-147918.537    -0.001     0.00    0.00
-147545.120    -0.001     0.00    0.00
-147171.791    -0.001     0.00    0.00
-146798.550    -0.001     0.00    0.00
-146425.397    -0.001     0.00    0.00
-146052.332    -0.001     0.00    0.00
-145679.355    -0.001     0.00    0.00
-145306.466    -0.001     0.00    0.00
-144933.664    -0.001     0.00    0.00
-144560.950    -0.001     0.00    0.00
-144188.324    -0.001     0.00    0.00
-143815.785    -0.001     0.00    0.00
-143443.334    -0.001     0.00    0.00
-143070.970    -0.001     0.00    0.00
-142698.693    -0.001     0.00    0.00
-142326.504    -0.001     0.00    0.00
-141954.402    -0.001     0.00    0.00
-141582.388    -0.001     0.00    0.00
-141210.460    -0.001     0.00    0.00
-140838.620    -0.001     0.00    0.00
-140466.866    -0.001     0.00    0.00
-140095.200    -0.001     0.00    0.00
-139723.620    -0.001     0.00    0.00
-139352.127    -0.001     0.00    0.00
-138980.721    -0.001     0.00    0.00
-138609.402    -0.001     0.00    0.00
-138238.169    -0.001     0.00    0.00
-137867.023    -0.001     0.00    0.00
-137495.964    -0.001     0.00    0.00
-137124.991    -0.001     0.00    0.00
-136754.104    -0.001     0.00    0.00
-136383.304    -0.001     0.00    0.00
-136012.590    -0.001     0.00    0.00
-135641.962    -0.001     0.00    0.00
-135271.420    -0.001     0.00    0.00
-134900.965    -0.001     0.00    0.00
-134530.596    -0.001     0.00    0.00
-134160.312    -0.001     0.00    0.00
-133790.115    -0.001     0.00    0.00
-133420.003    -0.001     0.00    0.00
-133049.977    -0.001     0.00    0.00
-132680.037    -0.001     0.00    0.00
-132310.183    -0.001     0.00    0.00
-131940.415    -0.001     0.00    0.00
-131570.731    -0.001     0.00    0.00
-131201.134    -0.001     0.00    0.00
-130831.622    -0.001     0.00    0.00
-130462.195    -0.001     0.00    0.00
-130092.854    -0.001     0.00    0.00
-129723.598    -0.001     0.00    0.00
-129354.427    -0.001     0.00    0.00
-128985.341    -0.001     0.00    0.00
-128616.341    -0.001     0.00    0.00
-128247.425    -0.001     0.00    0.00
-127878.595    -0.001     0.00    0.00
-127509.849    -0.001     0.00    0.00
-127141.189    -0.001     0.00    0.00
-126772.613    -0.001     0.00    0.00
-126404.122    -0.001     0.00    0.00
-126035.716    -0.001     0.00    0.00
-125667.394    -0.001     0.00    0.00
-125299.157    -0.001     0.00    0.00
-124931.004    -0.001     0.00    0.00
-124562.936    -0.001     0.00    0.00
-124194.952    -0.001     0.00    0.00
-123827.053    -0.001     0.00    0.00
-123459.238    -0.001     0.00    0.00
-123091.507    -0.001     0.00    0.00
-122723.861    -0.001     0.00    0.00
-122356.298    -0.001     0.00    0.00
-121988.820    -0.001     0.00    0.00
-121621.426    -0.001     0.00    0.00
-121254.115    -0.001     0.00    0.00
-120886.889    -0.001     0.00    0.00
-120519.746    -0.001     0.00    0.00
-120152.687    -0.001     0.00    0.00
-119785.712    -0.001     0.00    0.00
-119418.821    -0.001     0.00    0.00
-119052.013    -0.001     0.00    0.00
-118685.288    -0.001     0.00    0.00
-118318.648    -0.001     0.00    0.00
-117952.090    -0.001     0.00    0.00
-117585.616    -0.001     0.00    0.00
-117219.226    -0.001     0.00    0.00
-116852.919    -0.001     0.00    0.00
-116486.694    -0.001     0.00    0.00
-116120.554    -0.001     0.00    0.00
-115754.496    -0.001     0.00    0.00
-115388.521    -0.001     0.00    0.00
-115022.629    -0.001     0.00    0.00
-114656.820    -0.001     0.00    0.00
-114291.095    -0.001     0.00    0.00
-113925.451    -0.001     0.00    0.00
-113559.891    -0.001     0.00    0.00
-113194.413    -0.001     0.00    0.00
-112829.019    -0.001     0.00    0.00
-112463.706    -0.001     0.00    0.00
-112098.476    -0.001     0.00    0.00
-111733.329    -0.001     0.00    0.00
-111368.264    -0.001     0.00    0.00
-111003.282    -0.001     0.00    0.00
-110638.382    -0.001     0.00    0.00
-110273.564    -0.001     0.00    0.00
-109908.828    -0.001     0.00    0.00
-109544.175    -0.001     0.00    0.00
-109179.603    -0.001     0.00    0.00
-108802.909    -0.001     0.00    0.00
-108421.094    -0.001     0.00    0.00
-108039.371    -0.001     0.00    0.00
-107657.739    -0.001     0.00    0.00
-107276.199    -0.001     0.00    0.00
-106894.751    -0.001     0.00    0.00
-106513.395    -0.001     0.00    0.00
-106132.130    -0.001     0.00    0.00
-105750.956    -0.001     0.00    0.00
-105369.874    -0.001     0.00    0.00
-104988.883    -0.001     0.00    0.00
-104607.984    -0.001     0.00    0.00
-104227.176    -0.001     0.00    0.00
-103846.459    -0.001     0.00    0.00
-103465.833    -0.001     0.00    0.00
-103085.298    -0.001     0.00    0.00
-102704.854    -0.001     0.00    0.00
-102324.501    -0.001     0.00    0.00
-101944.239    -0.001     0.00    0.00
-101564.067    -0.001     0.00    0.00
-101183.987    -0.001     0.00    0.00
-100803.997    -0.001     0.00    0.00
-100424.097    -0.001     0.00    0.00
-100044.288    -0.001     0.00    0.00
 -99664.570    -0.001     0.00    0.00
 -99284.942    -0.001     0.00    0.00
 -98905.404    -0.001     0.00    0.00
 -98525.957    -0.001     0.00    0.00
 -98146.600    -0.001     0.00    0.00
 -97767.333    -0.001     0.00    0.00
 -97388.156    -0.001     0.00    0.00
 -97009.069    -0.001     0.00    0.00
 -96630.072    -0.001     0.00    0.00
 -96251.164    -0.001     0.00    0.00
 -95872.347    -0.001     0.00    0.00
 -95493.620    -0.001     0.00    0.00
 -95114.982    -0.001     0.00    0.00
 -94736.434    -0.001     0.00    0.00
 -94357.975    -0.001     0.00    0.00
 -93979.606    -0.001     0.00    0.00
 -93601.326    -0.001     0.00    0.00
 -93223.136    -0.001     0.00    0.00
 -92845.035    -0.001     0.00    0.00
 -92467.023    -0.001     0.00    0.00
 -92089.101    -0.001     0.00    0.00
 -91711.268    -0.001     0.00    0.00
 -91333.523    -0.001     0.00    0.00
 -90955.868    -0.001     0.00    0.00
 -90578.302    -0.001     0.00    0.00
 -90200.825    -0.001     0.00    0.00
 -89823.436    -0.001     0.00    0.00
 -89446.136    -0.001     0.00    0.00
 -89068.925    -0.001     0.00    0.00
 -88691.803    -0.001     0.00    0.00
 -88314.769    -0.001     0.00    0.00
 -87937.824    -0.001     0.00    0.00
 -87560.967    -0.001     0.00    0.00
 -87184.198    -0.001     0.00    0.00
 -86807.518    -0.001     0.00    0.00
 -86430.927    -0.001     0.00    0.00
 -86054.423    -0.001     0.00    0.00
 -85678.007    -0.001     0.00    0.00
 -85301.680    -0.001     0.00    0.00
 -84925.441    -0.001     0.00    0.00
 -84549.289    -0.001     0.00    0.00
 -84173.226    -0.001     0.00    0.00
 -83797.250    -0.001     0.00    0.00
 -83421.363    -0.001     0.00    0.00
 -83045.563    -0.001     0.00    0.00
 -82669.850    -0.001     0.00    0.00
 -82294.225    -0.001     0.00    0.00
 -81918.688    -0.001     0.00    0.00
 -81543.238    -0.001     0.00    0.00
 -81167.876    -0.001     0.00    0.00
 -80792.601    -0.001     0.00    0.00
 -80417.413    -0.001     0.00    0.00
 -80042.313    -0.001     0.00    0.00
 -79667.300    -0.001     0.00    0.00
 -79292.374    -0.001     0.00    0.00
 -78917.535    -0.001     0.00    0.00
 -78542.783    -0.001     0.00    0.00
 -78168.117    -0.001     0.00    0.00
 -77793.539    -0.001     0.00    0.00
 -77419.048    -0.001     0.00    0.00
 -77044.643    -0.001     0.00    0.00
 -76670.325    -0.001     0.00    0.00
 -76296.094    -0.001     0.00    0.00
 -75921.950    -0.001     0.00    0.00
 -75547.891    -0.001     0.00    0.00
 -75173.920    -0.001     0.00    0.00
 -74800.035    -0.001     0.00    0.00
 -74426.236    -0.001     0.00    0.00
 -74052.523    -0.001     0.00    0.00
 -73678.897    -0.001     0.00    0.00
 -73305.357    -0.001     0.00    0.00
 -72931.902    -0.001     0.00    0.00
 -72558.534    -0.001     0.00    0.00
 -72185.252    -0.001     0.00    0.00
 -71812.056    -0.001     0.00    0.00
 -71438.946    -0.001     0.00    0.00
 -71065.922    -0.001     0.00    0.00
 -70692.983    -0.001     0.00    0.00
 -70320.130    -0.001     0.00    0.00
 -69947.363    -0.001     0.00    0.00
 -69574.681    -0.001     0.00    0.00
 -69202.085    -0.001     0.00    0.00
 -68829.575    -0.001     0.00    0.00
 -68457.150    -0.001     0.00    0.00
 -68084.810    -0.001     0.00    0.00
 -67712.555    -0.001     0.00    0.00
 -67340.386    -0.001     0.00    0.00
 -66968.302    -0.001     0.00    0.00
 -66596.303    -0.001     0.00    0.00
 -66224.389    -0.001     0.00    0.00
 -65852.560    -0.001     0.00    0.00
 -65480.816    -0.001     0.00    0.00
 -65109.157    -0.001     0.00    0.00
 -64737.582    -0.001     0.00    0.00
 -64366.093    -0.001     0.00    0.00
 -63994.688    -0.001     0.00    0.00
 -63623.368    -0.001     0.00    0.00
 -63252.133    -0.001     0.00    0.00
 -62880.982    -0.001     0.00    0.00
 -62509.915    -0.001     0.00    0.00
 -62138.933    -0.001     0.00    0.00
 -61768.036    -0.001     0.00    0.00
 -61397.222    -0.001     0.00    0.00
 -61026.493    -0.001     0.00    0.00
 -60655.849    -0.001     0.00    0.00
 -60285.288    -0.001     0.00    0.00
 -59914.811    -0.001     0.00    0.00
 -59544.419    -0.001     0.00    0.00
 -59174.110    -0.001     0.00    0.00
 -58803.886    -0.001     0.00    0.00
 -58433.745    -0.001     0.00    0.00
 -58063.688    -0.001     0.00    0.00
 -57693.715    -0.001     0.00    0.00
 -57323.825    -0.001     0.00    0.00
 -56954.020    -0.001     0.00    0.00
 -56584.297    -0.001     0.00    0.00
 -56214.659    -0.001     0.00    0.00
 -55845.103    -0.001     0.00    0.00
 -55475.632    -0.001     0.00    0.00
 -55106.243    -0.001     0.00    0.00
 -54736.938    -0.001     0.00    0.00
 -54367.716    -0.001     0.00    0.00
 -53998.577    -0.001     0.00    0.00
 -53629.522    -0.001     0.00    0.00
 -53260.549    -0.001     0.00    0.00
 -52891.660    -0.001     0.00    0.00
 -52522.854    -0.001     0.00    0.00
 -52154.130    -0.001     0.00    0.00
 -51785.489    -0.001     0.00    0.00
 -51416.932    -0.001     0.00    0.00
 -51048.456    -0.001     0.00    0.00
 -50680.064    -0.001     0.00    0.00
 -50311.754    -0.001     0.00    0.00
 -49943.527    -0.001     0.00    0.00
 -49575.383    -0.001     0.00    0.00
 -49207.320    -0.001     0.00    0.00
 -48839.341    -0.001     0.00    0.00
 -48471.443    -0.001     0.00    0.00
 -48103.628    -0.001     0.00    0.00
 -47735.895    -0.001     0.00    0.00
 -47368.245    -0.001     0.00    0.00
 -47000.676    -0.001     0.00    0.00
 -46633.190    -0.001     0.00    0.00
 -46265.786    -0.001     0.00    0.00
 -45898.464    -0.001     0.00    0.00
 -45531.223    -0.001     0.00    0.00
 -45164.065    -0.001     0.00    0.00
 -44796.988    -0.001     0.00    0.00
 -44429.993    -0.001     0.00    0.00
 -44063.080    -0.001     0.00    0.00
 -43696.248    -0.001     0.00    0.00
 -43329.498    -0.001     0.00    0.00
 -42962.830    -0.001     0.00    0.00
 -42596.243    -0.001     0.00    0.00
 -42229.738    -0.001     0.00    0.00
 -41863.314    -0.001     0.00    0.00
 -41496.971    -0.001     0.00    0.00
 -41130.710    -0.001     0.00    0.00
 -40764.530    -0.001     0.00    0.00
 -40398.431    -0.001     0.00    0.00
 -40032.413    -0.001     0.00    0.00
 -39666.476    -0.001     0.00    0.00
 -39300.620    -0.001     0.00    0.00
 -38934.845    -0.001     0.00    0.00
 -38569.151    -0.001     0.00    0.00
 -38203.538    -0.001     0.00    0.00
 -37838.006    -0.001     0.00    0.00
 -37472.555    -0.001     0.00    0.00
 -37107.184    -0.001     0.00    0.00
 -36741.894    -0.001     0.00    0.00
 -36376.684    -0.001     0.00    0.00
 -36011.555    -0.001     0.00    0.00
 -35646.507    -0.001     0.00    0.00
 -35281.538    -0.001     0.00    0.00
 -34916.651    -0.001     0.00    0.00
 -34551.843    -0.001     0.00    0.00
 -34180.372    -0.001     0.00    0.00
 -33798.727    -0.001     0.00    0.00
 -33417.172    -0.001     0.00    0.00
 -33035.706    -0.001     0.00    0.00
 -32654.330    -0.001     0.00    0.00
 -32273.043    -0.001     0.00    0.00
 -31891.846    -0.001     0.00    0.00
 -31510.738    -0.001     0.00    0.00
 -31129.719    -0.001     0.00    0.00
 -30748.789    -0.001     0.00    0.00
 -30367.948    -0.001     0.00    0.00
 -29987.196    -0.001     0.00    0.00
 -29606.533    -0.001     0.00    0.00
 -29225.959    -0.001     0.00    0.00
 -28845.474    -0.001     0.00    0.00
 -28465.077    -0.001     0.00    0.00
 -28084.769    -0.001     0.00    0.00
 -27704.550    -0.001     0.00    0.00
 -27324.420    -0.001     0.00    0.00
 -26944.378    -0.001     0.00    0.00
 -26564.424    -0.001     0.00    0.00
 -26184.559    -0.001     0.00    0.00
 -25804.782    -0.001     0.00    0.00
 -25425.093    -0.001     0.00    0.00
 -25045.492    -0.001     0.00    0.00
 -24665.980    -0.001     0.00    0.00
 -24286.556    -0.001     0.00    0.00
 -23907.220    -0.001     0.00    0.00
 -23527.971    -0.001     0.00    0.00
 -23148.811    -0.001     0.00    0.00
 -22769.738    -0.001     0.00    0.00
 -22390.754    -0.001     0.00    0.00
 -22011.857    -0.001     0.00    0.00
 -21633.047    -0.001     0.00    0.00
 -21254.325    -0.001     0.00    0.00
 -20875.691    -0.001     0.00    0.00
 -20497.144    -0.001     0.00    0.00
 -20118.685    -0.001     0.00    0.00
 -19740.313    -0.001     0.00    0.00
 -19362.028    -0.001     0.00    0.00
 -18983.831    -0.001     0.00    0.00
 -18605.721    -0.001     0.00    0.00
 -18227.698    -0.001     0.00    0.00
 -17849.762    -0.001     0.00    0.00
 -17471.913    -0.001     0.00    0.00
 -17094.151    -0.001     0.00    0.00
 -16716.475    -0.001     0.00    0.00
 -16338.887    -0.001     0.00    0.00
 -15961.385    -0.001     0.00    0.00
 -15583.970    -0.001     0.00    0.00
 -15206.642    -0.001     0.00    0.00
 -14829.401    -0.001     0.00    0.00
 -14452.245    -0.001     0.00    0.00
 -14075.177    -0.001     0.00    0.00
 -13698.195    -0.001     0.00    0.00
 -13321.299    -0.001     0.00    0.00
 -12944.489    -0.001     0.00    0.00
 -12567.766    -0.001     0.00    0.00
 -12191.129    -0.001     0.00    0.00
 -11814.578    -0.001     0.00    0.00
 -11438.113    -0.001     0.00    0.00
 -11061.734     0.509     1.35    1.47
 -10685.441     1.676     3.10    2.96
 -10309.234     4.784     8.26    7.09
  -9933.112     8.898    10.94    8.78
  -9557.077    12.960    10.80    9.71
  -9181.127    12.959    -0.00    9.89
  -8805.263    10.019    -7.82    8.34
  -8429.485     6.254   -10.02    5.37
  -8053.792     4.849    -3.74    3.11
  -7678.184     5.803     2.54    4.07
  -7302.662     7.950     5.72    6.93
  -6927.225    10.116     5.77    8.88
  -6551.874     9.218    -2.39    9.11
  -6176.608     6.391    -7.53    7.71
  -5801.427     3.183    -8.55    4.48
  -5426.331     2.029    -3.08    3.26
  -5051.321     1.010    -2.72    1.65
  -4676.395     0.715    -0.79    1.41
  -4301.554     0.383    -0.89    0.68
  -3926.799     0.352    -0.08    0.78
  -3552.128     0.247    -0.28    0.68
  -3177.542     0.264     0.05    0.99
  -2803.040     0.207    -0.15    1.01
  -2428.624     0.069    -0.37    0.45
  -2054.292     0.205     0.36    0.93
  -1680.044     0.469     0.71    1.49
  -1305.881     0.842     1.00    2.32
   -931.803     0.946     0.28    2.70
   -557.809     0.786    -0.43    2.63
   -183.899     0.541    -0.65    2.34
    189.926     0.267    -0.73    1.28
    563.667     0.322     0.15    1.25
    937.324     0.352     0.08    1.43
   1310.897     0.349    -0.01    1.39
   1684.386     0.339    -0.03    1.48
   2057.791     0.333    -0.02    1.37
   2431.112     0.252    -0.22    1.17
   2804.349     0.078    -0.47    0.50
   3177.502    -0.001    -0.21    0.00
   3550.571    -0.001     0.00    0.00
   3923.556    -0.001     0.00    0.00
   4296.458    -0.001     0.00    0.00
   4669.277    -0.001     0.00    0.00
   5042.011    -0.001     0.00    0.00
   5414.662    -0.001     0.00    0.00
   5787.230    -0.001     0.00    0.00
   6159.715    -0.001     0.00    0.00
   6532.116    -0.001     0.00    0.00
   6904.433    -0.001     0.00    0.00
   7276.668    -0.001     0.00    0.00
   7648.819    -0.001     0.00    0.00
   8020.887    -0.001     0.00    0.00
   8392.872    -0.001     0.00    0.00
   8764.774    -0.001     0.00    0.00
   9136.593    -0.001     0.00    0.00
   9508.330    -0.001     0.00    0.00
   9879.983    -0.001     0.00    0.00
  10251.553    -0.001     0.00    0.00
  10623.041    -0.001     0.00    0.00
  10994.446    -0.001     0.00    0.00
  11365.769    -0.001     0.00    0.00
  11737.009    -0.001     0.00    0.00
  12108.166    -0.001     0.00    0.00
  12479.241    -0.001     0.00    0.00
  12850.234    -0.001     0.00    0.00
  13221.144    -0.001     0.00    0.00
  13591.972    -0.001     0.00    0.00
  13962.717    -0.001     0.00    0.00
  14333.381     0.159     0.43    0.87
  14703.962     0.868     1.91    2.40
  15074.461     2.229     3.67    4.49
  15444.878     4.193     5.30    6.31
  15815.214     7.227     8.19    8.42
  16185.467     9.030     4.87    9.06
  16555.638    10.435     3.79   10.06
  16925.728    10.868     1.17   10.69
  17295.735    11.229     0.98   10.71
  17665.662    11.909     1.84   11.31
  18035.506    12.816     2.45   11.36
  18405.269    13.474     1.78   11.19
  18774.950    13.223    -0.68   10.64
  19144.550    11.793    -3.87    8.38
  19514.068    11.499    -0.80    7.09
  19883.505    11.267    -0.63    5.99
  20252.861    11.575     0.84    5.95
  20622.135    11.079    -1.34    5.12
  20991.328    10.177    -2.44    4.50
  21360.440     9.896    -0.76    4.27
  21729.470    10.158     0.71    4.12
  22098.420    10.583     1.15    4.05
  22467.289    10.156    -1.16    3.61
  22836.076     9.377    -2.11    3.50
  23204.783     8.919    -1.24    3.61
  23573.409     8.663    -0.70    3.75
  23941.954     8.309    -0.96    3.91
  24310.419     7.607    -1.91    3.94
  24678.802     6.494    -3.02    3.65
  25047.105     4.841    -4.49    2.78
  25415.328     3.872    -2.63    1.76
  25783.469     3.480    -1.06    1.41
  26151.531     3.879     1.09    1.93
  26519.512     5.827     5.29    3.67
  26887.412     7.559     4.71    4.22
  27255.232     8.999     3.91    3.77
  27622.972    10.554     4.23    2.83
  27990.632    10.708     0.42    2.50
  28358.211     9.910    -2.17    2.05
  28725.711     9.938     0.08    2.34
  29093.130     9.899    -0.11    2.49
  29460.469     9.559    -0.93    2.70
  29827.728     9.383    -0.48    2.60
  30194.908     9.762     1.03    2.43
  30562.007     9.641    -0.33    2.05
  30929.027     8.823    -2.23    2.53
  31295.967     8.391    -1.18    2.62
  31662.827     7.439    -2.59    1.90
  32029.607     8.079     1.74    2.37
  32396.308    10.060     5.40    3.31
  32762.929    12.369     6.30    4.05
  33129.471    16.155    10.33    4.85
  33495.934    20.078    10.70    5.06
  33862.317    22.453     6.48    5.10
  34228.620    25.609     8.62    6.36
  34594.844    27.397     4.88    6.52
  34960.989    29.254     5.07    6.09
  35327.055    28.901    -0.96    5.58
  35693.042    27.741    -3.17    5.12
  36058.949    25.286    -6.71    5.53
  36424.778    22.845    -6.67    4.80
  36790.527    22.109    -2.01    5.04
  37156.198    21.449    -1.80    5.02
  37521.790    22.959     4.13    4.75
  37887.302    24.279     3.61    4.68
  38252.736    25.141     2.36    4.17
  38618.092    26.742     4.38    3.56
  38983.368    28.855     5.78    2.77
  39348.566    28.019    -2.29    3.44
  39713.685    26.595    -3.90    4.09
  40078.726    26.285    -0.85    3.76
  40445.384    26.524     0.65    3.47
  40826.856    28.166     4.30    3.42
  41208.241    29.229     2.79    2.41
  41589.538    29.723     1.29    2.18
  41970.749    30.666     2.47    2.75
  42351.872    31.257     1.55    2.91
  42732.908    31.569     0.82    2.88
  43113.858    31.923     0.93    2.81
  43494.720    32.959     2.72    2.74
  43875.496    33.978     2.68    2.26
  44256.185    34.445     1.23    2.18
  44636.787    33.999    -1.17    2.30
  45017.302    34.029     0.08    2.75
  45397.731    33.468    -1.48    3.83
  45778.073    32.139    -3.49    5.05
  46158.329    30.684    -3.83    5.73
  46538.499    28.299    -6.27    6.30
  46918.582    26.145    -5.67    6.42
  47298.578    25.069    -2.83    5.24
  47678.489    24.912    -0.41    3.65
  48058.313    26.389     3.89    3.57
  48438.051    28.530     5.64    3.45
  48817.703    29.489     2.53    3.07
  49197.269    29.880     1.03    2.44
  49576.749    29.579    -0.79    2.86
  49956.143    28.708    -2.30    2.73
  50335.451    27.889    -2.16    2.39
  50714.674    27.336    -1.46    2.33
  51093.811    27.059    -0.73    1.98
  51472.862    27.478     1.11    2.03
  51851.827    28.729     3.30    2.63
  52230.707    29.326     1.57    2.53
  52609.501    29.479     0.41    2.30
  52988.210    29.628     0.39    2.25
  53366.833    29.349    -0.74    2.05
  53745.372    29.515     0.44    1.94
  54123.824    29.122    -1.04    2.32
  54502.192    28.453    -1.77    2.16
  54880.474    27.769    -1.81    2.33
  55258.672    26.889    -2.33    1.85
  55636.784    25.908    -2.59    2.46
  56014.811    24.101    -4.78    3.04
  56392.754    23.171    -2.46    3.17
  56770.611    21.489    -4.45    4.11
  57148.384    19.711    -4.71    5.02
  57526.071    18.262    -3.84    5.28
  57903.675    15.499    -7.32    3.17
  58281.193    15.249    -0.66    2.44
  58658.627    15.412     0.43    2.39
  59035.976    15.393    -0.05    2.36
  59413.241    16.122     1.93    2.21
  59790.421    17.244     2.98    2.72
  60167.517    19.283     5.41    3.25
  60544.529    20.919     4.34    3.77
  60921.456    22.841     5.10    3.37
  61298.299    23.878     2.75    2.22
  61675.058    24.829     2.52    2.50
  62051.733    27.979     8.36    4.83
  62428.324    30.619     7.01    5.23
  62804.831    31.289     1.78    4.78
  63181.254    29.752    -4.08    5.43
  63557.593    25.593   -11.05    6.82
  63933.848    20.768   -12.82    6.81
  64310.019    18.403    -6.29    5.80
  64686.107    17.765    -1.70    5.35
  65062.111    18.128     0.97    4.82
  65438.031    20.601     6.58    5.54
  65813.868    21.838     3.29    5.00
  66189.621    21.859     0.06    4.53
  66565.291    21.379    -1.28    5.08
  66940.878    21.979     1.60    5.97
  67316.381    23.826     4.92    6.50
  67691.801    26.229     6.40    6.42
  68067.138    26.948     1.92    4.94
  68442.391    26.252    -1.86    3.93
  68817.562    26.489     0.63    3.29
  69192.649    27.385     2.39    3.30
  69567.653    28.881     3.99    3.51
  69942.575    29.489     1.62    3.16
  70317.413    28.847    -1.71    3.61
  70692.169    29.403     1.48    4.37
  71066.842    31.935     6.76    7.24
  71441.432    33.918     5.29    7.83
  71815.939    34.350     1.15    7.38
  72190.364    32.877    -3.93    6.86
  72564.706    30.801    -5.54    5.24
  72938.966    29.838    -2.57    4.27
  73313.143    30.585     2.00    4.54
  73687.238    30.499    -0.23    4.93
  74061.250    29.999    -1.34    5.79
  74435.181    29.571    -1.15    5.98
  74809.028    30.110     1.44    6.16
  75182.794    30.483     1.00    7.04
  75556.478    29.173    -3.51    7.70
  75930.079    25.662    -9.40    8.60
  76303.599    20.699   -13.29    8.32
  76677.036    16.946   -10.05    6.10
  77050.392    17.159     0.57    5.98
  77423.665    21.593    11.88    9.64
  77796.857    27.636    16.19    9.71
  78169.967    32.703    13.58    7.09
  78542.996    34.397     4.54    4.87
  78915.942    32.793    -4.30    5.11
  79288.807    30.916    -5.03    5.28
  79661.591    30.151    -2.05    5.70
  80034.293    28.711    -3.86    5.58
  80406.913    27.298    -3.79    5.32
  80779.453    26.904    -1.06    5.50
  81151.910    28.609     4.58    5.90
  81524.287    31.308     7.25    7.68
  81896.582    33.889     6.93    8.95
  82268.796    36.999     8.35    9.47
  82640.929    39.373     6.38    8.31
  83012.981    40.999     4.37    6.90
  83384.952    41.514     1.38    6.00
  83756.842    42.676     3.12    5.73
  84128.651    43.041     0.98    6.95
  84500.379    43.754     1.92    7.39
  84872.026    45.020     3.40    7.83
  85243.592    45.686     1.79    7.47
  85615.078    45.793     0.29    7.15
  85986.483    47.499     4.59    7.22
  86357.807    49.554     5.53    6.91
  86729.051    51.625     5.58    5.11
  87100.215    52.041     1.12    4.67
  87471.298    51.559    -1.30    4.69
  87842.300    50.895    -1.79    4.04
  88213.222    50.607    -0.78    3.24
  88584.064    49.938    -1.81    4.77
  88954.826    48.218    -4.64    5.73
  89325.507    45.597    -7.07    5.55
  89696.108    42.372    -8.70    3.31
  90066.629    40.298    -5.60    2.82
  90437.070    39.340    -2.59    2.43
  90807.431    39.469     0.35    2.23
  91177.713    39.301    -0.45    2.25
  91547.914    39.030    -0.73    2.27
  91918.035    38.603    -1.15    2.23
  92288.077    36.585    -5.45    3.55
  92658.039    35.224    -3.68    4.47
  93027.921    34.139    -2.93    4.41
  93397.723    33.131    -2.73    3.57
  93767.446    32.695    -1.18    3.35
  94137.090    32.879     0.50    2.54
  94506.654    32.414    -1.26    2.02
  94876.138    32.101    -0.85    1.97
  95245.543    32.463     0.98    2.50
  95614.869    32.897     1.18    2.40
  95984.115    32.775    -0.33    2.63
  96353.283    33.185     1.11    2.69
  96722.371    33.780     1.61    2.91
  97091.380    33.989     0.56    3.02
  97460.309    34.195     0.56    3.32
  97829.160    35.096     2.44    4.36
  98197.932    34.615    -1.30    4.68
  98566.625    33.741    -2.37    5.17
  98935.239    32.939    -2.18    5.83
  99303.774    31.989    -2.58    5.73
  99672.231    31.070    -2.49    5.04
 100040.608    32.540     3.99    5.06
 100408.907    34.340     4.89    4.90
 100777.128    35.721     3.75    3.93
 101145.269    36.173     1.23    4.33
 101513.333    36.607     1.18    3.98
 101881.317    36.772     0.45    3.43
 102249.224    35.765    -2.74    3.06
 102617.052    33.676    -5.68    3.98
 102984.801    31.195    -6.75    4.67
 103352.473    30.089    -3.01    4.93
 103720.066    30.558     1.28    5.92
 104087.581    32.669     5.74    6.12
 104455.017    34.532     5.07    4.37
 104822.376    32.133    -6.53    6.63
 105189.657    28.614    -9.58    7.44
 105556.859    24.234   -11.93    7.16
 105923.984    20.897    -9.09    5.84
 106291.031    17.893    -8.18    4.66
 106658.000    16.706    -3.23    4.89
 107024.891    15.227    -4.03    3.88
 107391.704    14.009    -3.32    2.84
 107758.440    13.874    -0.37    2.76
 108125.098    14.418     1.48    3.69
 108491.679    15.210     2.16    4.88
 108858.182    16.082     2.38    5.61
 109224.607    16.662     1.58    5.38
 109590.955    18.130     4.00    5.96
 109957.226    18.989     2.35    5.46
 110323.419    18.054    -2.55    4.24
 110689.535    17.916    -0.38    3.87
 111055.574    18.124     0.57    4.11
 111421.536    19.611     4.06    4.54
 111787.420    21.226     4.41    5.25
 112153.227    22.957     4.73    6.55
 112518.957    25.540     7.06    6.03
 112884.610    27.878     6.39    5.53
 113250.187    29.948     5.66    4.87
 113615.686    31.426     4.04    4.66
 113981.108    33.278     5.07    4.96
 114346.454    34.387     3.04    5.34
 114711.723    34.824     1.20    5.47
 115076.915    34.601    -0.61    5.06
 115455.218    33.760    -2.22    3.64
 115836.434    35.367     4.21    6.43
 116217.565    37.063     4.45    7.86
 116598.611    40.834     9.90    7.25
 116979.572    46.074    13.75    7.69
 117360.449    51.232    13.54    7.27
 117741.241    55.236    10.51    5.39
 118121.948    56.205     2.55    5.33
 118502.571    55.010    -3.14    6.54
 118883.109    54.291    -1.89    6.88
 119263.563    53.578    -1.87    6.43
 119643.932    51.181    -6.30    5.52
 120024.217    49.623    -4.10    4.50
 120404.417    48.326    -3.41    3.54
 120784.533    45.662    -7.01    3.72
 121164.565    43.645    -5.31    4.07
 121544.513    41.927    -4.52    3.65
 121924.377    40.285    -4.32    2.98
 122304.157    39.569    -1.88    2.46
 122683.852    39.856     0.76    2.45
 123063.464    40.322     1.23    2.47
 123442.992    40.520     0.52    2.04
 123822.436    40.494    -0.07    2.15
 124201.797    40.545     0.13    2.43
 124581.073    40.419    -0.33    2.31
 124960.266    40.101    -0.84    2.93
 125339.375    39.462    -1.69    3.53
 125718.401    38.280    -3.12    3.75
 126097.344    37.915    -0.96    3.55
 126476.202    38.302     1.02    2.89
 126854.978    39.462     3.06    2.56
 127233.670    41.092     4.31    2.62
 127612.279    42.467     3.63    2.17
 127990.804    43.195     1.92    1.75
 128369.247    43.340     0.38    1.37
 128747.606    42.662    -1.79    1.38
 129125.882    41.866    -2.11    1.57
 129504.075    40.875    -2.62    1.53
 129882.186    40.377    -1.32    1.50
 130260.213    42.316     5.13    5.25
 130638.158    46.880    12.08    8.75
 131016.019    54.878    21.17   11.41
 131393.798    62.077    19.05    8.62
 131771.495    62.329     0.67    9.83
 132149.108    56.499   -15.44   14.30
 132526.639    47.151   -24.76   13.39
 132904.088    39.347   -20.67    6.42
 133281.454    36.744    -6.90    2.36
 133658.737    36.021    -1.92    1.53
 134035.939    35.458    -1.49    1.68
 134413.058    34.299    -3.07    1.73
 134790.094    33.091    -3.20    2.04
 135167.049    32.308    -2.08    1.81
 135543.921    31.916    -1.04    1.37
 135920.711    32.315     1.06    1.57
 136297.419    32.458     0.38    1.85
 136674.046    31.505    -2.53    2.72
 137050.590    29.515    -5.28    3.45
 137427.052    26.915    -6.90    2.83
 137803.433    25.195    -4.57    1.87
 138179.731    24.515    -1.81    1.26
 138555.948    24.155    -0.95    1.22
 138932.083    23.589    -1.51    1.85
 139308.137    21.535    -5.46    3.35
 139684.109    19.666    -4.97    3.28
 140060.000    18.315    -3.59    2.47
 140435.809    20.680     6.29    6.36
 140811.536    25.818    13.68    7.86
 141187.183    30.638    12.83    7.17
 141562.747    34.583    10.50    3.03
 141938.231    35.333     2.00    2.59
 142313.634    36.322     2.63    3.34
 142688.955    36.989     1.78    3.67
 143064.195    37.377     1.03    3.52
 143439.354    36.587    -2.11    3.59
 143814.432    34.749    -4.90    3.06
 144189.430    33.009    -4.64    3.71
 144564.346    32.021    -2.64    3.15
 144939.181    32.968     2.53    3.91
 145313.936    34.876     5.09    4.57
 145688.610    36.680     4.81    3.66
 146063.203    37.162     1.29    2.99
 146437.716    36.603    -1.49    2.73
 146812.147    36.978     1.00    2.86
 147186.499    39.072     5.59    4.21
 147560.770    40.957     5.03    4.06
 147934.960    41.812     2.28    3.07
 148309.070    41.189    -1.67    3.40
 148683.100    38.620    -6.87    3.65
 149057.050    36.426    -5.87    3.92
 149430.919    34.062    -6.32    4.06
 149804.708    32.752    -3.51    3.46
 150178.417    32.881     0.35    3.50
 150552.046    33.405     1.40    3.55
 150925.594    34.648     3.33    2.76
 151299.063    34.174    -1.27    2.79
 151672.452    33.821    -0.95    2.91
 152045.761    34.052     0.62    3.37
 152418.990    34.280     0.61    3.46
 152792.140    34.649     0.99    3.06
 153165.210    33.333    -3.53    3.17
 153538.200    31.883    -3.88    2.89
 153911.110    31.468    -1.11    2.70
 154283.941    31.687     0.59    2.87
 154656.692    31.957     0.72    3.13
 155029.364    32.499     1.46    3.20
 155401.956    32.603     0.28    3.36
 155774.469    32.201    -1.08    3.37
 156146.903    31.791    -1.10    3.19
 156519.257    31.752    -0.10    3.12
 156891.533    31.154    -1.61    3.16
 157263.729    29.738    -3.80    3.44
 157635.845    27.948    -4.81    3.43
 158007.883    26.673    -3.43    2.59
 158379.842    26.638    -0.09    2.30
 158751.722    27.314     1.82    2.48
 159123.523    28.239     2.49    2.50
 159495.245    29.130     2.40    2.70
 159866.888    29.566     1.17    2.74
 160238.452    29.168    -1.07    2.80
 160609.938    28.166    -2.70    3.52
 160981.345    26.114    -5.52    4.29
 161352.674    23.403    -7.30    3.73
 161723.923    20.978    -6.53    2.81
 162095.095    20.083    -2.41    3.23
 162466.187    20.999     2.47    4.31
 162837.202    21.277     0.75    4.29
 163208.138    20.557    -1.94    3.94
 163578.995    20.170    -1.04    3.29
 163949.775    19.364    -2.17    2.22
 164320.476    19.151    -0.57    2.08
 164691.099    19.499     0.94    2.06
 165061.644    19.318    -0.49    2.18
 165432.110    19.114    -0.55    2.19
 165802.499    18.244    -2.35    1.97
 166172.810    18.894     1.76    2.86
 166543.043    21.389     6.74    5.71
 166913.197    25.189    10.26    7.10
 167283.274    27.566     6.42    5.69
 167653.274    28.898     3.60    4.46
 168023.195    28.052    -2.29    5.07
 168393.039    25.772    -6.17    4.97
 168762.805    24.937    -2.26    4.81
 169132.494    23.752    -3.21    3.65
 169502.105    22.885    -2.35    2.99
 169871.638    22.155    -1.97    2.68
 170241.094    22.127    -0.08    2.97
 170610.473    21.641    -1.31    3.78
 170979.774    21.286    -0.96    4.01
 171348.998    20.504    -2.12    3.07
 171718.145    19.219    -3.48    2.41
 172087.214    18.308    -2.47    2.59
 172456.206    17.442    -2.35    2.46
 172825.122    16.905    -1.46    2.49
 173193.960    16.336    -1.54    2.10
 173562.721    15.620    -1.94    1.54
 173931.405    15.557    -0.17    1.48
 174300.012    16.694     3.08    3.80
 174668.542    17.052     0.97    3.81
 175036.996    17.217     0.45    3.84
 175405.372    16.874    -0.93    3.76
 175773.672    15.845    -2.79    1.74
 176141.896    15.939     0.25    1.38
 176510.042    17.268     3.61    2.66
 176878.112    18.364     2.98    3.03
 177246.106    18.467     0.28    3.03
 177614.023    18.103    -0.99    3.19
 177981.863    17.783    -0.87    3.08
 178349.627    16.612    -3.18    1.85
 178717.315    16.831     0.59    2.06
 179084.926    17.466     1.73    2.36
 179452.462    18.637     3.19    3.18
 179819.920    19.873     3.36    3.03
 180187.303    20.199     0.89    2.44
 180554.610    20.268     0.19    2.09
 180921.840    19.468    -2.18    1.49
 181288.995    18.978    -1.33    2.04
 181656.074    19.159     0.49    3.72
 182023.076    18.989    -0.46    4.21
 182390.003    18.554    -1.19    3.49
 182756.854    18.234    -0.87    2.62
 183123.629    18.217    -0.05    2.33
 183490.328    17.926    -0.79    2.33
 183856.952    17.644    -0.77    2.64
 184223.500    17.676     0.09    3.09
 184589.972    17.894     0.59    3.57
 184956.369    19.634     4.75    6.64
 185322.690    20.968     3.64    7.66
 185688.936    21.168     0.55    7.29
 186055.106    21.244     0.21    6.00
 186421.201    20.840    -1.10    3.93
 186787.221    20.739    -0.28    2.82
 187153.165    21.637     2.46    2.91
 187519.035    23.340     4.65    4.80
 187884.829    25.822     6.79    5.88
 188250.547    29.856    11.03    6.38
 188616.191    32.083     6.09    5.42
 188981.760    33.437     3.71    5.15
 189347.253    31.124    -6.33    6.50
 189712.672    27.325   -10.39    6.24
 190086.465    23.662    -9.80    5.21
 190467.514    21.478    -5.73    4.57
 190848.481    20.395    -2.84    4.20
 191229.365    19.299    -2.88    3.45
 191610.166    18.199    -2.89    3.39
 191990.885    17.426    -2.03    2.73
 192371.521    19.357     5.07    5.08
 192752.074    21.761     6.31    5.44
 193132.546    25.833    10.70    5.44
 193512.935    29.444     9.49    4.40
 193893.241    29.785     0.90    4.44
 194273.466    29.010    -2.04    5.55
 194653.608    29.020     0.03    7.56
 195033.668    29.833     2.14    8.89
 195413.646    32.053     5.84    7.87
 195793.542    32.367     0.83    7.09
 196173.356    30.127    -5.90    6.52
 196553.088    28.045    -5.48    4.91
 196932.739    28.765     1.90    4.97
 197312.307    31.188     6.38    6.10
 197691.794    32.364     3.10    6.01
 198071.199    32.630     0.70    5.65
 198450.522    29.885    -7.24    6.31
 198829.764    26.944    -7.75    5.66
 199208.924    25.831    -2.93    5.31
 199588.002    25.471    -0.95    5.57
 199966.999    29.020     9.36    6.82
 200345.915    33.179    10.97    7.41
 200724.749    36.441     8.61    6.60
 201103.503    38.954     6.63    3.95
 201482.174    38.199    -1.99    4.44
 201860.765    37.706    -1.30    4.24
 202239.274    37.462    -0.64    3.51
 202617.703    37.419    -0.12    2.92
 202996.050    36.894    -1.39    3.23
 203374.316    36.911     0.05    3.30
 203752.502    38.094     3.13    3.54
 204130.606    39.295     3.18    3.29
 204508.630    39.073    -0.59    3.99
 204886.573    37.977    -2.90    4.05
 205264.435    38.106     0.34    4.25
 205642.216    38.696     1.56    4.17
 206019.917    40.926     5.90    3.97
 206397.537    43.133     5.84    2.74
 206775.077    43.655     1.38    3.20
 207152.536    44.878     3.24    3.79
 207529.915    44.833    -0.12    3.94
 207907.214    45.444     1.62    3.60
 208284.432    46.946     3.98    3.72
 208661.569    47.953     2.67    3.85
 209038.627    48.489     1.42    3.81
 209415.604    48.243    -0.65    3.88
 209792.502    46.733    -4.01    3.70
 210169.319    46.397    -0.89    3.48
 210546.056    47.247     2.25    2.82
 210922.713    47.977     1.94    2.91
 211299.290    49.515     4.08    4.10
 211675.788    50.516     2.66    5.11
 212052.205    52.520     5.32    5.61
 212428.543    54.088     4.17    4.81
 212804.801    55.662     4.18    4.83
 213180.979    56.561     2.39    4.49
 213557.078    56.669     0.29    4.44
 213933.097    55.055    -4.29    5.71
 214309.037    51.958    -8.24    5.33
 214684.897    51.999     0.11    5.81
 215060.678    54.808     7.47    6.79
 215436.379    58.351     9.43    5.96
 215812.001    59.031     1.81    4.52
 216187.544    57.771    -3.36    4.55
 216563.007    56.473    -3.46    4.93
 216938.392    54.648    -4.86    6.16
 217313.697    51.452    -8.51    8.51
 217688.923    48.451    -8.00    8.63
 218064.070    47.361    -2.90    7.13
 218439.138    49.425     5.50    7.62
 218814.127    53.608    11.15    6.82
 219189.038    57.680    10.86    4.18
 219563.869    59.521     4.91    3.47
 219938.622    60.095     1.53    2.93
 220313.296    60.859     2.04    3.00
 220687.891    61.736     2.34    3.57
 221062.408    64.064     6.21    4.86
 221436.846    67.063     8.01    4.97
 221811.205    68.735     4.47    3.87
 222185.486    68.978     0.65    3.79
 222559.689    66.977    -5.35    4.55
 222933.813    64.340    -7.05    4.19
 223307.859    62.999    -3.58    3.88
 223681.826    62.840    -0.43    3.58
 224055.716    63.199     0.96    3.81
 224429.527    65.535     6.25    3.98
 224803.259    66.583     2.80    3.71
 225176.914    67.603     2.73    4.01
 225550.491    69.604     5.35    3.70
 225923.990    71.472     5.00    4.80
 226297.411    74.516     8.15    4.83
 226670.754    77.408     7.75    4.11
 227044.019    78.644     3.31    4.96
 227417.206    80.171     4.09    5.06
 227790.315    82.365     5.88    4.56
 228163.347    85.574     8.60    4.79
 228536.301    87.286     4.59    4.09
 228909.177    87.946     1.77    4.11
 229281.976    88.191     0.66    4.29
 229654.698    87.393    -2.14    3.80
 230027.342    87.526     0.36    3.22
 230399.908    88.527     2.69    3.42
 230772.397    89.831     3.50    4.26
 231144.809    92.692     7.68    5.09
 231517.143    95.350     7.14    4.77
 231889.401    96.838     4.00    4.48
 232261.581    95.864    -2.62    4.67
 232633.683    94.591    -3.42    4.58
 233005.709    93.486    -2.97    4.11
 233377.658    92.366    -3.01    2.63
 233749.530    93.313     2.55    2.20
