-152468.429    14.671     0.00    2.51
-152093.450    13.833    -2.23    2.61
-151718.553    13.041    -2.11    2.68
-151343.736    13.913     2.33    4.02
-150969.000    16.866     7.88    5.82
-150594.344    21.717    12.95    7.11
-150219.770    25.691    10.61    6.17
-149845.276    27.337     4.40    4.84
-149470.863    26.031    -3.49    5.80
-149096.530    23.253    -7.42    5.93
-148722.279    20.216    -8.11    5.54
-148348.107    19.105    -2.97    5.35
-147974.016    17.737    -3.66    4.05
-147600.005    17.104    -1.69    3.31
-147226.075    18.165     2.84    4.52
-146852.225    19.680     4.05    5.81
-146478.455    19.860     0.48    6.40
-146104.766    19.278    -1.56    6.40
-145731.156    16.924    -6.30    6.62
-145357.627    15.000    -5.15    5.58
-144984.178    14.554    -1.19    5.24
-144610.809    15.374     2.19    4.94
-144237.519    17.889     6.74    4.60
-143864.310    21.258     9.03    4.22
-143491.180    23.213     5.24    3.37
-143118.130    23.804     1.58    3.17
-142745.160    24.054     0.67    3.23
-142372.270    24.344     0.78    3.85
-141999.459    25.875     4.11    4.06
-141626.728    27.232     3.64    3.29
-141254.076    28.853     4.35    2.87
-140881.504    30.020     3.13    3.30
-140509.011    31.281     3.39    4.19
-140136.598    33.742     6.61    5.42
-139764.264    35.113     3.68    5.09
-139392.009    35.670     1.50    5.02
-139019.834    32.927    -7.37    6.67
-138647.737    29.844    -8.29    6.44
-138275.720    26.485    -9.03    6.31
-137903.782    22.228   -11.45    5.28
-137531.923    20.577    -4.44    4.77
-137160.143    19.435    -3.07    4.26
-136788.442    17.427    -5.40    4.43
-136416.819    15.579    -4.97    6.88
-136045.276    11.611   -10.68    8.73
-135673.811     6.579   -13.55    8.73
-135302.425     3.063    -9.47    8.35
-134931.118     1.474    -4.28    8.17
-134559.890     1.185    -0.78    7.27
-134188.740     0.260    -2.49    7.07
-133817.668    -0.946    -3.25    6.44
-133446.675    -1.520    -1.55    5.55
-133075.761    -2.611    -2.94    5.57
-132704.924    -1.781     2.24    6.01
-132334.167    -0.780     2.70    6.05
-131963.487     0.042     2.22    5.94
-131592.886    -0.830    -2.35    7.21
-131222.363    -3.542    -7.32    7.99
-130851.918    -1.020     6.81   10.21
-130481.551     4.085    13.79   10.91
-130111.262     6.396     6.24    9.17
-129741.051     7.309     2.47    7.43
-129370.918     3.874    -9.28    7.25
-129000.863     1.462    -6.52    6.26
-128630.886     1.885     1.15    6.02
-128260.987     3.000     3.01    6.36
-127891.166     6.000     8.11    5.49
-127521.422     8.333     6.31    4.24
-127151.755    10.305     5.33    2.82
-126782.167    10.916     1.65    2.12
-126412.656    11.779     2.34    2.22
-126043.222    12.156     1.02    2.42
-125673.866    13.183     2.78    2.52
-125304.588    14.670     4.03    3.26
-124935.387    16.272     4.34    3.45
-124566.263    18.000     4.68    2.75
-124197.216    19.678     4.55    3.55
-123828.246    21.196     4.11    4.26
-123459.354    22.946     4.75    3.88
-123090.539    24.823     5.09    2.60
-122721.801    25.000     0.48    2.39
-122353.140    24.191    -2.19    2.69
-121984.556    21.844    -6.37    4.52
-121616.049    17.152   -12.73    6.47
-121247.619    12.677   -12.15    6.45
-120879.265     8.378   -11.67    4.59
-120510.989     5.804    -6.99    3.72
-120142.789     4.819    -2.68    3.94
-119774.666     6.042     3.32    4.42
-119406.619     7.404     3.70    3.58
-119038.649     8.105     1.91    2.24
-118670.756     7.412    -1.88    2.36
-118302.939     6.223    -3.23    2.34
-117935.199     6.083    -0.38    2.33
-117567.535     6.258     0.48    2.68
-117199.947     6.936     1.84    3.04
-116832.436     8.090     3.14    3.33
-116465.001     7.969    -0.33    3.63
-116097.642     6.796    -3.19    3.64
-115730.360     5.062    -4.72    4.11
-115363.153     3.266    -4.89    3.89
-114996.023     2.128    -3.10    3.75
-114628.969     0.740    -3.78    3.65
-114261.990     0.256    -1.32    3.20
-113895.088     0.384     0.35    2.70
-113528.261     0.511     0.35    3.37
-113161.511     2.073     4.26    3.52
-112794.836     3.054     2.68    3.24
-112428.237     3.411     0.97    2.73
-112061.713     3.093    -0.87    2.13
-111695.266     2.277    -2.23    2.50
-111328.894     1.385    -2.43    2.62
-110962.597    -0.236    -4.43    2.04
-110596.376    -0.511    -0.75    1.64
-110230.231    -0.663    -0.42    1.60
-109864.161    -0.583     0.22    2.40
-109498.166    -0.479     0.29    2.69
-109132.247     0.691     3.20    3.18
-108766.402     1.568     2.40    3.32
-108400.634     2.736     3.19    3.41
-108034.940     3.579     2.30    2.77
-107669.322     5.033     3.98    3.58
-107303.778     7.124     5.72    4.36
-106938.310     8.095     2.66    4.03
-106561.119     8.232     0.36    3.15
-106179.995     7.272    -2.52    3.11
-105798.954     5.926    -3.53    2.32
-105417.995     5.033    -2.34    2.27
-105037.119     4.604    -1.12    2.35
-104656.326     3.711    -2.35    2.38
-104275.615     3.010    -1.84    3.78
-103894.987     2.444    -1.49    4.83
-103514.442     2.711     0.70    5.81
-103133.979     2.413    -0.78    6.40
-102753.598     2.878     1.22    6.20
-102373.300     2.933     0.15    6.54
-101993.084     2.375    -1.47    7.82
-101612.950     0.080    -6.04   10.11
-101232.899    -3.319    -8.94   11.17
-100852.929    -5.826    -6.60   10.43
-100473.042    -8.798    -7.82    8.07
-100093.237   -10.900    -5.54    6.05
 -99713.514   -11.608    -1.87    6.72
 -99333.872   -10.522     2.86    8.72
 -98954.313    -9.480     2.75   10.38
 -98574.835    -9.333     0.39   10.35
 -98195.440   -10.344    -2.66    9.21
 -97816.126   -11.090    -1.97    7.86
 -97436.893    -9.189     5.01    7.58
 -97057.743    -6.489     7.12    6.77
 -96678.673    -4.447     5.39    5.30
 -96299.686    -3.920     1.39    3.67
 -95920.780    -4.768    -2.24    3.54
 -95541.955    -5.556    -2.08    4.18
 -95163.212    -5.917    -0.95    4.28
 -94784.550    -3.451     6.51    5.63
 -94405.969    -0.500     7.79    5.86
 -94027.469     3.067     9.43    5.69
 -93649.051     5.936     7.58    5.76
 -93270.714     6.839     2.39    5.71
 -92892.457     7.830     2.62    4.90
 -92514.282     8.471     1.70    5.16
 -92136.188    10.181     4.52    6.37
 -91758.175     9.966    -0.57    6.90
 -91380.242     8.177    -4.73    7.85
 -91002.390     5.256    -7.73    8.35
 -90624.619     1.165   -10.83    5.53
 -90246.929    -0.867    -5.38    3.17
 -89869.320    -1.594    -1.93    2.83
 -89491.791    -1.360     0.62    2.64
 -89114.342     0.118     3.92    3.31
 -88736.974     0.874     2.00    3.22
 -88359.687     0.957     0.22    3.05
 -87982.480     1.477     1.38    3.38
 -87605.353     1.882     1.07    2.85
 -87228.307     3.167     3.41    2.13
 -86851.340     4.469     3.45    2.50
 -86474.454     6.289     4.83    5.07
 -86097.648     8.526     5.94    6.28
 -85720.923    10.022     3.97    6.49
 -85344.277     9.000    -2.71    6.80
 -84967.711     6.477    -6.70    5.85
 -84591.225     5.106    -3.64    3.89
 -84214.819     5.292     0.49    3.28
 -83838.493     5.385     0.25    3.46
 -83462.247     5.319    -0.18    3.53
 -83086.081     5.500     0.48    4.00
 -82709.994     4.967    -1.42    4.44
 -82333.987     6.926     5.21    5.61
 -81958.059     8.120     3.18    5.49
 -81582.211     8.095    -0.07    5.43
 -81206.442     7.413    -1.81    5.65
 -80830.753     5.537    -4.99    4.54
 -80455.143     4.670    -2.31    4.65
 -80079.613     5.553     2.35    6.31
 -79704.162     6.106     1.47    6.76
 -79328.790     5.527    -1.54    7.28
 -78953.497     4.936    -1.57    6.52
 -78578.284     4.696    -0.64    6.44
 -78203.150     3.840    -2.28    6.75
 -77828.094     1.309    -6.75    8.36
 -77453.118    -2.351    -9.76    8.31
 -77078.220    -5.404    -8.14    4.97
 -76703.402    -4.777     1.67    5.18
 -76328.662    -2.011     7.38    6.40
 -75954.001    -0.106     5.08    7.26
 -75579.419     0.413     1.39    7.50
 -75204.916    -0.628    -2.78    6.38
 -74830.491    -0.656    -0.07    5.27
 -74456.145    -0.957    -0.81    4.51
 -74081.877    -0.400     1.49    4.27
 -73707.688    -1.052    -1.74    4.20
 -73333.577    -2.267    -3.25    4.43
 -72959.545    -3.094    -2.21    4.10
 -72585.591    -4.022    -2.48    3.52
 -72211.715    -4.394    -0.99    3.35
 -71837.918    -4.864    -1.26    3.21
 -71464.199    -3.812     2.81    4.15
 -71090.558    -2.538     3.41    5.11
 -70716.995    -2.213     0.87    5.29
 -70343.510    -2.172     0.11    4.96
 -69970.104    -3.298    -3.02    4.88
 -69596.775    -3.394    -0.26    4.78
 -69223.524    -3.489    -0.26    4.51
 -68850.351    -4.957    -3.93    4.24
 -68477.256    -5.409    -1.21    3.53
 -68104.238    -5.505    -0.26    3.51
 -67731.299    -4.862     1.73    3.88
 -67358.437    -3.753     2.97    3.50
 -66985.652    -3.674     0.21    3.07
 -66612.946    -3.247     1.14    3.84
 -66240.316    -1.637     4.32    5.20
 -65867.765     0.305     5.21    6.02
 -65495.290     3.466     8.49    4.05
 -65122.894     4.835     3.68    3.00
 -64750.574     4.700    -0.36    3.33
 -64378.332     4.021    -1.82    3.37
 -64006.167     3.667    -0.95    3.64
 -63634.079     3.511    -0.42    3.90
 -63262.068     3.637     0.34    3.72
 -62890.135     2.860    -2.09    3.61
 -62518.278     2.258    -1.62    3.55
 -62146.499     3.739     3.98    4.17
 -61774.796     5.660     5.17    3.77
 -61403.171     6.290     1.70    3.16
 -61031.622     6.053    -0.64    2.76
 -60660.150     3.108    -7.93    4.66
 -60288.755     0.511    -6.99    5.04
 -59917.437    -2.154    -7.18    4.07
 -59546.195    -3.309    -3.11    3.20
 -59175.030    -2.547     2.05    3.28
 -58803.942    -1.796     2.02    3.49
 -58432.930    -1.126     1.80    3.01
 -58061.994    -1.053     0.20    2.49
 -57691.135    -0.833     0.59    2.21
 -57320.353    -1.022    -0.51    2.13
 -56949.647    -1.467    -1.20    2.05
 -56579.017    -1.695    -0.61    1.72
 -56208.463    -1.978    -0.76    2.13
 -55837.986    -3.226    -3.37    3.79
 -55467.584    -4.663    -3.88    4.16
 -55097.259    -5.258    -1.61    4.09
 -54727.010    -4.894     0.98    3.70
 -54356.837    -4.144     2.02    3.13
 -53986.740    -3.319     2.23    2.77
 -53616.719    -3.101     0.59    2.74
 -53246.774    -2.323     2.10    2.67
 -52876.905    -1.146     3.18    2.86
 -52507.111    -1.000     0.40    3.61
 -52137.393    -0.844     0.42    4.47
 -51767.751    -1.840    -2.69    4.76
 -51398.185    -2.791    -2.57    4.59
 -51028.694    -4.298    -4.08    4.44
 -50659.279    -5.489    -3.23    3.99
 -50289.939    -6.777    -3.49    2.96
 -49920.674    -7.925    -3.11    1.43
 -49551.486    -8.178    -0.69    0.88
 -49182.372    -8.065     0.31    0.29
 -48813.334    -8.011     0.14    0.11
 -48444.371    -8.000     0.03    0.00
 -48075.484    -8.000     0.00    0.00
 -47706.671    -8.000     0.00    0.00
 -47337.934    -8.000     0.00    0.00
 -46969.272    -8.000     0.00    0.00
 -46600.685    -8.000     0.00    0.00
 -46232.173    -8.000     0.00    0.00
 -45863.736    -8.000     0.00    0.00
 -45495.374    -8.000     0.00    0.00
 -45127.086    -8.000     0.00    0.00
 -44758.874    -8.000     0.00    0.00
 -44390.736    -8.000     0.00    0.00
 -44022.674    -7.864     0.37    0.35
 -43654.685    -7.473     1.06    0.79
 -43286.772    -6.989     1.32    0.92
 -42918.933    -6.463     1.43    0.77
 -42551.169    -6.120     0.93    0.42
 -42183.479    -6.000     0.33    0.00
 -41815.864    -6.000     0.00    0.00
 -41448.323    -6.000     0.00    0.00
 -41080.856    -6.000     0.00    0.00
 -40713.464    -6.000     0.00    0.00
 -40346.146    -6.000     0.00    0.00
 -39978.903    -6.000     0.00    0.00
 -39611.733    -6.000     0.00    0.00
 -39244.638    -6.000     0.00    0.00
 -38877.617    -6.000     0.00    0.00
 -38510.670    -6.000     0.00    0.00
 -38143.797    -6.000     0.00    0.00
 -37776.998    -6.000     0.00    0.00
 -37410.273    -6.000     0.00    0.00
 -37043.621    -6.000     0.00    0.00
 -36677.044    -6.000     0.00    0.00
 -36310.540    -6.000     0.00    0.00
 -35944.111    -6.000     0.00    0.00
 -35577.755    -6.000     0.00    0.00
 -35211.472    -5.888     0.31    0.38
 -34845.264    -5.785     0.28    0.49
 -34479.128    -5.761     0.07    0.52
 -34113.067    -5.791    -0.08    0.48
 -33747.079    -5.936    -0.40    0.29
 -33381.164    -6.000    -0.17    0.00
 -33015.323    -6.000     0.00    0.00
 -32649.555    -6.000     0.00    0.00
 -32283.860    -6.000     0.00    0.00
 -31911.251    -6.000     0.00    0.00
 -31530.289    -5.565     1.14    0.83
 -31149.409    -5.065     1.31    1.00
 -30768.609    -4.495     1.50    0.87
 -30387.889    -4.067     1.12    0.36
 -30007.250    -4.000     0.18    0.00
 -29626.691    -4.000     0.00    0.00
 -29246.213    -4.000     0.00    0.00
 -28865.816    -4.000     0.00    0.00
 -28485.498    -4.000     0.00    0.00
 -28105.261    -4.000     0.00    0.00
 -27725.104    -4.000     0.00    0.00
 -27345.027    -4.000     0.00    0.00
 -26965.030    -4.000     0.00    0.00
 -26585.113    -4.000     0.00    0.00
 -26205.277    -4.000     0.00    0.00
 -25825.520    -4.000     0.00    0.00
 -25445.843    -4.000     0.00    0.00
 -25066.246    -4.000     0.00    0.00
 -24686.729    -4.000     0.00    0.00
 -24307.292    -3.978     0.06    0.15
 -23927.934    -3.819     0.42    0.87
 -23548.656    -3.389     1.13    1.89
 -23169.458    -3.054     0.88    2.41
 -22790.339    -2.667     1.02    2.89
 -22411.300    -2.904    -0.63    2.31
 -22032.340    -3.000    -0.25    1.63
 -21653.460    -3.194    -0.51    1.29
 -21274.658    -3.099     0.25    1.63
 -20895.937    -2.859     0.63    2.36
 -20517.294    -3.376    -1.37    2.03
 -20138.731    -3.587    -0.56    1.67
 -19760.247    -3.172     1.10    1.74
 -19381.842    -2.912     0.69    1.41
 -19003.516    -2.656     0.68    0.88
 -18625.269    -2.272     1.02    0.58
 -18247.101    -2.000     0.72    0.00
 -17869.012    -2.000     0.00    0.00
 -17491.002    -2.000     0.00    0.00
 -17113.071    -2.000     0.00    0.00
 -16735.219    -2.000     0.00    0.00
 -16357.445    -2.000     0.00    0.00
 -15979.750    -2.000     0.00    0.00
 -15602.133    -2.000     0.00    0.00
 -15224.596    -1.924     0.20    0.34
 -14847.136    -1.826     0.26    0.87
 -14469.756    -2.000    -0.46    1.31
 -14092.453    -2.096    -0.25    1.66
 -13715.229    -2.744    -1.72    2.53
 -13338.084    -2.755    -0.03    3.15
 -12961.016    -2.167     1.56    3.61
 -12584.027    -2.011     0.41    4.00
 -12207.116    -0.809     3.19    3.84
 -11830.283     0.269     2.86    4.31
 -11453.529     1.573     3.46    5.03
 -11076.852     1.774     0.53    4.78
 -10700.254     1.193    -1.54    5.14
 -10323.733     0.140    -2.80    4.37
  -9947.290    -1.125    -3.36    2.29
  -9570.925    -1.968    -2.24    1.49
  -9194.638    -1.920     0.13    1.41
  -8818.429    -1.570     0.93    1.18
  -8442.298    -1.057     1.36    0.70
  -8066.244    -0.860     0.52    0.50
  -7690.268    -0.920    -0.16    0.31
  -7314.369    -0.742     0.47    0.44
  -6938.548    -0.455     0.76    0.50
  -6562.804    -0.215     0.64    0.41
  -6187.138     0.000     0.57    0.00
  -5811.549     0.000     0.00    0.00
  -5436.038     0.000     0.00    0.00
  -5060.603     0.000     0.00    0.00
  -4685.246    -0.011    -0.03    0.11
  -4309.967    -0.043    -0.08    0.33
  -3934.764     0.000     0.11    0.00
  -3559.639     0.000     0.00    0.00
  -3184.590     0.000     0.00    0.00
  -2809.619     0.000     0.00    0.00
  -2434.724     0.000     0.00    0.00
  -2059.907     0.000     0.00    0.00
  -1685.166     0.000     0.00    0.00
  -1310.502     0.000     0.00    0.00
   -935.915     0.000     0.00    0.00
   -561.405     0.000     0.00    0.00
   -186.971     0.000     0.00    0.00
    187.386     0.000     0.00    0.00
    561.666     0.000     0.00    0.00
    935.870     0.000     0.00    0.00
   1309.998     0.000     0.00    0.00
   1684.049     0.000     0.00    0.00
   2058.023     0.000     0.00    0.00
   2431.921     0.000     0.00    0.00
   2805.743     0.000     0.00    0.00
   3179.489     0.000     0.00    0.00
   3553.158     0.000     0.00    0.00
   3926.751     0.000     0.00    0.00
   4300.269     0.034     0.09    0.18
   4673.710     0.122     0.24    0.33
   5047.075     0.202     0.21    0.40
   5420.363     0.323     0.32    0.47
   5793.577     0.422     0.27    0.50
   6166.714     0.739     0.85    0.64
   6539.775     1.132     1.05    0.70
   6912.760     1.548     1.12    0.62
   7285.670     1.890     0.92    0.31
   7658.504     2.000     0.29    0.00
   8031.262     2.000     0.00    0.00
   8403.945     2.000     0.00    0.00
   8776.552     2.000     0.00    0.00
   9149.084     2.000     0.00    0.00
   9521.540     2.000     0.00    0.00
   9893.921     2.000     0.00    0.00
  10266.226     2.000     0.00    0.00
  10638.456     2.000     0.00    0.00
  11010.611     2.000     0.00    0.00
  11382.690     2.000     0.00    0.00
  11754.694     2.000     0.00    0.00
  12126.623     2.000     0.00    0.00
  12498.477     2.000     0.00    0.00
  12870.256     2.000     0.00    0.00
  13241.959     2.000     0.00    0.00
  13613.588     2.000     0.00    0.00
  13985.142     2.000     0.00    0.00
  14356.621     2.000     0.00    0.00
  14728.025     2.167     0.45    0.37
  15099.354     2.370     0.55    0.49
  15470.609     2.659     0.78    0.48
  15841.788     2.902     0.65    0.30
  16212.894     3.000     0.26    0.00
  16583.924     3.099     0.27    0.30
  16954.880     3.333     0.63    0.47
  17325.761     3.604     0.73    0.49
  17696.568     3.860     0.69    0.35
  18067.300     4.000     0.38    0.00
  18437.958     4.000     0.00    0.00
  18808.542     4.000     0.00    0.00
  19179.051     4.000     0.00    0.00
  19549.486     4.000     0.00    0.00
  19919.847     4.000     0.00    0.00
  20290.134     4.000     0.00    0.00
  20660.346     4.000     0.00    0.00
  21030.485     4.000     0.00    0.00
  21400.549     4.000     0.00    0.00
  21770.539     4.000     0.00    0.00
  22140.456     4.000     0.00    0.00
  22510.298     4.000     0.00    0.00
  22880.067     4.033     0.09    0.23
  23249.761     4.057     0.07    0.35
  23619.382     3.957    -0.27    0.51
  23988.929     3.605    -0.95    1.10
  24358.403     3.293    -0.84    1.46
  24727.803     3.095    -0.54    1.53
  25097.129     3.278     0.49    2.09
  25466.381     3.909     1.71    2.54
  25835.561     6.043     5.78    3.24
  26204.666     9.830    10.26    6.39
  26573.698    14.549    12.79    9.50
  26942.657    16.667     5.74    8.88
  27311.543    16.043    -1.69    7.96
  27680.355    13.813    -6.05    7.78
  28049.093    10.800    -8.17    7.41
  28417.759     7.707    -8.39    5.33
  28786.352     5.184    -6.84    0.64
  29154.871     5.011    -0.47    0.10
  29523.317     5.000    -0.03    0.00
  29891.690     5.000     0.00    0.00
  30259.990     5.000     0.00    0.00
  30628.218     5.000     0.00    0.00
  30996.372     5.000     0.00    0.00
  31364.453     5.000     0.00    0.00
  31732.462     5.000     0.00    0.00
  32100.398     5.000     0.00    0.00
  32468.261     5.000     0.00    0.00
  32836.051     5.000     0.00    0.00
  33203.769     5.000     0.00    0.00
  33571.414     5.000     0.00    0.34
  33938.986     4.630    -1.01    0.99
  34306.486     4.349    -0.77    1.99
  34673.913     4.151    -0.54    2.97
  35041.268     3.544    -1.65    3.68
  35408.551     4.077     1.45    3.74
  35775.761     4.879     2.18    4.18
  36142.899     7.202     6.33    5.09
  36509.965     9.011     4.93    4.28
  36876.958    10.022     2.76    3.06
  37243.879    10.198     0.48    2.89
  37610.728    10.575     1.03    2.74
  37977.505    11.587     2.76    3.04
  38344.210    12.942     3.69    3.05
  38710.843    14.174     3.36    2.90
  39077.404    14.611     1.19    2.87
  39443.892    15.067     1.24    2.77
  39810.309    16.366     3.54    3.31
  40176.655    17.256     2.43    3.42
  40542.928    18.330     2.93    3.01
  40909.129    18.253    -0.21    2.72
  41275.259    18.220    -0.09    3.39
  41641.317    20.176     5.35    5.19
  42007.304    22.297     5.79    6.48
  42373.219    25.000     7.39    6.58
  42741.600    26.242     3.37    5.95
  43122.401    25.356    -2.33    7.63
  43503.123    23.099    -5.93    8.26
  43883.767    20.267    -7.44    7.77
  44264.332    18.315    -5.13    6.11
  44644.819    16.826    -3.91    2.93
  45025.228    16.011    -2.14    2.70
  45405.558    15.372    -1.68    2.52
  45785.811    15.207    -0.44    2.32
  46165.985    13.584    -4.27    3.26
  46546.080    12.505    -2.84    4.34
  46926.098    11.618    -2.34    4.99
  47306.038    10.846    -2.03    4.48
  47685.899    11.299     1.19    3.70
  48065.683    12.822     4.01    4.34
  48445.389    16.655    10.09    6.85
  48825.016    20.033     8.90    7.78
  49204.566    22.371     6.16    7.64
  49584.039    21.022    -3.55    8.25
  49963.433    17.367    -9.63    7.98
  50342.750    13.902    -9.13    4.92
  50721.989    12.378    -4.02    2.99
  51101.151    12.659     0.74    3.70
  51480.235    11.725    -2.46    3.88
  51859.241    11.287    -1.16    3.74
  52238.171    12.978     4.46    5.52
  52617.022    15.034     5.43    7.75
  52995.797    17.308     6.00    7.49
  53374.494    17.506     0.52    5.72
  53753.114    16.978    -1.39    3.53
  54131.656    17.302     0.86    2.99
  54510.122    18.427     2.97    3.62
  54888.510    19.741     3.47    3.86
  55266.821    19.767     0.07    3.80
  55645.056    19.860     0.25    3.53
  56023.213    22.088     5.89    5.35
  56401.293    25.706     9.57    7.91
  56779.297    28.747     8.05    8.86
  57157.223    32.310     9.43   10.25
  57535.073    34.772     6.52    9.76
  57912.846    36.605     4.85    7.69
  58290.542    37.076     1.25    6.07
  58668.162    36.779    -0.79    5.48
  59045.705    35.913    -2.29    5.71
  59423.172    36.291     1.00    7.11
  59800.562    38.912     6.95   10.38
  60177.875    42.548     9.63   11.92
  60555.112    44.367     4.82   11.03
  60932.273    45.106     1.96    8.64
  61309.358    46.209     2.92    5.48
  61686.366    47.560     3.58    4.34
  62063.298    50.663     8.23    7.07
  62440.153    52.845     5.79    8.36
  62816.933    55.146     6.11    9.20
  63193.636    56.917     4.70    9.46
  63570.264    59.440     6.70    9.17
  63946.815    63.118     9.77    7.46
  64323.291    65.989     7.63    6.34
  64699.690    67.821     4.87    6.19
  65076.014    69.879     5.47    6.03
  65452.261    72.575     7.16    4.97
  65828.433    76.087     9.34    5.68
  66204.530    80.287    11.17    6.85
  66580.550    84.275    10.60    6.35
  66956.495    88.459    11.13    4.03
  67332.365    90.703     5.97    3.27
  67708.158    92.153     3.86    3.03
  68083.877    92.956     2.14    2.66
  68459.519    92.643    -0.83    2.91
  68835.087    89.921    -7.25    4.10
  69210.579    86.458    -9.22    4.95
  69585.995    83.112    -8.91    5.49
  69961.337    80.976    -5.69    4.16
  70336.603    80.780    -0.52    3.42
  70711.794    81.964     3.16    3.58
  71086.909    84.582     6.98    4.51
  71461.950    87.238     7.08    4.79
  71836.916    90.967     9.95    4.71
  72211.806    94.570     9.61    3.32
  72586.622    96.120     4.13    2.55
  72961.362    96.482     0.97    3.07
  73336.028    95.758    -1.93    4.03
  73710.619    95.167    -1.58    4.15
  74085.135    96.833     4.45    5.96
  74459.577    98.488     4.42    6.11
  74833.943    99.438     2.54    5.72
  75208.235    98.964    -1.27    6.40
  75582.453    96.281    -7.17    6.56
  75956.596    95.000    -3.42    6.47
  76330.664    94.444    -1.49    7.07
  76704.658    92.721    -4.61    8.79
  77078.577    92.231    -1.31    8.55
  77452.422    91.128    -2.95    7.45
  77826.193    92.692     4.19    6.94
  78199.889    94.876     5.84    5.35
  78573.511    97.933     8.18    6.10
  78947.059   100.876     7.88    7.16
  79320.532   106.703    15.60   10.05
  79693.932   114.125    19.87   14.03
  80067.257   123.400    24.84   14.44
  80440.509   129.621    16.67   11.65
  80813.686   133.225     9.66    5.31
  81186.789   135.148     5.15    3.60
  81559.819   137.211     5.53    4.65
  81932.774   139.534     6.23    5.96
  82305.656   144.878    14.33    7.55
  82678.464   150.068    13.92    9.19
  83051.198   155.955    15.79    9.19
  83423.859   161.449    14.74    7.69
  83796.446   164.886     9.22    6.87
  84168.959   166.545     4.45    6.39
  84541.399   166.851     0.82    6.06
  84913.765   167.100     0.67    5.14
  85286.058   167.747     1.74    3.33
  85658.277   167.725    -0.06    2.96
  86030.423   169.216     4.01    2.98
  86402.495   171.033     4.88    3.36
  86774.495   173.368     6.28    4.23
  87146.420   173.989     1.67    5.40
  87518.273   172.190    -4.84    7.47
  87890.053   168.444   -10.08    7.30
  88261.759   163.964   -12.05    6.18
  88633.392   159.202   -12.81    6.92
  89004.953   154.786   -11.89    7.34
  89376.440   149.742   -13.58    6.72
  89747.854   144.659   -13.68    5.98
  90119.195   139.461   -14.00    6.03
  90490.464   136.759    -7.28    4.98
  90861.659   136.956     0.53    5.20
  91232.782   138.371     3.81    6.08
  91603.832   141.767     9.15    6.86
  91974.810   144.689     7.88    7.06
  92345.714   146.326     4.41    7.30
  92716.546   146.545     0.59    6.66
  93087.306   145.307    -3.34    5.34
  93457.993   143.787    -4.10    3.44
  93828.607   142.714    -2.89    1.54
  94199.149   142.989     0.74    1.72
  94569.619   142.955    -0.09    2.67
  94940.016   142.089    -2.34    4.23
  95310.341   140.372    -4.64    6.24
  95680.593   136.284   -11.04    7.95
  96050.773   132.024   -11.51    8.43
  96420.882   130.596    -3.86    8.28
  96790.918   130.928     0.90    8.12
  97160.881   133.511     6.98    6.09
  97530.773   135.747     6.04    5.22
  97900.593   137.611     5.04    6.64
  98270.340   140.161     6.90    8.74
  98640.016   144.178    10.87    8.81
  99009.620   147.044     7.76    6.61
  99379.152   145.854    -3.22    7.26
  99748.612   140.261   -15.14   10.49
 100118.000   131.875   -22.70   12.81
 100487.317   124.820   -19.10   11.93
 100856.562   119.000   -15.76   11.18
 101225.735   111.533   -20.22   14.81
 101594.837   100.644   -29.50   21.45
 101963.867    87.489   -35.64   21.93
 102332.825    75.477   -32.55   13.62
 102701.712    77.697     6.02   16.42
 103070.528    91.714    38.00   26.25
 103439.272   108.034    44.25   27.24
 103807.945   124.202    43.85   21.94
 104176.546   137.079    34.93   22.65
 104545.076   148.000    29.63   22.08
 104913.535   155.360    19.97   19.89
 105281.923   161.764    17.38   19.45
 105650.239   166.427    12.66   19.88
 106018.485   171.364    13.40   17.58
 106386.659   175.920    12.38   11.02
 106754.762   173.416    -6.80   12.06
 107122.794   162.057   -30.86   20.71
 107490.756   144.409   -47.96   24.83
 107858.646   126.581   -48.46   21.18
 108226.466   115.211   -30.91   13.39
 108594.214   107.744   -20.30    8.04
 108961.892   101.609   -16.68   11.41
 109329.499   100.110    -4.08   12.29
 109697.035   107.607    20.40   20.37
 110064.501   117.759    27.62   23.94
 110431.896   134.292    45.00   18.59
 110799.221   146.932    34.41   12.67
 111166.474   156.989    27.38   14.23
 111533.658   163.414    17.50   16.24
 111900.771   174.379    29.87   15.59
 112267.813   181.544    19.52   13.34
 112634.785   185.279    10.18   12.85
 113001.687   186.615     3.64   13.76
 113368.518   186.286    -0.90   14.29
 113735.279   186.769     1.32   12.81
 114101.970   187.329     1.53   10.86
 114468.591   184.854    -6.75    8.97
 114835.142   181.023   -10.45    9.56
 115201.622   173.124   -21.55   11.96
 115568.032   164.966   -22.26   11.82
 115934.373   159.091   -16.04   11.06
 116300.643   156.182    -7.94   12.76
 116666.843   152.414   -10.29   14.96
 117032.974   149.258    -8.62   14.43
 117399.034   144.915   -11.87   12.43
 117778.097   143.102    -4.78   10.42
 118158.662   143.767     1.75    9.24
 118539.151   144.011     0.64   11.45
 118919.563   143.698    -0.82   14.46
 119299.899   143.389    -0.81   13.14
 119680.158   145.557     5.70   12.78
 120060.342   147.809     5.92   11.40
 120440.449   150.375     6.75   10.70
 120820.480   154.744    11.50   10.44
 121200.435   157.722     7.84   10.51
 121580.314   158.886     3.06    9.80
 121960.116   157.705    -3.11   11.21
 122339.843   155.989    -4.52   13.36
 122719.494   154.000    -5.24   13.48
 123099.070   155.190     3.14   13.70
 123478.569   156.580     3.66   12.73
 123857.992   159.417     7.48   10.96
 124237.340   163.573    10.96   11.98
 124616.612   167.000     9.03   12.46
 124995.809   170.380     8.91   12.13
 125374.930   173.310     7.73   10.50
 125753.975   176.955     9.62   11.96
 126132.945   181.829    12.86   11.79
 126511.839   187.159    14.07   12.03
 126890.658   194.143    18.43    9.16
 127269.401   197.341     8.44    6.11
 127648.069   199.267     5.09    3.86
 128026.662   199.596     0.87    4.64
 128405.180   200.233     1.68    4.73
 128783.622   200.584     0.93    3.98
 129161.990   203.264     7.08    5.41
 129540.282   205.943     7.08    6.21
 129918.499   209.943    10.57    6.08
 130296.641   214.701    12.58    4.53
 130674.708   218.125     9.06    4.44
 131052.700   219.784     4.39    4.13
 131430.618   217.864    -5.08    7.61
 131808.460   214.920    -7.79    9.01
 132186.228   210.920   -10.59    8.67
 132563.921   206.908   -10.62    7.33
 132941.539   203.659    -8.60    5.94
 133319.082   201.625    -5.39    4.41
 133696.551   201.056    -1.51    4.18
 134073.946   201.756     1.86    4.01
 134451.265   202.114     0.95    3.25
 134828.511   203.655     4.09    5.66
 135205.681   208.875    13.84    8.91
 135582.778   213.407    12.02    8.03
 135959.800   216.932     9.35    4.73
 136336.748   216.930    -0.00    4.34
 136713.621   214.944    -5.27    3.63
 137090.420   213.337    -4.26    3.47
 137467.145   213.056    -0.75    4.86
 137843.796   211.595    -3.88    6.83
 138220.373   208.920    -7.10    8.09
 138596.876   204.866   -10.77    8.60
 138973.304   198.921   -15.79    8.07
 139349.659   195.386    -9.39    6.98
 139725.940   193.954    -3.80    5.59
 140102.147   192.405    -4.12    5.02
 140478.280   190.659    -4.64    5.80
 140854.339   188.417    -5.96    6.76
 141230.325   184.489   -10.45    7.44
 141606.237   181.232    -8.66    6.08
 141982.075   178.667    -6.82    4.56
 142357.839   177.207    -3.88    4.91
 142733.530   177.932     1.93    5.48
 143109.148   181.012     8.20    7.94
 143484.691   184.822    10.14    8.48
 143860.162   189.841    13.37    8.19
 144235.559   193.389     9.45    6.30
 144610.883   194.268     2.34    5.80
 144986.133   194.568     0.80    5.39
 145361.310   192.988    -4.21    5.70
 145736.414   192.310    -1.81    6.04
 146111.444   193.024     1.90    6.64
 146486.402   197.011    10.63    7.83
 146861.286   201.659    12.40    8.29
 147236.097   204.189     6.75    8.90
 147610.836   204.434     0.65   12.21
 147985.501   201.727    -7.22   15.36
 148360.093   199.037    -7.18   15.24
 148734.613   197.667    -3.66   13.29
 149109.059   199.049     3.69   11.26
 149483.433   204.511    14.59    9.70
 149857.734   210.049    14.79   10.04
 150231.962   216.767    17.95    9.98
 150606.117   222.810    16.15    6.82
 150980.200   225.807     8.01    4.27
 151354.211   226.195     1.04    3.88
 151728.148   225.621    -1.54    5.16
 152102.013   225.902     0.75    7.12
 152475.806   226.864     2.57    8.63
 152849.526   229.482     7.01   10.10
 153223.174   232.989     9.38    9.87
 153596.750   236.687     9.90   10.45
 153970.253   243.609    18.53   12.00
 154343.684   250.841    19.36   13.63
 154717.042   258.455    20.39   11.63
 155090.329   263.220    12.76    8.93
 155463.543   263.368     0.40    8.20
 155836.686   261.619    -4.69    8.65
 156209.756   259.809    -4.85    7.82
 156582.754   258.640    -3.13    6.71
 156955.680   255.898    -7.35    8.06
 157328.534   247.729   -21.90   14.36
 157701.317   236.102   -31.19   15.43
 158074.027   229.140   -18.68   10.52
 158446.666   229.273     0.36   10.48
 158819.233   238.494    24.75   15.37
 159191.728   249.523    29.60   14.76
 159564.151   257.621    21.74    9.99
 159936.503   260.512     7.76    6.20
 160308.783   260.186    -0.87    6.61
 160680.992   259.012    -3.15    7.15
 161053.129   260.750     4.67    8.22
 161425.194   262.787     5.47    7.79
 161797.189   266.083     8.86    8.78
 162169.111   272.364    16.88   14.53
 162540.963   283.057    28.75   22.06
 162912.743   303.356    54.59   29.00
 163284.452   322.852    52.44   31.94
 163656.089   342.287    52.29   30.42
 164027.655   359.558    46.48   25.73
 164399.151   368.977    25.35   22.17
 164770.575   371.425     6.59   20.13
 165141.928   364.600   -18.38   23.24
 165513.210   351.621   -34.95   27.23
 165884.421   336.690   -40.22   25.43
 166255.561   328.295   -22.62   19.00
 166626.630   322.726   -15.01    9.79
 166997.628   324.793     5.57    8.49
 167368.555   329.407    12.44   10.30
 167739.412   334.425    13.53   12.54
 168110.198   337.049     7.07   12.43
 168480.913   335.989    -2.86   13.02
 168851.557   332.866    -8.42   12.72
 169222.131   327.966   -13.22   11.34
 169592.634   322.048   -15.97   11.13
 169963.067   312.466   -25.86   13.93
 170333.429   304.412   -21.74   14.29
 170703.720   302.852    -4.21   17.48
 171073.942   305.224     6.40   22.64
 171444.092   315.591    28.00   28.24
 171814.173   325.713    27.35   28.29
 172184.183   330.862    13.92   26.15
 172554.123   332.023     3.14   23.88
 172923.993   334.988     8.02   20.07
 173293.792   335.261     0.74   18.87
 173663.521   336.414     3.12   16.98
 174033.180   330.230   -16.73   17.73
 174402.770   320.093   -27.42   19.35
 174772.289   315.364   -12.80   15.29
 175141.738   315.435     0.19   12.95
 175511.117   321.356    16.03   13.21
 175880.426   328.146    18.39    8.53
 176249.665   328.563     1.13    9.63
 176618.835   324.598   -10.74   12.55
 176987.934   314.782   -26.59   17.42
 177356.964   301.390   -36.28   19.13
 177725.925   292.477   -24.16   15.98
 178094.815   288.188   -11.62   12.01
 178463.636   290.409     6.02   12.26
 178832.387   298.011    20.61   11.97
 179201.069   306.349    22.61   11.00
 179569.681   309.512     8.58   10.39
 179938.224   313.023     9.53   10.35
 180306.697   312.765    -0.70   10.77
 180675.101   309.779    -8.10   11.67
 181043.436   304.384   -14.65   14.06
 181411.701   295.082   -25.25   15.77
 181779.897   286.954   -22.07   14.96
 182148.023   280.321   -18.01   12.21
 182516.081   278.184    -5.81   11.71
 182884.069   279.049     2.35   11.76
 183251.988   281.459     6.55   11.89
 183619.838   284.402     8.00   13.79
 183987.619   287.310     7.91   15.81
 184355.331   290.566     8.85   17.30
 184722.974   294.337    10.26   19.59
 185090.548   293.943    -1.07   23.31
 185458.053   292.500    -3.92   26.73
 185825.489   288.453   -11.01   29.23
 186192.857   286.523    -5.25   27.49
 186560.155   286.553     0.08   23.61
 186927.385   290.779    11.51   18.41
 187294.547   294.012     8.80   11.63
 187661.639   293.083    -2.53    9.70
 188028.663   285.545   -20.53   12.92
 188395.618   275.988   -26.04   13.41
 188762.505   264.318   -31.80   14.71
 189129.323   254.716   -26.17   14.28
 189496.073   242.047   -34.54   19.67
 189862.754   226.747   -41.72   21.72
 190229.367   209.302   -47.58   21.87
 190595.912   195.402   -37.92   16.54
 190962.388   185.529   -26.94   11.40
 191328.796   179.295   -17.01   10.05
 191695.136   172.627   -18.20   10.91
 192061.407   166.739   -16.07   11.48
 192436.508   159.805   -18.48    9.31
 192816.919   154.155   -14.85    7.87
 193197.256   148.920   -13.76    5.00
 193577.519   146.701    -5.84    4.01
 193957.707   144.849    -4.87    3.39
 194337.821   143.965    -2.32    3.53
 194717.860   143.414    -1.45    3.28
 195097.826   144.238     2.17    3.44
 195477.717   145.955     4.52    4.83
 195857.534   148.494     6.68    6.05
 196237.278   151.184     7.08    6.63
 196616.947   152.625     3.80    8.04
 196996.542   152.506    -0.31    8.64
 197376.063   151.625    -2.32    8.19
 197755.511   150.761    -2.28    6.13
 198134.884   150.807     0.12    4.58
 198514.184   153.341     6.68    6.19
 198893.410   158.709    14.15    8.66
 199272.563   164.931    16.41    8.60
 199651.642   171.593    17.57    4.92
 200030.647   174.852     8.60    4.01
 200409.578   176.452     4.22    3.49
 200788.436   177.988     4.05    3.51
 201167.221   181.580     9.48    5.11
 201545.932   184.759     8.39    6.53
 201924.570   186.965     5.83    5.38
 202303.134   189.128     5.71    5.02
 202681.625   191.966     7.50    6.61
 203060.043   194.738     7.33    8.29
 203438.387   197.235     6.60    8.14
 203816.659   198.190     2.52    7.62
 204194.857   198.151    -0.10    5.59
 204572.982   197.457    -1.84    4.13
 204951.034   191.930   -14.62    8.68
 205329.013   185.902   -15.94    9.34
 205706.919   181.784   -10.90    7.86
 206084.752   179.780    -5.30    6.78
 206462.512   179.909     0.34    7.99
 206840.199   180.222     0.83    8.53
 207217.813   180.046    -0.47    7.64
 207595.355   178.675    -3.63    5.88
 207972.824   178.174    -1.33    4.04
 208350.220   177.181    -2.63    3.23
 208727.544   174.779    -6.36    3.78
 209104.795   173.605    -3.11    3.88
 209481.973   174.161     1.47    4.74
 209859.079   174.663     1.33    4.80
 210236.113   174.368    -0.78    5.56
 210613.074   172.205    -5.74    6.54
 210989.962   169.333    -7.62    5.32
 211366.779   168.356    -2.59    3.51
 211743.523   171.349     7.94    5.37
 212120.194   175.233    10.31    5.77
 212496.794   178.839     9.57    4.96
 212873.321   182.181     8.87    4.26
 213249.776   183.919     4.62    4.02
 213626.159   185.779     4.94    4.15
 214002.470   187.940     5.74    3.66
 214378.709   189.140     3.19    3.90
 214754.876   190.395     3.34    4.10
 215130.971   193.034     7.02    6.16
 215506.994   197.541    11.98    8.80
 215882.945   206.047    22.62    9.87
 216258.824   215.293    24.59   12.41
 216634.632   227.512    32.51   14.95
 217010.368   239.212    31.13   13.88
 217386.032   250.230    29.32    9.81
 217761.624   256.940    17.86    8.11
 218137.145   260.453     9.36    5.89
 218512.595   260.738     0.76    5.76
 218887.972   256.593   -11.04    9.61
 219263.279   251.554   -13.42   11.06
 219638.514   245.644   -15.75   13.50
 220013.677   237.500   -21.70   15.54
 220388.769   228.140   -24.95   15.07
 220763.790   220.238   -21.07    9.66
 221138.739   214.391   -15.59    7.57
 221513.617   210.778    -9.64    7.53
 221888.424   207.419    -8.96    7.08
 222263.160   203.262   -11.09    7.85
 222637.825   201.686    -4.21    8.33
 223012.418   199.713    -5.27    8.21
 223386.941   200.628     2.44    7.81
 223761.392   202.025     3.73    5.77
 224135.773   199.552    -6.61    7.16
 224510.082   195.537   -10.72    7.64
 224884.321   190.349   -13.86    6.51
 225258.489   186.338   -10.72    5.08
 225632.586   182.176   -11.12    4.90
 226006.612   178.025   -11.10    5.47
 226380.568   173.875   -11.09    4.98
 226754.453   170.049   -10.23    3.84
 227128.267   167.632    -6.47    3.29
 227502.011   165.012    -7.01    3.24
 227875.684   162.318    -7.21    3.40
 228249.286   159.370    -7.89    3.82
 228622.818   156.609    -7.39    3.54
 228996.280   154.506    -5.63    3.05
 229369.671   152.557    -5.22    2.89
 229742.992   150.173    -6.38    4.17
 230116.242   146.733    -9.22    4.82
 230489.422   143.675    -8.19    3.58
 230862.532   141.012    -7.14    3.83
 231235.572   139.562    -3.88    4.22
 231608.541   138.465    -2.94    3.93
 231981.441   137.588    -2.35    3.52
 232354.270   137.279    -0.83    3.23
 232727.029   135.750    -4.10    3.62
 233099.719   133.706    -5.48    3.68
 233472.338   131.887    -4.88    2.94
 233844.887   131.609    -0.75    2.98
 234217.367   132.843     3.31    3.69
 234589.776   133.198     0.95    3.38
 234962.116   132.398    -2.15    4.20
 235334.386   130.721    -4.50    3.97
 235706.586   129.512    -3.25    2.72
 236078.717   130.161     1.74    3.39
 236450.778   130.699     1.45    3.66
 236822.769   130.452    -0.66    4.61
 237194.691   128.732    -4.63    5.77
 237566.543   125.640    -8.31    5.26
 237938.325   124.349    -3.47    4.22
 238310.038   124.518     0.45    4.16
 238681.682   126.732     5.96    4.19
 239053.256   128.721     5.35    3.04
 239424.761   128.422    -0.81    2.68
 239796.197   128.167    -0.69    2.13
 240167.564   128.267     0.27    2.34
 240538.861   128.294     0.07    2.54
 240910.089   128.783     1.32    2.73
 241281.247   128.802     0.05    2.75
 241652.337   128.271    -1.43    3.01
 242023.358   126.398    -5.05    5.23
 242394.309   122.694    -9.98    8.37
 242765.192   118.814   -10.46    9.00
 243136.005   117.671    -3.08    7.97
 243506.750   119.590     5.18    8.72
 243877.426   125.314    15.44    9.37
 244248.033   129.667    11.74    5.94
 244618.571   130.767     2.97    5.28
 244989.040   132.024     3.39    6.00
 245359.441   133.824     4.86    7.44
 245729.773   138.268    12.00    7.78
 246100.036   143.588    14.37    7.01
 246470.230   147.500    10.56    6.43
 246840.356   150.776     8.85    6.43
 247210.414   152.911     5.77    4.88
 247580.403   153.267     0.96    3.93
 247950.323   153.812     1.47    3.37
 248320.176   152.023    -4.84    3.60
 248689.959   149.863    -5.84    3.63
 249059.675   148.977    -2.40    3.54
 249429.322   149.695     1.94    4.09
 249798.900   151.357     4.50    4.43
 250168.411   153.402     5.53    3.87
 250537.853   156.805     9.21    4.67
 250907.227   158.094     3.49    4.51
 251276.533   161.000     7.87    4.52
 251645.771   162.880     5.09    3.75
 252014.941   162.682    -0.53    3.72
 252384.043   162.276    -1.10    3.91
 252753.076   160.506    -4.79    4.60
 253122.042   158.714    -4.86    4.96
 253490.940   158.279    -1.18    4.99
 253859.771   159.118     2.27    4.85
 254228.533   161.366     6.10    5.24
 254597.227   165.464    11.11    5.27
 254965.854   167.506     5.54    5.03
 255334.413   168.345     2.28    4.59
 255702.904   168.450     0.29    4.17
 256071.328   167.741    -1.92    3.34
 256439.684   168.025     0.77    3.85
 256807.973   169.212     3.22    3.85
 257176.194   171.588     6.45    3.43
 257544.347   173.419     4.97    3.60
 257912.433   174.350     2.53    4.12
 258280.452   176.440     5.68    4.54
 258648.403   177.277     2.27    4.59
 259016.287   178.034     2.06    4.34
 259384.104   177.651    -1.04    3.85
 259751.853   176.558    -2.97    4.37
 260119.535   175.831    -1.98    3.97
 260487.150   175.440    -1.06    3.30
 260854.698   175.667     0.62    3.49
 261222.178   173.878    -4.87    4.50
 261589.592   170.942    -7.99    4.96
 261956.938   166.530   -12.01    5.69
 262324.218   163.447    -8.39    4.96
 262691.430   162.275    -3.19    4.53
 263058.576   163.212     2.55    4.44
 263425.655   165.887     7.29    6.92
 263792.666   170.744    13.23    8.84
 264159.611   175.488    12.92    7.46
 264526.489   176.702     3.31    6.64
 264893.301   177.901     3.27    5.83
 265260.045   178.402     1.37    5.82
 265626.723   177.892    -1.39    5.07
 265993.335   175.553    -6.38    6.84
 266359.879   171.578   -10.84    8.78
 266726.358   165.867   -15.58    9.75
 267097.812   160.239   -15.15   10.39
 267478.071   155.554   -12.32    8.32
 267858.258   153.518    -5.35    7.24
 268238.373   151.576    -5.11    7.80
 268618.415   152.060     1.27    8.05
 268998.385   154.437     6.26    7.68
 269378.283   156.704     5.97    7.86
 269758.108   160.655    10.40    5.66
 270137.862   162.875     5.85    3.91
 270517.543   160.435    -6.42    5.64
 270897.152   155.238   -13.69    7.23
 271276.689   148.512   -17.72    7.90
 271656.154   140.349   -21.51    9.31
 272035.547   131.429   -23.51   12.77
 272414.868   124.558   -18.11   11.16
 272794.118   120.447   -10.84    9.49
 273173.295   118.904    -4.07    9.23
 273552.401   117.291    -4.25   10.28
 273931.435   109.952   -19.36   12.88
 274310.397   102.229   -20.37   12.57
 274689.287    95.583   -17.54    8.52
 275068.106    91.859    -9.83    2.90
 275446.853    91.093    -2.02    2.03
 275825.529    91.148     0.15    1.96
 276204.133    90.671    -1.26    1.56
 276582.666    90.075    -1.57    1.42
 276961.127    92.235     5.71    4.87
 277339.517    95.696     9.14    7.44
 277717.836   100.571    12.88    9.32
 278096.083   107.512    18.35   11.99
 278474.259   114.267    17.86   13.20
 278852.363   121.566    19.30   12.14
 279230.397   126.965    14.28    8.29
 279608.359   128.852     4.99    5.17
 279986.250   128.880     0.07    4.53
 280364.070   126.529    -6.22    4.82
 280741.819   124.118    -6.38    4.69
 281119.497   123.000    -2.96    4.25
 281497.105   122.259    -1.96    4.53
 281874.641   125.108     7.55    6.29
 282252.106   128.506     9.00    6.59
 282629.501   130.241     4.60    5.37
 283006.824   131.094     2.26    4.85
 283384.077   129.824    -3.37    4.27
 283761.259   129.525    -0.79    3.79
 284138.371   130.190     1.76    3.78
 284515.412   131.061     2.31    4.12
 284892.382   131.881     2.17    4.46
 285269.282   132.863     2.61    4.10
 285646.111   134.515     4.38    2.95
 286022.870   135.214     1.86    2.42
 286399.558   132.792    -6.43    4.24
