# NaN NaN NaN ;Mean Elev.(m), Avg Gradient(m/km), RMS Gradient(m/km) - SRTM1     
#    0.255  -0.483   6.991 ;Mean Elev.(m), Avg Gradient(m/km), RMS Gradient(m/km) - ASTER GDEM
#    3.336  -0.182   8.328 ;Mean Elev.(m), Avg Gradient(m/km), RMS Gradient(m/km) - GMTED2010 
  8     4.282 52492.32914357 17.80  52.301292  67.141547 14.074
  8     2.691 52492.32914421 21.19  52.297812  67.138477 14.074
 12     4.668 52632.32913149 17.17  52.304447  67.140852  3.694
 12     4.586 52632.32913213 18.26  52.300967  67.137792  3.694
 13     4.337 52667.32915008 14.21  52.296281  67.144307  3.490
 13     4.766 52667.32915072 13.94  52.292801  67.141237  3.490
 14     3.279 52702.32912253  9.84  52.311569  67.137924  2.777
 14     4.157 52702.32912318  9.84  52.308089  67.134864  2.777
 15    32.969 52737.32916327  3.79  52.296600  67.146428  3.071
 15    31.274 52737.32916392  7.29  52.293120  67.143358  3.071
 15    31.277 52737.32916456  6.76  52.289640  67.140298  3.071
 16     3.721 52772.32912961 33.34  52.290835  67.147964 14.960
 16     4.410 52772.32913026 24.06  52.287355  67.144894 14.960
 16     4.542 52772.32913090 30.11  52.283875  67.141834 14.960
 18     6.527 52842.32924586 13.90  52.304860  67.140467 25.437
 18     7.340 52842.32924650 15.94  52.301380  67.137407 25.437
 19     6.410 52877.32928455 13.53  52.298149  67.140690 22.718
 19     2.427 52877.32928520 28.29  52.294669  67.137630 22.718
 20    31.688 52912.32924263 13.91  52.293573  67.143281  8.805
 20    31.175 52912.32924328 11.21  52.290093  67.140211  8.805
 23     4.827 53017.32923066 15.24  52.291863  67.146636  3.653
 23     5.726 53017.32923130 15.33  52.288383  67.143576  3.653
 23     5.938 53017.32923195 15.38  52.284903  67.140506  3.653
 25    32.025 53087.32924687 11.82  52.286133  67.149484  3.142
 25    31.216 53087.32924751 12.73  52.282653  67.146424  3.142
 25    30.832 53087.32924816 12.61  52.279183  67.143354  3.142
 27    31.804 53157.32927367 23.99  52.297035  67.144156 11.686
 27     8.527 53157.32927432 27.42  52.293555  67.141096 11.686
 28     5.499 53192.32926707 48.08  52.298425  67.140974 34.022
 28     5.961 53192.32926772 44.77  52.294945  67.137904 34.022
 29     1.378 53227.32926680 19.24  52.298103  67.144586 11.801
 29     6.927 53227.32926745 13.50  52.294623  67.141516 11.801
 29     7.022 53227.32926809 16.61  52.291143  67.138456 11.801
 30    31.234 53262.32923990 15.75  52.284487  67.147538  7.841
 30     6.828 53262.32924054 20.51  52.281007  67.144478  7.841
 31    31.673 53297.32927717 19.09  52.294577  67.142517  9.198
 31    30.820 53297.32927782 19.81  52.291087  67.139447  9.198
 32     2.783 53332.32924869 24.49  52.298146  67.143978  6.209
 32     2.689 53332.32924934 25.06  52.294656  67.140918  6.209
 33    32.030 53367.32919327 18.07  52.290785  67.147541  5.334
 33    30.595 53367.32919391 19.00  52.287305  67.144471  5.334
 34     4.968 53402.32922257 14.52  52.299679  67.140256  3.517
 34     5.729 53402.32922322 14.36  52.296199  67.137196  3.517
 35    30.804 53437.32921049 14.94  52.293512  67.147857  3.472
 35     4.658 53437.32921113 15.40  52.290032  67.144787  3.472
 35     5.453 53437.32921178 14.93  52.286552  67.141727  3.472
 36    31.875 53472.32926500  8.56  52.297924  67.140130  2.626
 36    30.617 53472.32926565  8.58  52.294444  67.137060  2.626
 37     6.401 53507.32929355 35.55  52.295493  67.144020 10.079
 37    30.574 53507.32929420 30.37  52.292003  67.140960 10.079
 38     3.983 53542.32930063 25.15  52.295855  67.146349  9.117
 38     7.371 53542.32930128 22.30  52.292375  67.143289  9.117
 38     8.411 53542.32930192 20.29  52.288895  67.140219  9.117
 39     2.489 53577.32928724 22.67  52.291697  67.147722 10.331
 39     7.018 53577.32928789 18.88  52.288217  67.144652 10.331
 39     7.428 53577.32928853 26.73  52.284737  67.141592 10.331
 40     1.950 53612.32924000 20.98  52.283747  67.146609 13.084
 40     7.487 53612.32924064 17.47  52.280277  67.143549 13.084
 41     3.177 53647.32924556 20.69  52.304814  67.139437 11.712
 41     3.558 53647.32924620 22.71  52.301334  67.136377 11.712
 42     4.451 53682.32926006 46.35  52.292858  67.147857 12.454
 42     4.987 53682.32926070 43.74  52.289378  67.144787 12.454
 42     3.984 53682.32926134 47.02  52.285898  67.141727 12.454
 43     2.711 53717.32918736 41.16  52.294591  67.147950  9.074
 43     1.845 53717.32918801 32.68  52.291121  67.144890  9.074
 43     3.439 53717.32918865 28.69  52.287641  67.141820  9.074
 44     3.849 53752.32910836 12.94  52.310837  67.137547  3.418
 44     4.342 53752.32910901 12.90  52.307357  67.134487  3.418
 45     3.600 53787.32913776 12.23  52.297837  67.143784  3.146
 45     4.759 53787.32913841 12.46  52.294357  67.140724  3.146
 46     3.453 53822.32909291 11.15  52.313860  67.135819  3.020
 46     3.868 53822.32909355 11.94  52.310380  67.132749  3.020
 47     1.462 53857.32918367 17.58  52.300021  67.143619  7.457
 47     5.008 53857.32918431 14.98  52.296531  67.140549  7.457
 47     6.148 53857.32918496 15.13  52.293051  67.137489  7.457
 48     7.841 53892.32919780 23.61  52.301323  67.139366 10.458
 48     8.322 53892.32919845 31.30  52.297843  67.136306 10.458
 49     2.737 53927.32925692 24.45  52.291544  67.145802 10.564
 49     7.290 53927.32925756 24.39  52.288064  67.142732 10.564
 50     3.860 53962.32924075 26.42  52.287542  67.147691 11.225
 50     6.717 53962.32924139 23.40  52.284072  67.144631 11.225
 50     7.443 53962.32924203 34.23  52.280592  67.141561 11.225
 52     2.538 54032.32923721 35.65  52.305447  67.141012 11.253
 52     2.821 54032.32923786 35.26  52.301967  67.137942 11.253
 54     2.543 54102.32919020 14.63  52.291443  67.149910  3.753
 54     2.602 54102.32919084 14.72  52.287963  67.146840  3.753
 54     2.750 54102.32919149 15.36  52.284483  67.143780  3.753
 55    29.931 54137.32915968 12.38  52.301341  67.139420  2.813
 55     6.644 54137.32916032 12.19  52.297851  67.136350  2.813
 56     4.491 54172.32916752 12.84  52.293578  67.148760  3.370
 56     4.001 54172.32916816 13.16  52.290098  67.145700  3.370
 56     2.338 54172.32916881 13.49  52.286628  67.142630  3.370
 58     7.915 54242.32919671 51.02  52.298926  67.143979 11.588
 58     8.117 54242.32919735 50.77  52.295436  67.140909 11.588
 58     8.305 54242.32919800 48.37  52.291959  67.137846 33.694
 59     7.076 54277.32921088 35.83  52.298330  67.143307  7.719
 59     7.153 54277.32921153 32.87  52.294850  67.140247  7.719
 60     3.875 54312.32921145 36.28  52.298846  67.144107 11.086
 60     4.109 54312.32921210 35.65  52.295366  67.141047 11.086
 60     4.160 54312.32921274 45.36  52.291884  67.137976 26.027
 61    31.334 54347.32918351 20.16  52.290128  67.147381  9.108
 61    30.522 54347.32918415 17.37  52.286648  67.144321  9.108
 61     7.553 54347.32918480 26.28  52.283168  67.141251  9.108
 63     4.308 54417.32913297 43.47  52.292917  67.146080 10.075
 63     2.968 54417.32913362 45.61  52.289437  67.143010 10.075
 63     3.698 54417.32913426 41.82  52.285955  67.139947 12.115
 65    31.404 54487.32913088 12.40  52.296291  67.142257  4.190
 65     6.184 54487.32913152 12.15  52.292821  67.139187  4.190
 66     4.697 54522.32913167 12.70  52.303152  67.141638  2.780
 66    30.910 54522.32913231 12.59  52.299672  67.138568  2.780
 67     9.805 54557.32914027  3.53  52.292440  67.146868  2.397
 67     7.782 54557.32914092  3.96  52.288960  67.143805  6.869
 67     7.413 54557.32914156  4.40  52.285480  67.140745  6.869
 68    31.810 54592.32912739  9.07  52.299054  67.143108  4.325
 68     2.879 54592.32912803 10.86  52.295574  67.140048  4.325
 69     9.516 54627.32914301 47.21  52.294748  67.143446 22.224
 69     9.372 54627.32914365 46.43  52.291268  67.140386 22.224
 70     6.343 54662.32915084 18.96  52.295336  67.142075 21.479
 70     7.419 54662.32915149 19.29  52.291856  67.139015 21.479
 71     2.457 54697.32912532 23.04  52.292608  67.146373 10.122
 71     6.598 54697.32912597 18.46  52.289128  67.143303 10.122
 71     7.306 54697.32912661 17.27  52.285649  67.140237 23.807
 73    31.462 54767.32910520 19.79  52.296439  67.143207 21.352
 73     3.551 54767.32910584 25.10  52.292959  67.140137 21.352
 75     3.596 54837.32909775 14.16  52.296400  67.142970  2.567
 75     5.451 54837.32909839 13.07  52.292920  67.139900  2.567
 76     4.906 54872.32910038 13.18  52.301760  67.139862  2.562
 76     5.701 54872.32910103 13.21  52.298280  67.136802  2.562
 77     5.903 54907.32910525 17.99  52.286133  67.145693  3.564
 77     6.900 54907.32910590 17.49  52.282663  67.142633  3.564
 78    31.425 54942.32909306 14.68  52.300687  67.140238  3.364
 78    30.851 54942.32909371 13.31  52.297207  67.137178  3.364
 79     7.538 54977.32912023 31.68  52.297035  67.143639 31.353
 79     7.868 54977.32912087 28.70  52.293555  67.140579 31.353
 81     5.007 55047.32912014 17.49  52.299808  67.143956 19.693
 81     6.355 55047.32912078 15.33  52.296328  67.140896 19.693
 81     6.673 55047.32912143 16.54  52.292848  67.137826 19.693
 82     2.234 55082.32909091 18.73  52.291506  67.149699  7.346
 82     6.338 55082.32909155 19.38  52.288026  67.146639  7.346
 82     6.971 55082.32909220 21.70  52.284546  67.143569  7.346
 83     4.017 55117.32905251 37.49  52.303783  67.141297 24.168
 83     4.356 55117.32905315 27.95  52.300303  67.138237 24.168
 84     2.137 55152.32904952 36.77  52.296548  67.146452  7.481
 84     3.137 55152.32905017 38.16  52.293068  67.143392  7.481
 84     2.033 55152.32905081 45.46  52.289582  67.140322  9.014
 86     4.544 55222.32904865 15.09  52.294327  67.144191  3.191
 86     4.967 55222.32904929 15.48  52.290847  67.141121  3.191
 87     2.835 55257.32903545 13.62  52.301867  67.142664  3.035
 87     4.902 55257.32903609 13.81  52.298387  67.139594  3.035
 88    31.174 55292.32903594 11.01  52.290939  67.148301  2.915
 88    31.588 55292.32903658 10.36  52.287459  67.145231  2.915
 88    30.833 55292.32903723 11.06  52.283984  67.142165  2.141
 89     7.859 55327.32901920 50.11  52.296683  67.143728 28.289
 89     7.902 55327.32901985 48.11  52.293203  67.140658 28.289
 90    31.037 55362.32901534 16.49  52.292666  67.144450 21.493
 90     7.156 55362.32901598 19.97  52.289186  67.141390 21.493
 91     2.504 55397.32902356 33.96  52.301108  67.139836 27.020
 91     2.834 55397.32902421 34.68  52.297628  67.136766 27.020
 93    31.737 55467.32898932 14.87  52.287053  67.147083  8.579
 93     6.520 55467.32898996 19.02  52.283573  67.144013  8.579
