-154526.651    14.671     0.00    2.51
-154151.672    13.833    -2.23    2.61
-153776.773    13.041    -2.11    2.68
-153401.956    13.913     2.33    4.02
-153027.219    16.866     7.88    5.82
-152652.564    21.717    12.95    7.11
-152277.989    25.691    10.61    6.17
-151903.494    27.337     4.40    4.84
-151529.081    26.031    -3.49    5.80
-151154.748    23.253    -7.42    5.93
-150780.495    20.216    -8.11    5.54
-150406.323    19.105    -2.97    5.35
-150032.231    17.737    -3.66    4.05
-149658.220    17.104    -1.69    3.31
-149284.290    18.165     2.84    4.52
-148910.439    19.680     4.05    5.81
-148536.669    19.860     0.48    6.40
-148162.979    19.278    -1.56    6.40
-147789.369    16.924    -6.30    6.62
-147415.839    15.000    -5.15    5.58
-147042.389    14.554    -1.19    5.24
-146669.019    15.374     2.19    4.94
-146295.729    17.889     6.74    4.60
-145922.519    21.258     9.03    4.22
-145549.389    23.213     5.24    3.37
-145176.339    23.804     1.58    3.17
-144803.368    24.054     0.67    3.23
-144430.477    24.344     0.78    3.85
-144057.666    25.875     4.11    4.06
-143684.934    27.232     3.64    3.29
-143312.282    28.853     4.35    2.87
-142939.709    30.020     3.13    3.30
-142567.216    31.281     3.39    4.19
-142194.802    33.742     6.61    5.42
-141822.468    35.113     3.68    5.09
-141450.212    35.670     1.50    5.02
-141078.036    32.927    -7.37    6.67
-140705.939    29.844    -8.29    6.44
-140333.922    26.485    -9.03    6.31
-139961.983    22.228   -11.45    5.28
-139590.123    20.577    -4.44    4.77
-139218.343    19.435    -3.07    4.26
-138846.641    17.427    -5.40    4.43
-138475.018    15.579    -4.97    6.88
-138103.474    11.611   -10.68    8.73
-137732.009     6.579   -13.55    8.73
-137360.623     3.063    -9.47    8.35
-136989.315     1.474    -4.28    8.17
-136618.086     1.185    -0.78    7.27
-136246.935     0.260    -2.49    7.07
-135875.863    -0.946    -3.25    6.44
-135504.870    -1.520    -1.55    5.55
-135133.955    -2.611    -2.94    5.57
-134763.118    -1.781     2.24    6.01
-134392.360    -0.780     2.70    6.05
-134021.680     0.042     2.22    5.94
-133651.078    -0.830    -2.35    7.21
-133280.554    -3.542    -7.32    7.99
-132910.109    -1.020     6.81   10.21
-132539.741     4.085    13.79   10.91
-132169.452     6.396     6.24    9.17
-131799.241     7.309     2.47    7.43
-131429.107     3.874    -9.28    7.25
-131059.052     1.462    -6.52    6.26
-130689.074     1.885     1.15    6.02
-130319.174     3.000     3.01    6.36
-129949.352     6.000     8.11    5.49
-129579.608     8.333     6.31    4.24
-129209.941    10.305     5.33    2.82
-128840.352    10.916     1.65    2.12
-128470.840    11.779     2.34    2.22
-128101.406    12.156     1.02    2.42
-127732.050    13.183     2.78    2.52
-127362.771    14.670     4.03    3.26
-126993.569    16.272     4.34    3.45
-126624.444    18.000     4.68    2.75
-126255.397    19.678     4.55    3.55
-125886.427    21.196     4.11    4.26
-125517.535    22.946     4.75    3.88
-125148.719    24.823     5.09    2.60
-124779.980    25.000     0.48    2.39
-124411.319    24.191    -2.19    2.69
-124042.734    21.844    -6.37    4.52
-123674.227    17.152   -12.73    6.47
-123305.796    12.677   -12.15    6.45
-122937.442     8.378   -11.67    4.59
-122569.165     5.804    -6.99    3.72
-122200.964     4.819    -2.68    3.94
-121832.841     6.042     3.32    4.42
-121464.794     7.404     3.70    3.58
-121096.823     8.105     1.91    2.24
-120728.929     7.412    -1.88    2.36
-120361.112     6.223    -3.23    2.34
-119993.371     6.083    -0.38    2.33
-119625.707     6.258     0.48    2.68
-119258.119     6.936     1.84    3.04
-118890.607     8.090     3.14    3.33
-118523.171     7.969    -0.33    3.63
-118155.812     6.796    -3.19    3.64
-117788.529     5.062    -4.72    4.11
-117421.322     3.266    -4.89    3.89
-117054.191     2.128    -3.10    3.75
-116687.136     0.740    -3.78    3.65
-116320.157     0.256    -1.32    3.20
-115953.254     0.384     0.35    2.70
-115586.427     0.511     0.35    3.37
-115219.676     2.073     4.26    3.52
-114853.001     3.054     2.68    3.24
-114486.401     3.411     0.97    2.73
-114119.877     3.093    -0.87    2.13
-113753.429     2.277    -2.23    2.50
-113387.057     1.385    -2.43    2.62
-113020.759    -0.236    -4.43    2.04
-112654.538    -0.511    -0.75    1.64
-112288.392    -0.663    -0.42    1.60
-111922.321    -0.583     0.22    2.40
-111556.326    -0.479     0.29    2.69
-111190.406     0.691     3.20    3.18
-110824.562     1.568     2.40    3.32
-110458.792     2.736     3.19    3.41
-110093.098     3.579     2.30    2.77
-109727.479     5.033     3.98    3.58
-109361.935     7.124     5.72    4.36
-108996.466     8.095     2.66    4.03
-108619.275     8.232     0.36    3.15
-108238.150     7.272    -2.52    3.11
-107857.108     5.926    -3.53    2.32
-107476.149     5.033    -2.34    2.27
-107095.273     4.604    -1.12    2.35
-106714.479     3.711    -2.35    2.38
-106333.768     3.010    -1.84    3.78
-105953.139     2.444    -1.49    4.83
-105572.593     2.711     0.70    5.81
-105192.130     2.413    -0.78    6.40
-104811.748     2.878     1.22    6.20
-104431.450     2.933     0.15    6.54
-104051.233     2.375    -1.47    7.82
-103671.099     0.080    -6.04   10.11
-103291.047    -3.319    -8.94   11.17
-102911.077    -5.826    -6.60   10.43
-102531.189    -8.798    -7.82    8.07
-102151.383   -10.900    -5.54    6.05
-101771.660   -11.608    -1.87    6.72
-101392.018   -10.522     2.86    8.72
-101012.458    -9.480     2.75   10.38
-100632.980    -9.333     0.39   10.35
-100253.583   -10.344    -2.66    9.21
 -99874.269   -11.090    -1.97    7.86
 -99495.036    -9.189     5.01    7.58
 -99115.885    -6.489     7.12    6.77
 -98736.815    -4.447     5.39    5.30
 -98357.827    -3.920     1.39    3.67
 -97978.920    -4.768    -2.24    3.54
 -97600.095    -5.556    -2.08    4.18
 -97221.351    -5.917    -0.95    4.28
 -96842.688    -3.451     6.51    5.63
 -96464.107    -0.500     7.79    5.86
 -96085.607     3.067     9.43    5.69
 -95707.188     5.936     7.58    5.76
 -95328.850     6.839     2.39    5.71
 -94950.593     7.830     2.62    4.90
 -94572.418     8.471     1.70    5.16
 -94194.323    10.181     4.52    6.37
 -93816.309     9.966    -0.57    6.90
 -93438.376     8.177    -4.73    7.85
 -93060.524     5.256    -7.73    8.35
 -92682.752     1.165   -10.83    5.53
 -92305.061    -0.867    -5.38    3.17
 -91927.451    -1.594    -1.93    2.83
 -91549.922    -1.360     0.62    2.64
 -91172.473     0.118     3.92    3.31
 -90795.104     0.874     2.00    3.22
 -90417.816     0.957     0.22    3.05
 -90040.609     1.477     1.38    3.38
 -89663.481     1.882     1.07    2.85
 -89286.434     3.167     3.41    2.13
 -88909.467     4.469     3.45    2.50
 -88532.581     6.289     4.83    5.07
 -88155.775     8.526     5.94    6.28
 -87779.048    10.022     3.97    6.49
 -87402.402     9.000    -2.71    6.80
 -87025.836     6.477    -6.70    5.85
 -86649.349     5.106    -3.64    3.89
 -86272.943     5.292     0.49    3.28
 -85896.616     5.385     0.25    3.46
 -85520.369     5.319    -0.18    3.53
 -85144.202     5.500     0.48    4.00
 -84768.115     4.967    -1.42    4.44
 -84392.107     6.926     5.21    5.61
 -84016.179     8.120     3.18    5.49
 -83640.330     8.095    -0.07    5.43
 -83264.561     7.413    -1.81    5.65
 -82888.872     5.537    -4.99    4.54
 -82513.261     4.670    -2.31    4.65
 -82137.730     5.553     2.35    6.31
 -81762.279     6.106     1.47    6.76
 -81386.906     5.527    -1.54    7.28
 -81011.613     4.936    -1.57    6.52
 -80636.399     4.696    -0.64    6.44
 -80261.264     3.840    -2.28    6.75
 -79886.208     1.309    -6.75    8.36
 -79511.231    -2.351    -9.76    8.31
 -79136.333    -5.404    -8.14    4.97
 -78761.514    -4.777     1.67    5.18
 -78386.774    -2.011     7.38    6.40
 -78012.112    -0.106     5.08    7.26
 -77637.530     0.413     1.39    7.50
 -77263.026    -0.628    -2.78    6.38
 -76888.600    -0.656    -0.07    5.27
 -76514.254    -0.957    -0.81    4.51
 -76139.985    -0.400     1.49    4.27
 -75765.796    -1.052    -1.74    4.20
 -75391.685    -2.267    -3.25    4.43
 -75017.652    -3.094    -2.21    4.10
 -74643.697    -4.022    -2.48    3.52
 -74269.821    -4.394    -0.99    3.35
 -73896.023    -4.864    -1.26    3.21
 -73522.304    -3.812     2.81    4.15
 -73148.662    -2.538     3.41    5.11
 -72775.099    -2.213     0.87    5.29
 -72401.613    -2.172     0.11    4.96
 -72028.206    -3.298    -3.02    4.88
 -71654.877    -3.394    -0.26    4.78
 -71281.625    -3.489    -0.26    4.51
 -70908.452    -4.957    -3.93    4.24
 -70535.356    -5.409    -1.21    3.53
 -70162.338    -5.505    -0.26    3.51
 -69789.398    -4.862     1.73    3.88
 -69416.535    -3.753     2.97    3.50
 -69043.750    -3.674     0.21    3.07
 -68671.043    -3.247     1.14    3.84
 -68298.413    -1.637     4.32    5.20
 -67925.861     0.305     5.21    6.02
 -67553.386     3.466     8.49    4.05
 -67180.989     4.835     3.68    3.00
 -66808.669     4.700    -0.36    3.33
 -66436.426     4.021    -1.82    3.37
 -66064.260     3.667    -0.95    3.64
 -65692.172     3.511    -0.42    3.90
 -65320.161     3.637     0.34    3.72
 -64948.227     2.860    -2.09    3.61
 -64576.370     2.258    -1.62    3.55
 -64204.590     3.739     3.98    4.17
 -63832.887     5.660     5.17    3.77
 -63461.261     6.290     1.70    3.16
 -63089.712     6.053    -0.64    2.76
 -62718.239     3.108    -7.93    4.66
 -62346.843     0.511    -6.99    5.04
 -61975.525    -2.154    -7.18    4.07
 -61604.282    -3.309    -3.11    3.20
 -61233.117    -2.547     2.05    3.28
 -60862.028    -1.796     2.02    3.49
 -60491.015    -1.126     1.80    3.01
 -60120.079    -1.053     0.20    2.49
 -59749.220    -0.833     0.59    2.21
 -59378.437    -1.022    -0.51    2.13
 -59007.730    -1.467    -1.20    2.05
 -58637.100    -1.695    -0.61    1.72
 -58266.545    -1.978    -0.76    2.13
 -57896.067    -3.226    -3.37    3.79
 -57525.666    -4.663    -3.88    4.16
 -57155.340    -5.258    -1.61    4.09
 -56785.090    -4.894     0.98    3.70
 -56414.917    -4.144     2.02    3.13
 -56044.819    -3.319     2.23    2.77
 -55674.798    -3.101     0.59    2.74
 -55304.852    -2.323     2.10    2.67
 -54934.982    -1.146     3.18    2.86
 -54565.188    -1.000     0.40    3.61
 -54195.469    -0.844     0.42    4.47
 -53825.827    -1.840    -2.69    4.76
 -53456.260    -2.791    -2.57    4.59
 -53086.768    -4.298    -4.08    4.44
 -52717.353    -5.489    -3.23    3.99
 -52348.012    -6.777    -3.49    2.96
 -51978.747    -7.925    -3.11    1.43
 -51609.558    -8.178    -0.69    0.88
 -51240.444    -8.065     0.31    0.29
 -50871.405    -8.011     0.14    0.11
 -50502.442    -8.000     0.03    0.00
 -50133.554    -8.000     0.00    0.00
 -49764.741    -8.000     0.00    0.00
 -49396.003    -8.000     0.00    0.00
 -49027.341    -8.000     0.00    0.00
 -48658.753    -8.000     0.00    0.00
 -48290.240    -8.000     0.00    0.00
 -47921.803    -8.000     0.00    0.00
 -47553.440    -8.000     0.00    0.00
 -47185.152    -8.000     0.00    0.00
 -46816.939    -8.000     0.00    0.00
 -46448.801    -8.000     0.00    0.00
 -46080.738    -7.864     0.37    0.35
 -45712.749    -7.473     1.06    0.79
 -45344.835    -6.989     1.32    0.92
 -44976.996    -6.463     1.43    0.77
 -44609.231    -6.120     0.93    0.42
 -44241.540    -6.000     0.33    0.00
 -43873.925    -6.000     0.00    0.00
 -43506.383    -6.000     0.00    0.00
 -43138.916    -6.000     0.00    0.00
 -42771.523    -6.000     0.00    0.00
 -42404.205    -6.000     0.00    0.00
 -42036.961    -6.000     0.00    0.00
 -41669.791    -6.000     0.00    0.00
 -41302.695    -6.000     0.00    0.00
 -40935.673    -6.000     0.00    0.00
 -40568.726    -6.000     0.00    0.00
 -40201.852    -6.000     0.00    0.00
 -39835.053    -6.000     0.00    0.00
 -39468.327    -6.000     0.00    0.00
 -39101.675    -6.000     0.00    0.00
 -38735.097    -6.000     0.00    0.00
 -38368.593    -6.000     0.00    0.00
 -38002.163    -6.000     0.00    0.00
 -37635.807    -6.000     0.00    0.00
 -37269.524    -5.888     0.31    0.38
 -36903.314    -5.785     0.28    0.49
 -36537.179    -5.761     0.07    0.52
 -36171.116    -5.791    -0.08    0.48
 -35805.128    -5.936    -0.40    0.29
 -35439.213    -6.000    -0.17    0.00
 -35073.371    -6.000     0.00    0.00
 -34707.602    -6.000     0.00    0.00
 -34341.907    -6.000     0.00    0.00
 -33969.297    -6.000     0.00    0.00
 -33588.335    -5.565     1.14    0.83
 -33207.454    -5.065     1.31    1.00
 -32826.653    -4.495     1.50    0.87
 -32445.933    -4.067     1.12    0.36
 -32065.294    -4.000     0.18    0.00
 -31684.734    -4.000     0.00    0.00
 -31304.256    -4.000     0.00    0.00
 -30923.857    -4.000     0.00    0.00
 -30543.539    -4.000     0.00    0.00
 -30163.302    -4.000     0.00    0.00
 -29783.144    -4.000     0.00    0.00
 -29403.067    -4.000     0.00    0.00
 -29023.069    -4.000     0.00    0.00
 -28643.152    -4.000     0.00    0.00
 -28263.315    -4.000     0.00    0.00
 -27883.557    -4.000     0.00    0.00
 -27503.880    -4.000     0.00    0.00
 -27124.283    -4.000     0.00    0.00
 -26744.765    -4.000     0.00    0.00
 -26365.327    -3.978     0.06    0.15
 -25985.969    -3.819     0.42    0.87
 -25606.690    -3.389     1.13    1.89
 -25227.491    -3.054     0.88    2.41
 -24848.372    -2.667     1.02    2.89
 -24469.332    -2.904    -0.63    2.31
 -24090.372    -3.000    -0.25    1.63
 -23711.491    -3.194    -0.51    1.29
 -23332.689    -3.099     0.25    1.63
 -22953.967    -2.859     0.63    2.36
 -22575.324    -3.376    -1.37    2.03
 -22196.760    -3.587    -0.56    1.67
 -21818.275    -3.172     1.10    1.74
 -21439.870    -2.912     0.69    1.41
 -21061.543    -2.656     0.68    0.88
 -20683.296    -2.272     1.02    0.58
 -20305.127    -2.000     0.72    0.00
 -19927.038    -2.000     0.00    0.00
 -19549.027    -2.000     0.00    0.00
 -19171.095    -2.000     0.00    0.00
 -18793.242    -2.000     0.00    0.00
 -18415.468    -2.000     0.00    0.00
 -18037.773    -2.000     0.00    0.00
 -17660.156    -2.000     0.00    0.00
 -17282.617    -1.924     0.20    0.34
 -16905.157    -1.826     0.26    0.87
 -16527.776    -2.000    -0.46    1.31
 -16150.473    -2.096    -0.25    1.66
 -15773.248    -2.744    -1.72    2.53
 -15396.102    -2.755    -0.03    3.15
 -15019.034    -2.167     1.56    3.61
 -14642.045    -2.011     0.41    4.00
 -14265.133    -0.809     3.19    3.84
 -13888.300     0.269     2.86    4.31
 -13511.545     1.573     3.46    5.03
 -13134.868     1.774     0.53    4.78
 -12758.268     1.193    -1.54    5.14
 -12381.747     0.140    -2.80    4.37
 -12005.304    -1.125    -3.36    2.29
 -11628.939    -1.968    -2.24    1.49
 -11252.651    -1.920     0.13    1.41
 -10876.441    -1.570     0.93    1.18
 -10500.309    -1.057     1.36    0.70
 -10124.255    -0.860     0.52    0.50
  -9748.278    -0.920    -0.16    0.31
  -9372.379    -0.742     0.47    0.44
  -8996.557    -0.455     0.76    0.50
  -8620.813    -0.215     0.64    0.41
  -8245.146     0.000     0.57    0.00
  -7869.556     0.000     0.00    0.00
  -7494.044     0.000     0.00    0.00
  -7118.610     0.000     0.00    0.00
  -6743.252    -0.011    -0.03    0.11
  -6367.972    -0.043    -0.08    0.33
  -5992.769     0.000     0.11    0.00
  -5617.643     0.000     0.00    0.00
  -5242.594     0.000     0.00    0.00
  -4867.622     0.000     0.00    0.00
  -4492.727     0.000     0.00    0.00
  -4117.908     0.000     0.00    0.00
  -3743.167     0.000     0.00    0.00
  -3368.503     0.000     0.00    0.00
  -2993.915     0.000     0.00    0.00
  -2619.404     0.000     0.00    0.00
  -2244.970     0.000     0.00    0.00
  -1870.612     0.000     0.00    0.00
  -1496.331     0.000     0.00    0.00
  -1122.127     0.000     0.00    0.00
   -747.999     0.000     0.00    0.00
   -373.948     0.000     0.00    0.00
      0.028     0.000     0.00    0.00
    373.926     0.000     0.00    0.00
    747.749     0.000     0.00    0.00
   1121.495     0.000     0.00    0.00
   1495.165     0.000     0.00    0.00
   1868.759     0.000     0.00    0.00
   2242.276     0.034     0.09    0.18
   2615.718     0.122     0.24    0.33
   2989.083     0.202     0.21    0.40
   3362.373     0.323     0.32    0.47
   3735.586     0.422     0.27    0.50
   4108.724     0.739     0.85    0.64
   4481.786     1.132     1.05    0.70
   4854.772     1.548     1.12    0.62
   5227.682     1.890     0.92    0.31
   5600.517     2.000     0.29    0.00
   5973.276     2.000     0.00    0.00
   6345.959     2.000     0.00    0.00
   6718.567     2.000     0.00    0.00
   7091.099     2.000     0.00    0.00
   7463.556     2.000     0.00    0.00
   7835.937     2.000     0.00    0.00
   8208.243     2.000     0.00    0.00
   8580.473     2.000     0.00    0.00
   8952.628     2.000     0.00    0.00
   9324.708     2.000     0.00    0.00
   9696.713     2.000     0.00    0.00
  10068.643     2.000     0.00    0.00
  10440.497     2.000     0.00    0.00
  10812.276     2.000     0.00    0.00
  11183.981     2.000     0.00    0.00
  11555.610     2.000     0.00    0.00
  11927.164     2.000     0.00    0.00
  12298.644     2.000     0.00    0.00
  12670.048     2.167     0.45    0.37
  13041.378     2.370     0.55    0.49
  13412.633     2.659     0.78    0.48
  13783.814     2.902     0.65    0.30
  14154.919     3.000     0.26    0.00
  14525.950     3.099     0.27    0.30
  14896.907     3.333     0.63    0.47
  15267.789     3.604     0.73    0.49
  15638.596     3.860     0.69    0.35
  16009.329     4.000     0.38    0.00
  16379.987     4.000     0.00    0.00
  16750.572     4.000     0.00    0.00
  17121.081     4.000     0.00    0.00
  17491.517     4.000     0.00    0.00
  17861.878     4.000     0.00    0.00
  18232.166     4.000     0.00    0.00
  18602.379     4.000     0.00    0.00
  18972.518     4.000     0.00    0.00
  19342.582     4.000     0.00    0.00
  19712.573     4.000     0.00    0.00
  20082.490     4.000     0.00    0.00
  20452.333     4.000     0.00    0.00
  20822.102     4.033     0.09    0.23
  21191.797     4.057     0.07    0.35
  21561.419     3.957    -0.27    0.51
  21930.967     3.605    -0.95    1.10
  22300.441     3.293    -0.84    1.46
  22669.841     3.095    -0.54    1.53
  23039.168     3.278     0.49    2.09
  23408.421     3.909     1.71    2.54
  23777.601     6.043     5.78    3.24
  24146.707     9.830    10.26    6.39
  24515.740    14.549    12.79    9.50
  24884.699    16.667     5.74    8.88
  25253.585    16.043    -1.69    7.96
  25622.398    13.813    -6.05    7.78
  25991.137    10.800    -8.17    7.41
  26359.803     7.707    -8.39    5.33
  26728.396     5.184    -6.84    0.64
  27096.916     5.011    -0.47    0.10
  27465.363     5.000    -0.03    0.00
  27833.736     5.000     0.00    0.00
  28202.037     5.000     0.00    0.00
  28570.265     5.000     0.00    0.00
  28938.420     5.000     0.00    0.00
  29306.502     5.000     0.00    0.00
  29674.511     5.000     0.00    0.00
  30042.447     5.000     0.00    0.00
  30410.311     5.000     0.00    0.00
  30778.102     5.000     0.00    0.00
  31145.820     5.000     0.00    0.00
  31513.465     5.000     0.00    0.34
  31881.038     4.630    -1.01    0.99
  32248.539     4.349    -0.77    1.99
  32615.967     4.151    -0.54    2.97
  32983.322     3.544    -1.65    3.68
  33350.606     4.077     1.45    3.74
  33717.816     4.879     2.18    4.18
  34084.955     7.202     6.33    5.09
  34452.021     9.011     4.93    4.28
  34819.015    10.022     2.76    3.06
  35185.937    10.198     0.48    2.89
  35552.786    10.575     1.03    2.74
  35919.564    11.587     2.76    3.04
  36286.269    12.942     3.69    3.05
  36652.902    14.174     3.36    2.90
  37019.464    14.611     1.19    2.87
  37385.953    15.067     1.24    2.77
  37752.371    16.366     3.54    3.31
  38118.716    17.256     2.43    3.42
  38484.990    18.330     2.93    3.01
  38851.192    18.253    -0.21    2.72
  39217.323    18.220    -0.09    3.39
  39583.381    20.176     5.35    5.19
  39949.368    22.297     5.79    6.48
  40315.284    25.000     7.39    6.58
  40683.665    26.242     3.37    5.95
  41064.467    25.356    -2.33    7.63
  41445.190    23.099    -5.93    8.26
  41825.834    20.267    -7.44    7.77
  42206.400    18.315    -5.13    6.11
  42586.888    16.826    -3.91    2.93
  42967.297    16.011    -2.14    2.70
  43347.628    15.372    -1.68    2.52
  43727.881    15.207    -0.44    2.32
  44108.055    13.584    -4.27    3.26
  44488.152    12.505    -2.84    4.34
  44868.170    11.618    -2.34    4.99
  45248.110    10.846    -2.03    4.48
  45627.972    11.299     1.19    3.70
  46007.757    12.822     4.01    4.34
  46387.463    16.655    10.09    6.85
  46767.091    20.033     8.90    7.78
  47146.642    22.371     6.16    7.64
  47526.115    21.022    -3.55    8.25
  47905.510    17.367    -9.63    7.98
  48284.827    13.902    -9.13    4.92
  48664.067    12.378    -4.02    2.99
  49043.229    12.659     0.74    3.70
  49422.314    11.725    -2.46    3.88
  49801.321    11.287    -1.16    3.74
  50180.251    12.978     4.46    5.52
  50559.103    15.034     5.43    7.75
  50937.878    17.308     6.00    7.49
  51316.576    17.506     0.52    5.72
  51695.196    16.978    -1.39    3.53
  52073.739    17.302     0.86    2.99
  52452.205    18.427     2.97    3.62
  52830.594    19.741     3.47    3.86
  53208.906    19.767     0.07    3.80
  53587.141    19.860     0.25    3.53
  53965.299    22.088     5.89    5.35
  54343.380    25.706     9.57    7.91
  54721.384    28.747     8.05    8.86
  55099.311    32.310     9.43   10.25
  55477.161    34.772     6.52    9.76
  55854.935    36.605     4.85    7.69
  56232.632    37.076     1.25    6.07
  56610.252    36.779    -0.79    5.48
  56987.796    35.913    -2.29    5.71
  57365.263    36.291     1.00    7.11
  57742.653    38.912     6.95   10.38
  58119.968    42.548     9.63   11.92
  58497.205    44.367     4.82   11.03
  58874.367    45.106     1.96    8.64
  59251.452    46.209     2.92    5.48
  59628.460    47.560     3.58    4.34
  60005.393    50.663     8.23    7.07
  60382.249    52.845     5.79    8.36
  60759.029    55.146     6.11    9.20
  61135.733    56.917     4.70    9.46
  61512.361    59.440     6.70    9.17
  61888.913    63.118     9.77    7.46
  62265.389    65.989     7.63    6.34
  62641.789    67.821     4.87    6.19
  63018.113    69.879     5.47    6.03
  63394.362    72.575     7.16    4.97
  63770.534    76.087     9.34    5.68
  64146.631    80.287    11.17    6.85
  64522.652    84.275    10.60    6.35
  64898.598    88.459    11.13    4.03
  65274.468    90.703     5.97    3.27
  65650.262    92.153     3.86    3.03
  66025.981    92.956     2.14    2.66
  66401.624    92.643    -0.83    2.91
  66777.192    89.921    -7.25    4.10
  67152.685    86.458    -9.22    4.95
  67528.102    83.112    -8.91    5.49
  67903.444    80.976    -5.69    4.16
  68278.711    80.780    -0.52    3.42
  68653.902    81.964     3.16    3.58
  69029.018    84.582     6.98    4.51
  69404.060    87.238     7.08    4.79
  69779.026    90.967     9.95    4.71
  70153.917    94.570     9.61    3.32
  70528.733    96.120     4.13    2.55
  70903.474    96.482     0.97    3.07
  71278.141    95.758    -1.93    4.03
  71652.732    95.167    -1.58    4.15
  72027.249    96.833     4.45    5.96
  72401.691    98.488     4.42    6.11
  72776.058    99.438     2.54    5.72
  73150.351    98.964    -1.27    6.40
  73524.569    96.281    -7.17    6.56
  73898.712    95.000    -3.42    6.47
  74272.781    94.444    -1.49    7.07
  74646.775    92.721    -4.61    8.79
  75020.695    92.231    -1.31    8.55
  75394.541    91.128    -2.95    7.45
  75768.312    92.692     4.19    6.94
  76142.009    94.876     5.84    5.35
  76515.631    97.933     8.18    6.10
  76889.180   100.876     7.88    7.16
  77262.654   106.703    15.60   10.05
  77636.054   114.125    19.87   14.03
  78009.380   123.400    24.84   14.44
  78382.632   129.621    16.67   11.65
  78755.810   133.225     9.66    5.31
  79128.914   135.148     5.15    3.60
  79501.944   137.211     5.53    4.65
  79874.900   139.534     6.23    5.96
  80247.782   144.878    14.33    7.55
  80620.591   150.068    13.92    9.19
  80993.326   155.955    15.79    9.19
  81365.987   161.449    14.74    7.69
  81738.574   164.886     9.22    6.87
  82111.088   166.545     4.45    6.39
  82483.528   166.851     0.82    6.06
  82855.895   167.100     0.67    5.14
  83228.189   167.747     1.74    3.33
  83600.408   167.725    -0.06    2.96
  83972.555   169.216     4.01    2.98
  84344.628   171.033     4.88    3.36
  84716.628   173.368     6.28    4.23
  85088.554   173.989     1.67    5.40
  85460.407   172.190    -4.84    7.47
  85832.187   168.444   -10.08    7.30
  86203.894   163.964   -12.05    6.18
  86575.528   159.202   -12.81    6.92
  86947.089   154.786   -11.89    7.34
  87318.577   149.742   -13.58    6.72
  87689.992   144.659   -13.68    5.98
  88061.334   139.461   -14.00    6.03
  88432.603   136.759    -7.28    4.98
  88803.799   136.956     0.53    5.20
  89174.922   138.371     3.81    6.08
  89545.973   141.767     9.15    6.86
  89916.951   144.689     7.88    7.06
  90287.856   146.326     4.41    7.30
  90658.689   146.545     0.59    6.66
  91029.449   145.307    -3.34    5.34
  91400.136   143.787    -4.10    3.44
  91770.751   142.714    -2.89    1.54
  92141.294   142.989     0.74    1.72
  92511.764   142.955    -0.09    2.67
  92882.161   142.089    -2.34    4.23
  93252.487   140.372    -4.64    6.24
  93622.740   136.284   -11.04    7.95
  93992.921   132.024   -11.51    8.43
  94363.029   130.596    -3.86    8.28
  94733.066   130.928     0.90    8.12
  95103.030   133.511     6.98    6.09
  95472.923   135.747     6.04    5.22
  95842.743   137.611     5.04    6.64
  96212.491   140.161     6.90    8.74
  96582.167   144.178    10.87    8.81
  96951.772   147.044     7.76    6.61
  97321.304   145.854    -3.22    7.26
  97690.765   140.261   -15.14   10.49
  98060.154   131.875   -22.70   12.81
  98429.471   124.820   -19.10   11.93
  98798.717   119.000   -15.76   11.18
  99167.890   111.533   -20.22   14.81
  99536.993   100.644   -29.50   21.45
  99906.023    87.489   -35.64   21.93
 100274.982    75.477   -32.55   13.62
 100643.870    77.697     6.02   16.42
 101012.686    91.714    38.00   26.25
 101381.431   108.034    44.25   27.24
 101750.104   124.202    43.85   21.94
 102118.706   137.079    34.93   22.65
 102487.237   148.000    29.63   22.08
 102855.696   155.360    19.97   19.89
 103224.084   161.764    17.38   19.45
 103592.401   166.427    12.66   19.88
 103960.647   171.364    13.40   17.58
 104328.822   175.920    12.38   11.02
 104696.926   173.416    -6.80   12.06
 105064.959   162.057   -30.86   20.71
 105432.921   144.409   -47.96   24.83
 105800.812   126.581   -48.46   21.18
 106168.632   115.211   -30.91   13.39
 106536.381   107.744   -20.30    8.04
 106904.059   101.609   -16.68   11.41
 107271.667   100.110    -4.08   12.29
 107639.204   107.607    20.40   20.37
 108006.670   117.759    27.62   23.94
 108374.066   134.292    45.00   18.59
 108741.391   146.932    34.41   12.67
 109108.645   156.989    27.38   14.23
 109475.829   163.414    17.50   16.24
 109842.942   174.379    29.87   15.59
 110209.986   181.544    19.52   13.34
 110576.958   185.279    10.18   12.85
 110943.860   186.615     3.64   13.76
 111310.692   186.286    -0.90   14.29
 111677.454   186.769     1.32   12.81
 112044.146   187.329     1.53   10.86
 112410.767   184.854    -6.75    8.97
 112777.318   181.023   -10.45    9.56
 113143.799   173.124   -21.55   11.96
 113510.210   164.966   -22.26   11.82
 113876.551   159.091   -16.04   11.06
 114242.822   156.182    -7.94   12.76
 114609.023   152.414   -10.29   14.96
 114975.154   149.258    -8.62   14.43
 115341.215   144.915   -11.87   12.43
 115720.278   143.102    -4.78   10.42
 116100.843   143.767     1.75    9.24
 116481.333   144.011     0.64   11.45
 116861.745   143.698    -0.82   14.46
 117242.082   143.389    -0.81   13.14
 117622.342   145.557     5.70   12.78
 118002.526   147.809     5.92   11.40
 118382.634   150.375     6.75   10.70
 118762.665   154.744    11.50   10.44
 119142.621   157.722     7.84   10.51
 119522.500   158.886     3.06    9.80
 119902.304   157.705    -3.11   11.21
 120282.031   155.989    -4.52   13.36
 120661.683   154.000    -5.24   13.48
 121041.259   155.190     3.14   13.70
 121420.759   156.580     3.66   12.73
 121800.183   159.417     7.48   10.96
 122179.531   163.573    10.96   11.98
 122558.804   167.000     9.03   12.46
 122938.001   170.380     8.91   12.13
 123317.122   173.310     7.73   10.50
 123696.168   176.955     9.62   11.96
 124075.138   181.829    12.86   11.79
 124454.033   187.159    14.07   12.03
 124832.853   194.143    18.43    9.16
 125211.597   197.341     8.44    6.11
 125590.266   199.267     5.09    3.86
 125968.859   199.596     0.87    4.64
 126347.377   200.233     1.68    4.73
 126725.820   200.584     0.93    3.98
 127104.188   203.264     7.08    5.41
 127482.481   205.943     7.08    6.21
 127860.699   209.943    10.57    6.08
 128238.841   214.701    12.58    4.53
 128616.909   218.125     9.06    4.44
 128994.902   219.784     4.39    4.13
 129372.820   217.864    -5.08    7.61
 129750.663   214.920    -7.79    9.01
 130128.431   210.920   -10.59    8.67
 130506.125   206.908   -10.62    7.33
 130883.743   203.659    -8.60    5.94
 131261.287   201.625    -5.39    4.41
 131638.757   201.056    -1.51    4.18
 132016.152   201.756     1.86    4.01
 132393.472   202.114     0.95    3.25
 132770.718   203.655     4.09    5.66
 133147.889   208.875    13.84    8.91
 133524.986   213.407    12.02    8.03
 133902.009   216.932     9.35    4.73
 134278.957   216.930    -0.00    4.34
 134655.831   214.944    -5.27    3.63
 135032.631   213.337    -4.26    3.47
 135409.357   213.056    -0.75    4.86
 135786.008   211.595    -3.88    6.83
 136162.586   208.920    -7.10    8.09
 136539.089   204.866   -10.77    8.60
 136915.518   198.921   -15.79    8.07
 137291.874   195.386    -9.39    6.98
 137668.155   193.954    -3.80    5.59
 138044.363   192.405    -4.12    5.02
 138420.496   190.659    -4.64    5.80
 138796.556   188.417    -5.96    6.76
 139172.542   184.489   -10.45    7.44
 139548.455   181.232    -8.66    6.08
 139924.293   178.667    -6.82    4.56
 140300.058   177.207    -3.88    4.91
 140675.750   177.932     1.93    5.48
 141051.368   181.012     8.20    7.94
 141426.912   184.822    10.14    8.48
 141802.383   189.841    13.37    8.19
 142177.781   193.389     9.45    6.30
 142553.105   194.268     2.34    5.80
 142928.356   194.568     0.80    5.39
 143303.534   192.988    -4.21    5.70
 143678.638   192.310    -1.81    6.04
 144053.669   193.024     1.90    6.64
 144428.627   197.011    10.63    7.83
 144803.512   201.659    12.40    8.29
 145178.324   204.189     6.75    8.90
 145553.063   204.434     0.65   12.21
 145927.729   201.727    -7.22   15.36
 146302.322   199.037    -7.18   15.24
 146676.842   197.667    -3.66   13.29
 147051.289   199.049     3.69   11.26
 147425.663   204.511    14.59    9.70
 147799.965   210.049    14.79   10.04
 148174.193   216.767    17.95    9.98
 148548.350   222.810    16.15    6.82
 148922.433   225.807     8.01    4.27
 149296.444   226.195     1.04    3.88
 149670.382   225.621    -1.54    5.16
 150044.248   225.902     0.75    7.12
 150418.041   226.864     2.57    8.63
 150791.762   229.482     7.01   10.10
 151165.410   232.989     9.38    9.87
 151538.987   236.687     9.90   10.45
 151912.490   243.609    18.53   12.00
 152285.922   250.841    19.36   13.63
 152659.281   258.455    20.39   11.63
 153032.568   263.220    12.76    8.93
 153405.783   263.368     0.40    8.20
 153778.926   261.619    -4.69    8.65
 154151.997   259.809    -4.85    7.82
 154524.995   258.640    -3.13    6.71
 154897.922   255.898    -7.35    8.06
 155270.777   247.729   -21.90   14.36
 155643.560   236.102   -31.19   15.43
 156016.271   229.140   -18.68   10.52
 156388.910   229.273     0.36   10.48
 156761.478   238.494    24.75   15.37
 157133.973   249.523    29.60   14.76
 157506.397   257.621    21.74    9.99
 157878.750   260.512     7.76    6.20
 158251.030   260.186    -0.87    6.61
 158623.240   259.012    -3.15    7.15
 158995.377   260.750     4.67    8.22
 159367.444   262.787     5.47    7.79
 159739.438   266.083     8.86    8.78
 160111.362   272.364    16.88   14.53
 160483.214   283.057    28.75   22.06
 160854.994   303.356    54.59   29.00
 161226.704   322.852    52.44   31.94
 161598.342   342.287    52.29   30.42
 161969.909   359.558    46.48   25.73
 162341.404   368.977    25.35   22.17
 162712.829   371.425     6.59   20.13
 163084.183   364.600   -18.38   23.24
 163455.465   351.621   -34.95   27.23
 163826.677   336.690   -40.22   25.43
 164197.817   328.295   -22.62   19.00
 164568.887   322.726   -15.01    9.79
 164939.886   324.793     5.57    8.49
 165310.814   329.407    12.44   10.30
 165681.671   334.425    13.53   12.54
 166052.457   337.049     7.07   12.43
 166423.173   335.989    -2.86   13.02
 166793.818   332.866    -8.42   12.72
 167164.392   327.966   -13.22   11.34
 167534.896   322.048   -15.97   11.13
 167905.329   312.466   -25.86   13.93
 168275.692   304.412   -21.74   14.29
 168645.984   302.852    -4.21   17.48
 169016.206   305.224     6.40   22.64
 169386.357   315.591    28.00   28.24
 169756.438   325.713    27.35   28.29
 170126.449   330.862    13.92   26.15
 170496.389   332.023     3.14   23.88
 170866.260   334.988     8.02   20.07
 171236.060   335.261     0.74   18.87
 171605.790   336.414     3.12   16.98
 171975.449   330.230   -16.73   17.73
 172345.039   320.093   -27.42   19.35
 172714.559   315.364   -12.80   15.29
 173084.008   315.435     0.19   12.95
 173453.388   321.356    16.03   13.21
 173822.698   328.146    18.39    8.53
 174191.938   328.563     1.13    9.63
 174561.108   324.598   -10.74   12.55
 174930.208   314.782   -26.59   17.42
 175299.238   301.390   -36.28   19.13
 175668.199   292.477   -24.16   15.98
 176037.090   288.188   -11.62   12.01
 176405.912   290.409     6.02   12.26
 176774.664   298.011    20.61   11.97
 177143.346   306.349    22.61   11.00
 177511.959   309.512     8.58   10.39
 177880.502   313.023     9.53   10.35
 178248.976   312.765    -0.70   10.77
 178617.380   309.779    -8.10   11.67
 178985.715   304.384   -14.65   14.06
 179353.981   295.082   -25.25   15.77
 179722.178   286.954   -22.07   14.96
 180090.305   280.321   -18.01   12.21
 180458.363   278.184    -5.81   11.71
 180826.352   279.049     2.35   11.76
 181194.271   281.459     6.55   11.89
 181562.122   284.402     8.00   13.79
 181929.904   287.310     7.91   15.81
 182297.616   290.566     8.85   17.30
 182665.260   294.337    10.26   19.59
 183032.834   293.943    -1.07   23.31
 183400.340   292.500    -3.92   26.73
 183767.777   288.453   -11.01   29.23
 184135.145   286.523    -5.25   27.49
 184502.444   286.553     0.08   23.61
 184869.675   290.779    11.51   18.41
 185236.836   294.012     8.80   11.63
 185603.929   293.083    -2.53    9.70
 185970.954   285.545   -20.53   12.92
 186337.910   275.988   -26.04   13.41
 186704.797   264.318   -31.80   14.71
 187071.616   254.716   -26.17   14.28
 187438.366   242.047   -34.54   19.67
 187805.048   226.747   -41.72   21.72
 188171.662   209.302   -47.58   21.87
 188538.207   195.402   -37.92   16.54
 188904.684   185.529   -26.94   11.40
 189271.092   179.295   -17.01   10.05
 189637.433   172.627   -18.20   10.91
 190003.705   166.739   -16.07   11.48
 190378.806   159.805   -18.48    9.31
 190759.218   154.155   -14.85    7.87
 191139.555   148.920   -13.76    5.00
 191519.818   146.701    -5.84    4.01
 191900.007   144.849    -4.87    3.39
 192280.121   143.965    -2.32    3.53
 192660.162   143.414    -1.45    3.28
 193040.128   144.238     2.17    3.44
 193420.020   145.955     4.52    4.83
 193799.838   148.494     6.68    6.05
 194179.581   151.184     7.08    6.63
 194559.251   152.625     3.80    8.04
 194938.847   152.506    -0.31    8.64
 195318.369   151.625    -2.32    8.19
 195697.817   150.761    -2.28    6.13
 196077.191   150.807     0.12    4.58
 196456.492   153.341     6.68    6.19
 196835.719   158.709    14.15    8.66
 197214.872   164.931    16.41    8.60
 197593.951   171.593    17.57    4.92
 197972.957   174.852     8.60    4.01
 198351.889   176.452     4.22    3.49
 198730.747   177.988     4.05    3.51
 199109.533   181.580     9.48    5.11
 199488.244   184.759     8.39    6.53
 199866.883   186.965     5.83    5.38
 200245.448   189.128     5.71    5.02
 200623.939   191.966     7.50    6.61
 201002.357   194.738     7.33    8.29
 201380.703   197.235     6.60    8.14
 201758.974   198.190     2.52    7.62
 202137.173   198.151    -0.10    5.59
 202515.299   197.457    -1.84    4.13
 202893.351   191.930   -14.62    8.68
 203271.331   185.902   -15.94    9.34
 203649.238   181.784   -10.90    7.86
 204027.071   179.780    -5.30    6.78
 204404.832   179.909     0.34    7.99
 204782.520   180.222     0.83    8.53
 205160.135   180.046    -0.47    7.64
 205537.677   178.675    -3.63    5.88
 205915.147   178.174    -1.33    4.04
 206292.544   177.181    -2.63    3.23
 206669.868   174.779    -6.36    3.78
 207047.119   173.605    -3.11    3.88
 207424.298   174.161     1.47    4.74
 207801.405   174.663     1.33    4.80
 208178.439   174.368    -0.78    5.56
 208555.401   172.205    -5.74    6.54
 208932.290   169.333    -7.62    5.32
 209309.107   168.356    -2.59    3.51
 209685.851   171.349     7.94    5.37
 210062.524   175.233    10.31    5.77
 210439.124   178.839     9.57    4.96
 210815.651   182.181     8.87    4.26
 211192.107   183.919     4.62    4.02
 211568.491   185.779     4.94    4.15
 211944.802   187.940     5.74    3.66
 212321.042   189.140     3.19    3.90
 212697.209   190.395     3.34    4.10
 213073.305   193.034     7.02    6.16
 213449.328   197.541    11.98    8.80
 213825.280   206.047    22.62    9.87
 214201.160   215.293    24.59   12.41
 214576.968   227.512    32.51   14.95
 214952.705   239.212    31.13   13.88
 215328.370   250.230    29.32    9.81
 215703.963   256.940    17.86    8.11
 216079.484   260.453     9.36    5.89
 216454.934   260.738     0.76    5.76
 216830.312   256.593   -11.04    9.61
 217205.619   251.554   -13.42   11.06
 217580.855   245.644   -15.75   13.50
 217956.019   237.500   -21.70   15.54
 218331.111   228.140   -24.95   15.07
 218706.133   220.238   -21.07    9.66
 219081.083   214.391   -15.59    7.57
 219455.961   210.778    -9.64    7.53
 219830.769   207.419    -8.96    7.08
 220205.505   203.262   -11.09    7.85
 220580.171   201.686    -4.21    8.33
 220954.765   199.713    -5.27    8.21
 221329.288   200.628     2.44    7.81
 221703.740   202.025     3.73    5.77
 222078.121   199.552    -6.61    7.16
 222452.431   195.537   -10.72    7.64
 222826.671   190.349   -13.86    6.51
 223200.839   186.338   -10.72    5.08
 223574.937   182.176   -11.12    4.90
 223948.964   178.025   -11.10    5.47
 224322.920   173.875   -11.09    4.98
 224696.805   170.049   -10.23    3.84
 225070.620   167.632    -6.47    3.29
 225444.364   165.012    -7.01    3.24
 225818.038   162.318    -7.21    3.40
 226191.641   159.370    -7.89    3.82
 226565.174   156.609    -7.39    3.54
 226938.636   154.506    -5.63    3.05
 227312.028   152.557    -5.22    2.89
 227685.349   150.173    -6.38    4.17
 228058.600   146.733    -9.22    4.82
 228431.781   143.675    -8.19    3.58
 228804.891   141.012    -7.14    3.83
 229177.932   139.562    -3.88    4.22
 229550.902   138.465    -2.94    3.93
 229923.802   137.588    -2.35    3.52
 230296.632   137.279    -0.83    3.23
 230669.392   135.750    -4.10    3.62
 231042.081   133.706    -5.48    3.68
 231414.701   131.887    -4.88    2.94
 231787.251   131.609    -0.75    2.98
 232159.731   132.843     3.31    3.69
 232532.141   133.198     0.95    3.38
 232904.482   132.398    -2.15    4.20
 233276.752   130.721    -4.50    3.97
 233648.953   129.512    -3.25    2.72
 234021.084   130.161     1.74    3.39
 234393.146   130.699     1.45    3.66
 234765.138   130.452    -0.66    4.61
 235137.060   128.732    -4.63    5.77
 235508.913   125.640    -8.31    5.26
 235880.696   124.349    -3.47    4.22
 236252.409   124.518     0.45    4.16
 236624.054   126.732     5.96    4.19
 236995.629   128.721     5.35    3.04
 237367.134   128.422    -0.81    2.68
 237738.571   128.167    -0.69    2.13
 238109.938   128.267     0.27    2.34
 238481.235   128.294     0.07    2.54
 238852.464   128.783     1.32    2.73
 239223.623   128.802     0.05    2.75
 239594.713   128.271    -1.43    3.01
 239965.735   126.398    -5.05    5.23
 240336.687   122.694    -9.98    8.37
 240707.570   118.814   -10.46    9.00
 241078.384   117.671    -3.08    7.97
 241449.129   119.590     5.18    8.72
 241819.806   125.314    15.44    9.37
 242190.413   129.667    11.74    5.94
 242560.952   130.767     2.97    5.28
 242931.422   132.024     3.39    6.00
 243301.823   133.824     4.86    7.44
 243672.156   138.268    12.00    7.78
 244042.419   143.588    14.37    7.01
 244412.615   147.500    10.56    6.43
 244782.741   150.776     8.85    6.43
 245152.799   152.911     5.77    4.88
 245522.789   153.267     0.96    3.93
 245892.710   153.812     1.47    3.37
 246262.563   152.023    -4.84    3.60
 246632.347   149.863    -5.84    3.63
 247002.063   148.977    -2.40    3.54
 247371.710   149.695     1.94    4.09
 247741.290   151.357     4.50    4.43
 248110.801   153.402     5.53    3.87
 248480.244   156.805     9.21    4.67
 248849.618   158.094     3.49    4.51
 249218.925   161.000     7.87    4.52
 249588.163   162.880     5.09    3.75
 249957.334   162.682    -0.53    3.72
 250326.436   162.276    -1.10    3.91
 250695.471   160.506    -4.79    4.60
 251064.437   158.714    -4.86    4.96
 251433.336   158.279    -1.18    4.99
 251802.166   159.118     2.27    4.85
 252170.929   161.366     6.10    5.24
 252539.624   165.464    11.11    5.27
 252908.252   167.506     5.54    5.03
 253276.811   168.345     2.28    4.59
 253645.303   168.450     0.29    4.17
 254013.728   167.741    -1.92    3.34
 254382.084   168.025     0.77    3.85
 254750.374   169.212     3.22    3.85
 255118.595   171.588     6.45    3.43
 255486.749   173.419     4.97    3.60
 255854.836   174.350     2.53    4.12
 256222.855   176.440     5.68    4.54
 256590.807   177.277     2.27    4.59
 256958.691   178.034     2.06    4.34
 257326.509   177.651    -1.04    3.85
 257694.259   176.558    -2.97    4.37
 258061.941   175.831    -1.98    3.97
 258429.557   175.440    -1.06    3.30
 258797.105   175.667     0.62    3.49
 259164.586   173.878    -4.87    4.50
 259532.000   170.942    -7.99    4.96
 259899.347   166.530   -12.01    5.69
 260266.627   163.447    -8.39    4.96
 260633.841   162.275    -3.19    4.53
 261000.987   163.212     2.55    4.44
 261368.066   165.887     7.29    6.92
 261735.078   170.744    13.23    8.84
 262102.024   175.488    12.92    7.46
 262468.903   176.702     3.31    6.64
 262835.714   177.901     3.27    5.83
 263202.460   178.402     1.37    5.82
 263569.138   177.892    -1.39    5.07
 263935.750   175.553    -6.38    6.84
 264302.296   171.578   -10.84    8.78
 264668.774   165.867   -15.58    9.75
 265040.229   160.239   -15.15   10.39
 265420.489   155.554   -12.32    8.32
 265800.677   153.518    -5.35    7.24
 266180.792   151.576    -5.11    7.80
 266560.835   152.060     1.27    8.05
 266940.806   154.437     6.26    7.68
 267320.704   156.704     5.97    7.86
 267700.530   160.655    10.40    5.66
 268080.284   162.875     5.85    3.91
 268459.966   160.435    -6.42    5.64
 268839.576   155.238   -13.69    7.23
 269219.113   148.512   -17.72    7.90
 269598.579   140.349   -21.51    9.31
 269977.973   131.429   -23.51   12.77
 270357.294   124.558   -18.11   11.16
 270736.544   120.447   -10.84    9.49
 271115.722   118.904    -4.07    9.23
 271494.829   117.291    -4.25   10.28
 271873.863   109.952   -19.36   12.88
 272252.826   102.229   -20.37   12.57
 272631.717    95.583   -17.54    8.52
 273010.536    91.859    -9.83    2.90
 273389.284    91.093    -2.02    2.03
 273767.961    91.148     0.15    1.96
 274146.565    90.671    -1.26    1.56
 274525.099    90.075    -1.57    1.42
 274903.561    92.235     5.71    4.87
 275281.951    95.696     9.14    7.44
 275660.270   100.571    12.88    9.32
 276038.518   107.512    18.35   11.99
 276416.694   114.267    17.86   13.20
 276794.800   121.566    19.30   12.14
 277172.834   126.965    14.28    8.29
 277550.797   128.852     4.99    5.17
 277928.688   128.880     0.07    4.53
 278306.509   126.529    -6.22    4.82
 278684.259   124.118    -6.38    4.69
 279061.937   123.000    -2.96    4.25
 279439.545   122.259    -1.96    4.53
 279817.082   125.108     7.55    6.29
 280194.548   128.506     9.00    6.59
 280571.943   130.241     4.60    5.37
 280949.267   131.094     2.26    4.85
 281326.521   129.824    -3.37    4.27
 281703.704   129.525    -0.79    3.79
 282080.816   130.190     1.76    3.78
 282457.857   131.061     2.31    4.12
 282834.828   131.881     2.17    4.46
 283211.729   132.863     2.61    4.10
 283588.558   134.515     4.38    2.95
 283965.318   135.214     1.86    2.42
 284342.007   132.792    -6.43    4.24
