-196177.355   150.802     0.00   14.67
-195804.855   155.905    13.70   11.28
-195432.283   158.817     7.81    6.21
-195059.639   157.769    -2.81    5.66
-194686.923   155.181    -6.94    4.20
-194314.134   155.152    -0.08    4.31
-193941.274   158.904    10.06    7.29
-193568.340   162.946    10.84    8.99
-193195.335   169.086    16.46    8.02
-192822.257   174.314    14.01    5.86
-192449.107   179.018    12.61    5.94
-192075.884   183.279    11.42    7.85
-191702.588   186.596     8.88   10.09
-191329.220   185.437    -3.10   12.52
-190955.780   179.916   -14.78   14.63
-190582.267   177.063    -7.64   13.81
-190208.681   175.302    -4.71   11.78
-189835.022   177.934     7.04   12.08
-189461.290   180.900     7.93    9.71
-189087.486   182.438     4.12    7.52
-188713.609   183.980     4.12    6.42
-188339.659   185.684     4.56    6.55
-187965.635   186.197     1.37    6.50
-187591.539   184.779    -3.79    7.91
-187217.370   181.015   -10.06    7.35
-186843.128   179.506    -4.03    5.87
-186468.812   181.534     5.42    7.67
-186094.424   186.984    14.55   11.56
-185719.962   194.141    19.11   12.79
-185345.427   196.006     4.98   11.13
-184970.819   192.337    -9.79   12.80
-184596.137   185.347   -18.65   13.88
-184221.382   176.569   -23.42   10.76
-183846.553   169.313   -19.36    7.30
-183471.651   165.049   -11.37    6.32
-183096.676   163.077    -5.26    6.18
-182721.627   161.779    -3.46    6.15
-182346.504   161.575    -0.54    6.47
-181971.308   161.267    -0.82    6.38
-181596.038   159.041    -5.93    6.25
-181220.694   155.739    -8.80    5.70
-180845.276   151.745   -10.64    5.41
-180469.785   147.451   -11.43    6.35
-180094.220   142.927   -12.05    7.23
-179718.581   139.441    -9.28    6.67
-179342.868   137.718    -4.59    5.32
-178967.080   136.198    -4.04    5.40
-178591.219   134.684    -4.03    6.40
-178215.284   129.302   -14.31    9.05
-177839.275   123.002   -16.75    8.46
-177463.191   116.904   -16.21    7.68
-177087.034   112.325   -12.17    5.55
-176710.802   110.038    -6.08    2.87
-176334.496   110.416     1.00    3.40
-175958.115   111.532     2.97    3.08
-175581.660   111.711     0.48    3.78
-175205.131   110.831    -2.34    5.47
-174828.527   109.029    -4.78    6.30
-174451.848   106.881    -5.70    8.36
-174075.095   105.673    -3.21    7.69
-173698.268   102.188    -9.25    8.08
-173321.366   100.291    -5.03    8.49
-172944.389   100.018    -0.72    9.26
-172567.337    99.029    -2.62    9.98
-172190.211    99.403     0.99   10.03
-171813.010    98.870    -1.41   10.43
-171435.734    96.246    -6.96   11.66
-171058.383    94.541    -4.52   13.98
-170680.957    92.122    -6.41   13.98
-170303.456    88.601    -9.33   13.30
-169925.880    81.201   -19.60   12.69
-169548.229    76.716   -11.87    9.51
-169170.502    77.280     1.49    9.87
-168792.701    81.662    11.60   11.22
-168414.824    87.673    15.90    7.73
-168036.872    90.658     7.90    3.78
-167658.845    91.291     1.67    3.35
-167280.743    91.172    -0.31    4.23
-166902.565    92.448     3.37    5.46
-166524.311    94.766     6.13    5.72
-166145.982    98.066     8.72    5.91
-165767.578   102.495    11.70    5.27
-165389.098   105.666     8.38    5.99
-165010.542   108.064     6.33    7.03
-164631.911   110.846     7.35    6.84
-164253.204   113.778     7.74    7.63
-163874.421   116.976     8.44    7.20
-163495.563   121.552    12.08    5.02
-163116.628   124.482     7.73    3.38
-162737.618   125.569     2.87    3.30
-162358.532   127.075     3.97    3.60
-161979.369   128.848     4.68    4.36
-161600.131   130.549     4.48    4.78
-161220.817   133.038     6.56    4.20
-160841.426   134.381     3.54    3.45
-160461.960   133.904    -1.26    3.35
-160082.417   131.324    -6.80    5.22
-159702.798   126.791   -11.94    8.17
-159323.102   121.751   -13.27    9.66
-158943.330   114.529   -19.01    9.40
-158563.482   107.541   -18.40    8.15
-158183.558   101.066   -17.04    7.31
-157803.557    95.180   -15.49    7.25
-157423.479    89.724   -14.35    7.94
-157043.325    85.302   -11.63    8.02
-156663.094    82.280    -7.95    8.19
-156282.786    81.023    -3.30    7.60
-155902.402    80.768    -0.67    5.65
-155521.941    79.495    -3.35    4.46
-155141.403    77.677    -4.78    5.64
-154768.419    74.121    -9.53    6.33
-154402.463    70.223   -10.65    6.03
-154036.437    66.716    -9.58    5.78
-153670.341    64.448    -6.19    5.42
-153304.174    63.102    -3.68    6.06
-152937.937    63.391     0.79    6.40
-152571.629    63.870     1.31    6.08
-152205.251    64.210     0.93    4.74
-151838.803    63.824    -1.05    4.26
-151472.284    62.911    -2.49    5.17
-151105.695    61.302    -4.39    5.62
-150739.035    59.069    -6.09    5.62
-150372.305    60.038     2.64    5.58
-150005.504    63.914    10.56    5.69
-149638.632    68.757    13.20    5.24
-149271.690    71.038     6.21    4.77
-148904.676    69.819    -3.32    6.47
-148537.592    67.724    -5.71    6.25
-148170.437    65.557    -5.90    4.66
-147803.212    65.987     1.17    5.14
-147435.915    67.727     4.74    5.93
-147068.548    70.122     6.52    5.79
-146701.109    71.651     4.16    5.09
-146333.599    70.223    -3.88    6.36
-145966.019    66.790    -9.34    7.75
-145598.367    63.077   -10.10    6.72
-145230.644    60.441    -7.17    5.34
-144862.849    58.791    -4.49    4.59
-144494.984    58.267    -1.42    4.32
-144127.047    57.513    -2.05    4.17
-143759.039    56.680    -2.26    3.53
-143390.960    55.157    -4.14    2.58
-143022.809    53.650    -4.09    2.31
-142654.586    50.854    -7.59    4.23
-142286.293    47.091   -10.22    6.28
-141917.927    41.716   -14.59    7.16
-141549.490    36.016   -15.47    6.97
-141180.982    30.616   -14.65    4.83
-140812.401    27.574    -8.25    3.06
-140443.750    26.350    -3.32    2.50
-140075.026    26.935     1.59    2.97
-139706.230    27.569     1.72    3.16
-139337.363    28.891     3.58    2.99
-138968.424    30.417     4.14    2.59
-138599.413    31.347     2.52    3.01
-138230.330    32.143     2.16    3.52
-137861.175    32.965     2.23    3.61
-137491.948    34.167     3.26    3.93
-137122.649    34.164    -0.01    3.72
-136753.277    34.840     1.83    3.66
-136383.834    36.382     4.17    4.28
-136014.318    38.257     5.07    4.85
-135644.730    41.055     7.57    4.57
-135275.070    42.796     4.71    4.66
-134905.338    44.409     4.36    4.74
-134535.533    45.580     3.17    4.04
-134165.655    45.802     0.60    3.16
-133795.706    47.445     4.44    3.54
-133425.683    50.088     7.14    5.33
-133055.589    54.594    12.17    6.41
-132685.421    58.538    10.65    5.58
-132315.181    59.891     3.65    6.37
-131944.869    59.831    -0.16    7.43
-131574.483    59.583    -0.67    7.55
-131204.025    60.552     2.62    8.07
-130833.494    62.380     4.93   10.21
-130462.890    63.791     3.81   10.76
-130092.214    63.489    -0.81   10.56
-129721.464    63.891     1.08    9.64
-129350.641    65.336     3.90    7.84
-128979.746    70.691    14.44    9.81
-128608.777    78.488    21.02   10.66
-128237.735    86.902    22.67   10.16
-127866.621    95.422    22.96    9.00
-127495.432   101.841    17.29    6.98
-127124.171   105.528     9.93    4.46
-126752.837   105.729     0.54    4.02
-126381.429   102.820    -7.83    5.21
-126009.948   100.686    -5.74    4.52
-125638.393    98.302    -6.42    3.65
-125266.765    96.928    -3.70    3.49
-124895.063    96.745    -0.49    3.46
-124523.288    95.602    -3.07    3.15
-124151.440    94.538    -2.86    3.77
-123779.517    93.357    -3.17    3.86
-123407.521    92.256    -2.96    3.95
-123035.452    91.002    -3.37    3.60
-122663.308    89.802    -3.22    3.34
-122291.091    87.380    -6.51    4.51
-121918.800    84.580    -7.52    5.09
-121546.435    82.522    -5.53    4.46
-121173.997    80.791    -4.65    4.58
-120801.484    80.367    -1.14    5.29
-120428.897    80.391     0.06    5.52
-120056.236    81.403     2.72    5.18
-119683.501    81.632     0.61    4.47
-119310.692    80.647    -2.64    4.53
-118937.809    76.906   -10.03    6.52
-118564.852    72.055   -13.01    7.27
-118191.820    65.751   -16.90    7.17
-117818.714    60.230   -14.80    5.61
-117445.533    58.190    -5.47    4.87
-117072.279    56.695    -4.00    4.22
-116698.949    56.368    -0.88    4.15
-116325.546    57.052     1.83    3.86
-115952.067    59.113     5.52    5.02
-115578.514    62.135     8.09    5.27
-115204.887    64.921     7.46    3.99
-114831.185    65.593     1.80    3.05
-114457.408    62.530    -8.19    5.28
-114083.556    58.976    -9.51    4.93
-113709.630    57.324    -4.42    3.57
-113335.629    57.546     0.59    4.37
-112961.552    61.478    10.51    7.10
-112587.401    66.601    13.69    8.09
-112213.175    74.467    21.02   10.33
-111838.874    81.465    18.69    9.64
-111464.498    84.214     7.34    7.38
-111090.047    84.511     0.79    7.31
-110715.520    83.572    -2.51    6.75
-110340.919    82.359    -3.24    4.82
-109966.242    80.446    -5.10    4.63
-109591.490    76.647   -10.14    6.63
-109216.662    70.247   -17.07    8.51
-108841.759    65.152   -13.59    8.27
-108466.781    59.824   -14.21    5.39
-108091.727    57.612    -5.90    4.23
-107716.598    58.676     2.83    5.63
-107341.393    60.917     5.97    6.11
-106966.112    64.180     8.69    5.21
-106590.756    67.076     7.72    3.93
-106215.324    69.580     6.67    3.96
-105839.817    71.936     6.28    4.74
-105464.233    72.480     1.45    4.68
-105088.574    72.624     0.38    3.56
-104712.839    74.456     4.87    4.96
-104337.028    75.336     2.34    6.51
-103961.141    72.680    -7.07   10.74
-103585.178    71.836    -2.24   11.76
-103209.139    70.402    -3.81   10.59
-102833.024    69.893    -1.35    8.87
-102456.832    71.457     4.16    4.72
-102080.565    71.893     1.16    3.19
-101704.221    70.442    -3.86    4.53
-101327.801    67.654    -7.40    5.65
-100951.304    64.146    -9.32    5.19
-100574.731    60.484    -9.73    4.44
-100198.082    56.024   -11.84    5.30
 -99821.357    51.836   -11.12    7.03
 -99444.554    46.435   -14.33    7.29
 -99067.675    42.100   -11.50    6.01
 -98690.720    39.972    -5.64    5.36
 -98313.688    40.807     2.21    5.71
 -97936.579    41.913     2.93    5.22
 -97559.393    43.098     3.14    5.04
 -97182.131    44.657     4.13    6.34
 -96804.792    46.033     3.65    7.23
 -96427.376    45.824    -0.55    6.87
 -96049.883    45.829     0.01    5.24
 -95672.313    44.862    -2.56    3.18
 -95294.666    44.502    -0.95    2.96
 -94916.942    45.906     3.72    3.48
 -94539.140    47.448     4.08    3.36
 -94161.262    47.519     0.19    3.25
 -93783.306    47.188    -0.88    3.26
 -93405.273    46.737    -1.19    3.60
 -93027.163    47.418     1.80    4.06
 -92648.975    49.335     5.07    3.79
 -92270.710    50.697     3.60    3.67
 -91892.368    52.624     5.09    5.72
 -91513.948    52.980     0.94    6.85
 -91135.450    52.740    -0.63    6.96
 -90756.875    53.149     1.08    6.04
 -90378.222    54.202     2.78    4.81
 -89999.492    57.976     9.97    6.22
 -89620.684    62.752    12.61    7.74
 -89241.798    66.209     9.12    7.02
 -88862.834    68.774     6.77    5.41
 -88483.792    68.878     0.27    5.32
 -88104.673    68.682    -0.52    5.79
 -87725.475    68.796     0.30    5.84
 -87346.199    71.126     6.14    6.35
 -86966.846    74.029     7.65    5.50
 -86587.414    75.248     3.21    5.06
 -86207.904    76.602     3.57    4.82
 -85828.316    78.038     3.78    5.32
 -85448.649    79.324     3.39    4.74
 -85068.905    79.434     0.29    4.47
 -84689.082    79.117    -0.83    3.73
 -84309.180    78.280    -2.20    3.37
 -83929.200    76.538    -4.58    2.96
 -83549.142    75.013    -4.01    2.77
 -83169.005    74.530    -1.27    2.47
 -82788.789    75.157     1.65    2.67
 -82408.495    75.774     1.62    2.84
 -82028.122    76.032     0.68    3.28
 -81647.670    75.599    -1.14    3.33
 -81267.140    75.164    -1.14    3.09
 -80886.530    75.280     0.31    3.15
 -80505.842    75.669     1.02    3.60
 -80128.012    75.258    -1.09    4.34
 -79762.277    74.313    -2.58    4.82
 -79396.470    72.980    -3.64    4.78
 -79030.592    71.719    -3.44    4.66
 -78664.641    71.791     0.19    4.87
 -78298.618    73.763     5.39    5.61
 -77932.523    77.643    10.60    6.94
 -77566.356    83.769    16.73    7.43
 -77200.117    88.732    13.55    6.31
 -76833.806    90.969     6.10    5.40
 -76467.423    90.972     0.01    4.82
 -76100.967    88.990    -5.41    4.16
 -75734.439    86.769    -6.06    3.99
 -75367.838    83.710    -8.34    4.18
 -75001.166    80.424    -8.96    3.94
 -74634.420    77.502    -7.97    4.24
 -74267.603    74.671    -7.72    4.91
 -73900.713    71.023    -9.94    4.26
 -73533.750    69.008    -5.49    3.92
 -73166.714    67.069    -5.28    3.52
 -72799.606    65.334    -4.73    3.53
 -72432.426    63.324    -5.47    3.84
 -72065.172    61.456    -5.09    4.57
 -71697.846    60.478    -2.66    5.08
 -71330.447    58.740    -4.73    5.47
 -70962.975    55.258    -9.47    7.13
 -70595.430    50.713   -12.37    7.02
 -70227.813    47.943    -7.53    5.25
 -69860.122    46.046    -5.16    5.43
 -69492.358    45.689    -0.97    6.98
 -69124.521    46.210     1.42    8.82
 -68756.611    47.184     2.65    9.69
 -68388.628    47.279     0.26    8.69
 -68020.572    45.367    -5.20    7.41
 -67652.442    42.708    -7.22    6.92
 -67284.239    39.730    -8.09    5.31
 -66915.963    36.555    -8.62    4.46
 -66547.613    33.370    -8.65    4.94
 -66179.190    31.508    -5.05    5.05
 -65810.694    32.684     3.19    7.05
 -65442.124    38.856    16.75   11.25
 -65073.480    46.453    20.61   11.59
 -64704.763    52.027    15.12   10.83
 -64335.972    51.116    -2.47   12.52
 -63967.108    45.106   -16.29   14.86
 -63598.169    39.836   -14.28   12.18
 -63229.157    36.324    -9.52    8.39
 -62860.071    37.722     3.79   10.57
 -62490.912    42.291    12.38   12.08
 -62121.678    46.591    11.64   12.69
 -61752.370    51.366    12.93   11.83
 -61382.989    54.774     9.23    8.71
 -61013.533    55.599     2.23    7.32
 -60644.004    54.130    -3.97    7.05
 -60274.400    51.543    -7.00    5.59
 -59904.722    52.769     3.32    5.37
 -59534.969    54.232     3.96    5.46
 -59165.143    57.204     8.04    5.55
 -58795.242    60.709     9.47    5.57
 -58425.267    64.367     9.89    5.78
 -58055.218    67.741     9.12    4.38
 -57685.094    69.443     4.60    2.65
 -57314.895    66.807    -7.12    5.71
 -56944.622    61.613   -14.03    8.96
 -56574.275    54.248   -19.89   11.28
 -56203.852    45.557   -23.46   10.94
 -55833.355    39.098   -17.43   10.05
 -55462.784    34.518   -12.36    6.82
 -55092.138    33.270    -3.37    6.52
 -54721.417    35.441     5.86    8.79
 -54350.621    38.972     9.52    9.07
 -53979.750    43.383    11.89    9.34
 -53608.804    48.844    14.72   10.46
 -53237.783    55.927    19.09    8.76
 -52866.688    62.508    17.73    8.54
 -52495.517    68.802    16.96    6.71
 -52124.271    71.895     8.33    5.60
 -51752.950    72.791     2.41    4.13
 -51381.553    72.259    -1.43    3.91
 -51010.082    72.245    -0.04    4.01
 -50638.535    72.818     1.54    3.63
 -50266.913    74.706     5.08    3.70
 -49895.215    77.487     7.48    3.20
 -49523.442    79.346     5.00    3.30
 -49151.594    82.055     7.28    4.53
 -48779.670    84.588     6.81    4.48
 -48407.670    86.921     6.27    4.09
 -48035.595    88.130     3.25    3.40
 -47663.444    87.813    -0.85    5.00
 -47291.218    87.689    -0.33    5.58
 -46918.915    87.677    -0.03    5.68
 -46546.537    87.549    -0.34    4.44
 -46174.083    87.651     0.27    2.59
 -45801.554    87.775     0.33    2.41
 -45428.948    88.616     2.26    2.96
 -45056.266    87.872    -2.00    4.25
 -44683.508    87.359    -1.37    4.69
 -44310.675    86.781    -1.55    4.92
 -43937.765    85.602    -3.16    4.39
 -43564.778    87.041     3.86    4.28
 -43191.716    89.802     7.40    5.11
 -42818.578    93.151     8.98    5.56
 -42445.363    96.555     9.12    5.29
 -42072.072   100.454    10.45    4.79
 -41698.704   101.921     3.93    4.57
 -41325.260   103.280     3.64    4.54
 -40951.739   102.159    -3.00    5.76
 -40578.142    97.476   -12.54    9.20
 -40204.469    92.737   -12.68   10.47
 -39830.718    86.780   -15.94   10.91
 -39456.891    80.878   -15.79   11.49
 -39082.988    72.474   -22.48   13.59
 -38709.007    62.378   -27.00   14.62
 -38334.950    51.552   -28.94   12.66
 -37960.816    43.947   -20.33    9.80
 -37586.605    40.913    -8.11    7.33
 -37212.317    46.057    13.74   12.89
 -36837.952    57.413    30.33   18.24
 -36463.510    68.775    30.34   16.33
 -36088.991    79.589    28.87    8.47
 -35714.394    82.400     7.50    4.41
 -35339.721    80.441    -5.23    5.15
 -34964.970    77.084    -8.96    6.04
 -34590.142    72.686   -11.74    4.93
 -34215.237    68.302   -11.69    5.55
 -33840.254    64.709    -9.58    5.20
 -33465.194    63.926    -2.09    4.28
 -33090.057    64.395     1.25    4.76
 -32714.841    68.130     9.95    5.48
 -32339.549    71.164     8.08    5.43
 -31964.178    71.334     0.45    6.72
 -31588.730    68.734    -6.93    8.38
 -31213.205    64.132   -12.25    7.55
 -30837.601    60.616    -9.36    5.59
 -30461.920    59.834    -2.08    4.13
 -30086.161    61.021     3.16    4.67
 -29710.324    63.106     5.55    4.63
 -29334.409    64.813     4.54    4.54
 -28958.416    64.861     0.13    4.23
 -28582.345    64.624    -0.63    4.08
 -28206.196    66.635     5.35    4.39
 -27829.969    68.880     5.97    4.41
 -27453.663    71.334     6.52    4.15
 -27077.279    73.506     5.77    5.33
 -26700.817    78.409    13.02    6.62
 -26324.277    81.904     9.28    5.92
 -25947.658    82.355     1.20    5.33
 -25570.961    79.893    -6.54    7.35
 -25194.186    74.706   -13.77    7.65
 -24817.332    70.126   -12.15    5.65
 -24440.399    67.205    -7.75    4.42
 -24063.387    65.159    -5.43    5.74
 -23686.297    63.291    -4.95    7.84
 -23309.129    60.954    -6.20    8.67
 -22931.881    59.194    -4.66    8.34
 -22554.555    58.008    -3.14    7.31
 -22177.150    59.367     3.60    6.26
 -21799.665    62.291     7.75    6.43
 -21422.102    65.802     9.30    6.43
 -21044.460    69.356     9.41    5.28
 -20666.739    71.161     4.78    4.00
 -20288.939    70.420    -1.96    4.83
 -19911.059    67.378    -8.05    7.05
 -19533.101    62.969   -11.67    6.86
 -19155.063    58.517   -11.78    5.57
 -18776.945    55.584    -7.76    4.18
 -18398.749    53.517    -5.47    3.25
 -18020.473    52.588    -2.46    2.88
 -17642.117    53.614     2.71    3.45
 -17263.682    54.987     3.63    3.60
 -16885.168    55.431     1.17    3.32
 -16506.573    55.445     0.04    3.25
 -16127.900    55.624     0.47    2.72
 -15749.146    56.060     1.15    2.47
 -15370.313    58.249     5.78    3.98
 -14991.400    60.190     5.12    4.74
 -14612.407    61.639     3.82    4.56
 -14233.334    62.392     1.99    4.27
 -13854.181    60.657    -4.58    4.96
 -13474.948    57.706    -7.78    5.60
 -13095.635    55.130    -6.79    5.86
 -12716.242    52.336    -7.36    5.82
 -12336.769    51.834    -1.32    5.42
 -11957.216    52.785     2.51    5.21
 -11577.582    54.387     4.22    5.38
 -11197.868    56.750     6.22    4.39
 -10818.074    57.270     1.37    3.47
 -10438.199    54.895    -6.25    5.40
 -10058.244    50.485   -11.61    7.36
  -9678.208    45.081   -14.22    6.75
  -9298.092    40.291   -12.60    6.18
  -8917.895    36.061   -11.13    6.00
  -8537.618    31.227   -12.71    7.01
  -8157.259    25.109   -16.09    8.89
  -7776.820    17.536   -19.91    9.97
  -7396.301    11.813   -15.04    7.43
  -7015.700     9.323    -6.54    5.52
  -6635.018     9.491     0.44    4.77
  -6254.256    11.483     5.23    3.53
  -5873.412    12.695     3.18    3.25
  -5492.488    13.618     2.42    2.76
  -5124.853    13.146    -1.28    3.80
  -4759.274    11.565    -4.33    4.81
  -4393.621     9.757    -4.94    4.74
  -4027.895     7.706    -5.61    4.11
  -3662.095     5.818    -5.16    4.06
  -3296.221     3.893    -5.26    4.60
  -2930.273     2.047    -5.05    4.67
  -2564.251     0.057    -5.43    4.11
  -2198.155    -1.049    -3.02    3.37
  -1831.986    -1.709    -1.80    2.72
  -1465.742    -2.560    -2.32    1.05
  -1099.425    -2.698    -0.38    0.00
   -733.033    -2.390     0.84    2.14
   -366.567     1.434    10.43    8.70
     -0.027     4.100     7.27   10.25
    366.587     4.993     2.44   10.12
    733.276     3.883    -3.03    9.51
   1100.039     3.639    -0.66    8.98
   1466.876     2.972    -1.82    7.17
   1833.787     5.733     7.53    7.20
   2200.773     9.541    10.37    6.13
   2567.834    14.993    14.85    7.17
   2934.969    19.135    11.28    7.73
   3302.179    23.345    11.46    7.04
   3669.463    26.313     8.08    7.36
   4036.822    29.001     7.32    7.64
   4404.255    30.589     4.32    7.38
   4771.764    33.391     7.62    6.08
   5139.347    34.818     3.88    5.43
   5507.005    36.544     4.69    4.37
   5874.738    37.691     3.12    4.31
   6242.546    39.446     4.77    5.21
   6610.429    40.597     3.13    6.26
   6978.387    42.379     4.84    6.90
   7346.420    44.764     6.48    5.83
   7714.528    48.185     9.29    5.22
   8082.711    51.943    10.21    5.46
   8450.970    54.708     7.51    5.58
   8819.304    57.457     7.46    4.64
   9187.713    58.642     3.22    4.28
   9556.197    56.357    -6.20    6.45
   9924.757    51.323   -13.66    7.68
  10293.392    45.893   -14.73    6.12
  10662.103    42.589    -8.96    4.14
  11030.890    41.730    -2.33    3.87
  11399.751    41.687    -0.12    5.61
  11768.689    42.829     3.09    7.21
  12137.702    43.258     1.16    7.52
  12506.791    43.398     0.38    6.23
  12875.956    44.834     3.89    5.59
  13245.196    47.227     6.48    6.01
  13614.513    52.192    13.44    7.11
  13983.905    59.153    18.84    9.64
  14353.373    66.739    20.53    9.81
  14722.918    73.206    17.50    9.14
  15092.538    78.290    13.76    5.02
  15462.234    79.930     4.43    3.60
  15832.007    81.214     3.47    4.49
  16201.855    84.260     8.24    6.17
  16571.780    86.893     7.12    6.34
  16941.782    88.270     3.72    6.88
  17311.859    86.493    -4.80    8.63
  17682.013    81.485   -13.53   10.35
  18052.243    74.844   -17.94   11.09
  18422.550    69.928   -13.28    9.68
  18792.934    67.965    -5.30    7.44
  19163.393    68.808     2.27    6.39
  19533.930    74.415    15.13    8.45
  19904.543    79.513    13.75    8.62
  20275.233    85.133    15.16    7.40
  20646.000    91.511    17.20    7.42
  21016.843    97.249    15.47    9.43
  21387.763   104.710    20.12   10.86
  21758.760   111.409    18.06    9.81
  22129.834   114.749     9.00    7.46
  22500.985   113.463    -3.46    8.39
  22872.213   110.979    -6.69    9.12
  23243.519   107.171   -10.25    6.81
  23614.901   104.919    -6.07    3.17
  23986.360   105.225     0.82    2.50
  24357.897   106.302     2.90    3.29
  24729.511   105.969    -0.90    4.11
  25101.202   104.408    -4.20    4.97
  25472.971   101.872    -6.82    5.43
  25844.817    98.887    -8.03    5.80
  26216.741    95.980    -7.82    6.47
  26588.742    91.525   -11.97    6.71
  26960.820    88.845    -7.20    6.49
  27332.976    86.144    -7.26    5.05
  27705.210    84.412    -4.65    3.33
  28077.522    82.398    -5.41    3.24
  28449.911    81.749    -1.74    3.56
  28822.378    83.408     4.46    4.98
  29194.923    85.802     6.43    6.36
  29567.546    89.291     9.36    5.57
  29940.247    90.207     2.46    4.74
  30313.026    90.791     1.57    4.72
  30685.882    90.618    -0.47    4.13
  31058.817    89.324    -3.47    2.98
  31431.830    89.164    -0.43    3.09
  31804.922    88.256    -2.43    2.55
  32178.091    88.876     1.66    2.92
  32551.339    89.164     0.77    3.19
  32924.665    89.823     1.77    3.40
  33298.069    90.684     2.31    3.01
  33671.552    92.493     4.84    3.13
  34045.114    94.082     4.25    2.43
  34418.754    94.144     0.17    3.84
  34792.472    95.313     3.13    5.46
  35166.269    97.133     4.87    7.29
  35540.145    99.876     7.34    7.97
  35914.099   100.547     1.79    6.79
  36288.133    99.600    -2.53    6.17
  36662.245    97.022    -6.89    5.17
  37036.436    95.178    -4.93    3.67
  37410.706    93.162    -5.39    3.46
  37785.055    91.681    -3.96    3.60
  38159.482    91.474    -0.55    3.51
  38533.989    92.881     3.76    4.72
  38908.575    94.994     5.64    5.18
  39283.241    95.344     0.93    4.84
  39657.985    94.469    -2.33    5.37
  40032.809    93.007    -3.90    4.69
  40407.712    91.802    -3.21    4.65
  40782.694    92.333     1.42    5.89
  41157.756    94.008     4.47    6.61
  41532.897    96.281     6.06    7.60
  41908.118    98.624     6.24    6.14
  42283.419    98.923     0.80    4.47
  42658.798    97.750    -3.12    3.44
  43034.258    95.176    -6.86    3.80
  43409.797    92.055    -8.31    4.25
  43785.417    89.057    -7.98    5.15
  44161.116    85.906    -8.39    6.01
  44536.894    83.460    -6.51    8.36
  44912.753    81.144    -6.16   10.21
  45288.692    79.565    -4.20   10.59
  45664.711    76.258    -8.79   10.48
  46040.809    74.523    -4.61    9.63
  46416.988    72.743    -4.73    7.67
  46793.247    72.908     0.44    5.81
  47169.587    74.155     3.31    5.61
  47546.006    76.155     5.31    5.87
  47922.506    78.376     5.90    5.34
  48299.086    79.802     3.79    4.40
  48675.747    79.733    -0.18    4.10
  49052.488    78.881    -2.26    4.20
  49429.310    77.776    -2.93    4.39
  49806.212    76.334    -3.83    4.75
  50183.195    75.685    -1.72    4.64
  50560.259    75.218    -1.24    4.66
  50937.403    76.013     2.11    4.33
  51314.628    77.186     3.11    3.99
  51691.934    78.440     3.32    3.61
  52069.321    80.206     4.68    3.43
  52446.788    82.354     5.69    3.02
  52824.337    83.418     2.82    2.56
  53201.967    83.681     0.70    2.57
  53579.678    83.185    -1.31    2.99
  53957.470    81.670    -4.01    4.38
  54335.343    78.430    -8.58    7.12
  54713.297    74.533   -10.31   10.66
  55091.333    68.753   -15.29   13.64
  55469.450    65.165    -9.49   13.36
  55847.648    61.893    -8.65   10.73
  56225.928    60.896    -2.64    8.63
  56604.290    63.898     7.93    9.58
  56982.733    67.708    10.07    9.39
  57361.257    70.969     8.61    7.78
  57739.863    74.135     8.36    4.73
  58118.551    73.440    -1.84    5.59
  58497.321    69.797    -9.62    9.17
  58876.172    65.055   -12.52   10.59
  59255.106    60.844   -11.11    9.48
  59634.121    59.022    -4.81    8.13
  60013.218    62.993    10.48    8.73
  60392.398    70.592    20.04   11.93
  60771.659    77.437    18.05   12.66
  61151.002    86.883    24.90   10.25
  61530.428    90.437     9.37    7.88
  61909.936    91.639     3.17    7.12
  62289.526    91.219    -1.11    5.55
  62669.199    90.589    -1.66    3.83
  63048.954    90.385    -0.54    4.11
  63428.791    89.144    -3.27    4.86
  63808.711    89.333     0.50    4.92
  64188.713    92.004     7.03    6.56
  64568.798    95.270     8.59    5.82
  64948.966    97.876     6.86    5.43
  65329.216    98.302     1.12    5.71
  65709.550    97.834    -1.23    6.05
  66089.966    97.759    -0.20    5.94
  66470.464    97.132    -1.65    5.40
  66851.046    97.039    -0.24    4.66
  67231.711    94.986    -5.39    4.97
  67612.459    92.238    -7.22    4.93
  67993.290    90.197    -5.36    4.74
  68374.204    89.870    -0.86    5.12
  68755.201    89.979     0.29    5.54
  69136.281    90.281     0.79    4.67
  69509.150    89.664    -1.65    4.24
  69874.499    89.146    -1.42    5.07
  70239.924    88.726    -1.15    6.90
  70605.425    89.646     2.52    7.63
  70971.001    91.313     4.56    7.25
  71336.652    92.487     3.21    5.75
  71702.379    91.135    -3.70    5.72
  72068.182    89.791    -3.67    5.09
  72434.060    89.823     0.09    4.48
  72800.014    91.460     4.47    4.21
  73166.043    92.365     2.47    3.38
  73532.149    93.409     2.85    4.18
  73898.330    94.844     3.92    6.34
  74264.588    96.055     3.31    7.84
  74630.921    95.312    -2.03    8.35
  74997.330    92.958    -6.43    8.21
  75363.815    90.696    -6.17    6.96
  75730.376    91.344     1.77    7.49
  76097.014    94.660     9.05    7.98
  76463.728    97.323     7.26    6.54
  76830.517    99.002     4.58    4.21
  77197.383    95.986    -8.22    7.15
  77564.326    89.908   -16.56   11.01
  77931.345    85.469   -12.10   10.49
  78298.440    84.281    -3.24    9.56
  78665.612    84.500     0.60   10.22
  79032.860    86.735     6.09   11.16
  79400.185    91.218    12.20    9.27
  79767.586    92.486     3.45    8.10
  80135.064    93.111     1.70    6.62
  80502.619    93.472     0.98    5.02
  80870.250    93.091    -1.04    4.58
  81237.958    88.085   -13.61    9.67
  81605.743    80.197   -21.45   12.16
  81973.605    75.776   -12.02    9.74
  82341.544    77.166     3.78    9.96
  82709.560    82.121    13.46   10.67
  83077.653    88.228    16.59    8.22
  83445.823    93.141    13.34    2.89
  83814.070    94.209     2.90    2.33
  84182.394    93.257    -2.58    3.73
  84550.796    90.969    -6.21    5.46
  84919.275    88.106    -7.77    5.76
  85287.831    85.591    -6.83    4.24
  85656.464    84.365    -3.32    3.25
  86025.175    84.502     0.37    4.12
  86393.964    84.714     0.58    4.78
  86762.830    83.700    -2.75    5.82
  87131.773    83.075    -1.69    5.73
  87500.794    81.465    -4.36    5.54
  87869.893    77.085   -11.87    8.78
  88239.069    73.621    -9.39    8.21
  88608.323    72.807    -2.20    7.22
  88977.655    73.955     3.11    6.65
  89347.065    76.828     7.78    5.07
  89716.553    77.573     2.02    6.81
  90086.119    77.976     1.09    7.71
  90455.762    78.776     2.17    7.71
  90825.484    79.955     3.19    8.68
  91195.284    81.158     3.25    9.82
  91565.162    83.324     5.86   10.47
  91935.118    86.024     7.30    8.20
  92305.153    87.621     4.32    5.88
  92675.265    90.446     7.64    5.07
  93045.457    93.249     7.57    6.36
  93415.726    96.986    10.09    7.90
  93786.074    99.677     7.27    8.14
  94156.500   102.723     8.22    8.82
  94527.005   105.518     7.55    8.06
  94897.589   108.021     6.75    7.15
  95268.251   110.885     7.73    6.54
  95638.992   112.269     3.73    7.40
  96009.812   114.353     5.62    7.48
  96380.710   116.991     7.11    7.79
  96751.687   119.745     7.43    7.30
  97122.743   121.117     3.70    6.06
  97493.878   122.416     3.50    6.64
  97865.092   123.094     1.82    6.80
  98236.386   121.562    -4.12    5.41
  98607.758   121.354    -0.56    3.40
  98979.209   120.531    -2.22    3.68
  99350.740   121.187     1.77    5.53
  99722.349   122.398     3.26    6.11
 100094.038   121.900    -1.34    6.69
 100465.807   121.392    -1.37    5.73
 100837.654   122.158     2.06    5.27
 101209.582   123.139     2.64    5.63
 101581.588   125.403     6.09    5.13
 101953.675   125.206    -0.53    5.24
 102325.840   123.424    -4.79    6.24
 102698.086   120.376    -8.19    7.32
 103070.411   116.989    -9.10    6.83
 103442.816   116.573    -1.12    6.84
 103815.301   116.702     0.35    6.01
 104187.865   117.694     2.66    4.24
 104560.510   116.887    -2.16    4.29
 104933.234   114.261    -7.05    6.40
 105306.038   110.919    -8.96    8.14
 105678.923   105.781   -13.78    8.90
 106051.887   101.566   -11.30    8.88
 106424.932   101.366    -0.54   10.43
 106798.057   100.135    -3.30   11.88
 107171.262    98.251    -5.05   11.94
 107544.547    95.047    -8.58   11.78
 107917.913    89.552   -14.72   12.02
 108291.359    82.323   -19.36   12.70
 108664.886    74.384   -21.26   12.65
 109038.493    66.239   -21.80   10.33
 109412.181    62.291   -10.56    7.94
 109785.949    64.220     5.16   10.16
 110159.798    69.828    15.00   13.61
 110533.728    77.741    21.16   13.01
 110907.738    84.344    17.66   11.40
 111281.829    91.081    18.01   12.23
 111656.002    99.891    23.55   17.03
 112030.255   109.271    25.06   19.88
 112404.589   117.902    23.06   18.32
 112779.004   122.941    13.46   16.87
 113153.500   124.128     3.17   14.86
 113528.077   124.362     0.63   10.92
 113902.736   125.280     2.45    9.34
 114277.475   125.797     1.38   10.15
 114652.296   125.850     0.14   10.04
 115027.198   131.140    14.11   10.58
 115402.182   138.415    19.40   10.40
 115777.247   141.449     8.09    8.23
 116152.394   140.687    -2.03    8.63
 116527.622   137.979    -7.22    8.56
 116902.932   134.155   -10.19    6.80
 117278.323   131.281    -7.66    5.64
 117653.796   129.479    -4.80    5.03
 118029.351   126.344    -8.35    5.31
 118404.988   125.635    -1.89    5.05
 118780.706   126.230     1.58    5.44
 119156.507   127.250     2.72    5.38
 119532.389   129.135     5.01    4.12
 119908.354   130.009     2.32    3.51
 120284.400   129.689    -0.85    3.63
 120660.529   128.474    -3.23    4.02
 121036.740   127.781    -1.84    3.60
 121413.033   127.302    -1.27    3.95
 121789.408   127.443     0.38    5.16
 122165.866   127.261    -0.48    5.32
 122542.406   125.704    -4.13    5.68
 122919.028   122.659    -8.09    6.38
 123295.733   118.834   -10.15    5.18
 123672.521   114.868   -10.53    5.65
 124049.391   109.802   -13.44    6.26
 124426.344   105.128   -12.40    6.58
 124803.379   101.928    -8.49    5.24
 125180.498   100.853    -2.85    4.45
 125557.699   102.259     3.73    6.38
 125934.983   105.158     7.68    7.30
 126312.350   107.525     6.27    6.25
 126689.800   109.343     4.82    5.14
 127067.333   111.070     4.58    5.12
 127444.949   112.812     4.61    5.36
 127822.648   112.975     0.43    5.04
 128200.430   108.822   -10.99    8.38
 128578.296   101.597   -19.12   11.28
 128956.245    91.292   -27.27   12.15
 129334.277    81.937   -24.75   11.13
 129712.393    70.384   -30.56   11.98
 130090.592    61.231   -24.20   11.89
 130468.875    51.200   -26.52   11.24
 130847.241    43.923   -19.23    7.51
 131225.691    39.100   -12.75    4.67
 131604.225    34.838   -11.26    7.93
 131982.842    29.944   -12.93   12.57
 132361.543    23.323   -17.49   13.43
 132740.328    19.979    -8.83   12.37
 133119.197    22.859     7.60   12.53
 133498.150    29.270    16.92   11.24
 133877.187    32.435     8.35    9.57
 134256.308    35.628     8.42    9.34
 134635.513    36.567     2.48   10.16
 135014.802    38.302     4.57   10.34
 135394.176    38.741     1.16    9.99
 135773.634    39.864     2.96    8.48
 136153.176    40.384     1.37    8.25
 136532.803    41.209     2.17    8.10
 136912.514    42.127     2.42    7.34
 137292.309    43.704     4.15    6.28
 137672.189    43.373    -0.87    6.13
 138052.154    43.365    -0.02    6.78
 138432.203    43.302    -0.17    7.09
 138812.338    42.437    -2.27    6.84
 139192.557    41.890    -1.44    6.44
 139572.860    42.625     1.93    5.83
 139953.249    43.639     2.67    5.37
 140333.723    46.052     6.34    5.92
 140714.282    48.986     7.71    5.76
 141094.925    51.322     6.14    5.80
 141475.654    53.384     5.41    5.05
 141856.468    55.302     5.04    4.76
 142237.368    57.013     4.49    4.17
 142618.352    57.766     1.98    4.23
 142999.422    58.137     0.97    3.94
 143380.578    57.261    -2.30    4.82
 143761.819    56.690    -1.50    4.95
 144140.339    54.891    -4.75    5.45
 144505.451    51.393    -9.58    6.11
 144870.640    48.334    -8.38    6.97
 145235.906    47.452    -2.42    7.60
 145601.250    47.750     0.82    8.49
 145966.671    50.059     6.32    9.26
 146332.169    51.003     2.58    8.84
 146697.744    51.407     1.11    8.84
 147063.397    51.252    -0.42    9.39
 147429.128    51.193    -0.16   10.21
 147794.936    51.352     0.43    8.83
 148160.821    51.365     0.04    6.62
 148526.784    49.474    -5.17    5.53
 148892.825    46.927    -6.96    5.87
 149258.944    44.000    -8.00    6.25
 149625.140    41.142    -7.81    5.93
 149991.414    39.049    -5.71    5.69
 150357.766    37.862    -3.24    4.90
 150724.196    36.574    -3.52    4.56
 151090.704    34.892    -4.59    4.62
 151457.290    33.112    -4.85    4.00
 151823.954    31.669    -3.94    3.76
 152190.697    30.588    -2.95    3.59
 152557.517    29.607    -2.67    3.26
 152924.415    27.948    -4.52    2.61
 153291.392    27.248    -1.91    2.57
 153658.447    26.802    -1.21    2.73
 154025.581    26.141    -1.80    2.52
 154392.793    25.433    -1.93    2.48
 154760.083    24.557    -2.39    2.60
 155127.452    24.198    -0.98    2.35
 155494.900    23.475    -1.97    2.75
 155862.426    21.646    -4.98    4.73
 156230.030    20.682    -2.62    5.19
 156597.714    20.443    -0.65    5.71
 156965.476    21.302     2.34    6.27
 157333.317    22.271     2.64    6.26
 157701.237    22.085    -0.51    5.93
 158069.236    20.736    -3.67    6.16
 158437.314    16.761   -10.80    8.04
 158805.471    14.342    -6.57    8.47
 159173.706    11.463    -7.82    7.97
 159542.021     7.169   -11.66    8.72
 159910.416     3.702    -9.41    7.02
 160278.889     1.924    -4.82    8.30
 160647.442     1.506    -1.14    8.50
 161016.074     0.710    -2.16    8.20
 161384.785     0.353    -0.97    7.97
 161753.576     0.259    -0.25    7.64
 162122.446     0.742     1.31    6.79
 162491.396     1.302     1.52    5.89
 162860.425     1.592     0.79    3.47
 163229.534     0.549    -2.82    3.65
 163598.723    -0.371    -2.49    3.66
 163967.991    -0.494    -0.33    5.12
 164337.340    -1.028    -1.45    6.12
 164706.768    -0.496     1.44    6.29
 165076.276     0.230     1.96    6.67
 165445.863    -0.052    -0.76    7.51
 165815.531    -2.064    -5.44    7.84
 166185.279     0.908     8.04    7.24
 166555.107     3.270     6.39    6.59
 166925.015     6.843     9.66    6.85
 167295.003    10.869    10.88    5.54
 167665.072    10.463    -1.10    6.13
 168035.221     9.496    -2.61    7.10
 168405.450     8.094    -3.79    6.83
 168775.759     5.582    -6.78    4.42
 169146.149     5.976     1.06    4.61
 169516.620     8.662     7.25    5.53
 169887.171     8.878     0.58    6.43
 170257.803     8.782    -0.26    7.67
 170628.515     8.127    -1.77    8.01
 170999.308     7.524    -1.63    6.81
 171370.182     6.312    -3.27    4.94
 171741.136     7.212     2.43    3.66
 172112.172     7.625     1.11    3.16
 172483.288     6.700    -2.49    3.63
 172854.486     4.792    -5.14    4.09
 173225.764     3.418    -3.70    3.53
 173597.123     2.639    -2.10    3.48
 173968.564     2.119    -1.40    3.19
 174340.086     0.662    -3.92    4.16
 174711.689    -0.069    -1.97    4.31
 175083.373    -1.328    -3.39    4.02
 175455.139    -2.981    -4.45    4.07
 175826.986    -3.446    -1.25    4.29
 176198.914    -3.658    -0.57    4.06
 176570.924    -1.842     4.88    5.26
 176943.016     1.411     8.74    5.16
 177315.189     3.750     6.29    3.92
 177687.444     4.112     0.97    4.04
 178059.780     4.291     0.48    4.47
 178432.198     3.552    -1.99    4.02
 178804.698     2.908    -1.73    2.90
 179177.280     2.888    -0.06    3.88
 179549.944     2.006    -2.37    4.65
 179922.690    -0.011    -5.41    5.53
 180295.518    -2.412    -6.44    5.38
 180668.428    -4.552    -5.74    3.63
 181041.420    -3.708     2.26    4.88
 181414.494    -1.576     5.72    6.09
 181787.651     0.373     5.22    6.02
 182160.890     1.240     2.32    5.13
 182534.211     0.722    -1.39    5.59
 182907.614    -1.829    -6.83    6.09
 183281.100    -3.978    -5.76    4.07
 183654.669    -4.581    -1.61    3.50
 184028.320    -2.748     4.91    4.15
 184402.054    -0.521     5.96    3.37
 184775.870     0.362     2.36    2.27
 185149.769     0.414     0.14    2.21
 185523.751    -0.779    -3.19    2.72
 185897.816    -1.938    -3.10    2.79
 186271.964    -2.430    -1.32    2.50
 186646.194    -2.496    -0.18    2.55
 187020.508    -3.065    -1.52    2.95
 187394.904    -4.008    -2.52    2.62
 187769.384    -5.389    -3.69    2.08
 188143.947    -5.537    -0.39    2.12
 188518.593    -4.916     1.66    2.58
 188893.323    -5.558    -1.72    2.92
 189268.135    -7.803    -5.99    4.08
 189643.032   -10.428    -7.00    5.02
 190018.011   -12.835    -6.42    4.01
 190393.074   -14.248    -3.77    2.59
 190768.221   -13.502     1.99    2.70
 191143.451   -11.294     5.89    2.48
 191518.765    -9.938     3.61    2.43
 191894.163    -9.698     0.64    2.40
 192269.644   -11.193    -3.98    4.14
 192645.209   -13.435    -5.97    4.76
 193020.858   -14.838    -3.73    4.89
 193396.591   -16.007    -3.11    5.88
 193772.408   -17.094    -2.89    6.66
 194148.309   -19.605    -6.68    6.16
 194524.294   -21.316    -4.55    4.30
 194900.364   -22.677    -3.62    2.90
 195276.517   -22.302     1.00    3.14
 195652.755   -22.902    -1.60    3.84
 196029.077   -24.375    -3.91    4.17
 196405.484   -25.526    -3.06    4.24
 196781.975   -27.619    -5.56    3.25
 197158.550   -28.938    -3.50    1.97
 197535.210   -29.365    -1.13    1.41
 197911.955   -29.698    -0.88    0.00
 198288.784   -29.698     0.00    0.00
 198665.698   -29.698     0.00    0.00
 199042.697   -29.698     0.00    0.00
 199419.780   -29.698     0.00    0.00
 199796.949   -29.698     0.00    0.00
 200174.202   -29.688     0.03    0.10
 200551.541   -29.698    -0.03    0.00
 200928.964   -29.698     0.00    0.00
 201306.473   -29.698     0.00    0.00
 201684.066   -29.698     0.00    0.00
 202061.745   -29.698     0.00    0.00
 202439.510   -29.698     0.00    0.00
 202817.359   -29.698     0.00    0.00
 203195.294   -29.698     0.00    0.00
 203573.315   -29.698     0.00    0.00
 203951.421   -29.698     0.00    0.00
 204329.612   -29.698     0.00    0.00
 204707.889   -29.698     0.00    0.00
 205086.252   -29.698     0.00    0.00
 205464.701   -29.698     0.00    0.00
 205843.235   -29.698     0.00    0.00
 206221.855   -29.698     0.00    0.00
 206600.562   -29.698     0.00    0.00
 206979.354   -29.698     0.00    0.00
 207358.232   -29.698     0.00    0.00
 207737.196   -29.698     0.00    0.00
 208116.247   -29.698     0.00    0.00
 208495.383   -29.698     0.00    0.00
 208874.606   -29.698     0.00    0.00
 209253.915   -29.698     0.00    0.00
 209633.311   -29.698     0.00    0.00
 210012.793   -29.698     0.00    0.00
 210392.361   -29.698     0.00    0.00
 210772.016   -29.698     0.00    0.00
 211151.758   -29.698     0.00    0.00
 211531.586   -29.698     0.00    0.00
 211911.501   -29.698     0.00    0.00
 212291.503   -29.698     0.00    0.00
 212671.592   -29.698     0.00    0.00
 213051.767   -29.698     0.00    0.00
 213432.030   -29.698     0.00    0.00
 213812.380   -29.698     0.00    0.00
 214192.816   -29.698     0.00    0.00
 214573.340   -29.698     0.00    0.00
 214953.951   -29.698     0.00    0.00
 215334.649   -29.698     0.00    0.00
 215715.435   -29.698     0.00    0.00
 216096.308   -29.698     0.00    0.00
 216477.268   -29.698     0.00    0.00
 216858.316   -29.698     0.00    0.00
 217239.451   -29.698     0.00    0.00
 217620.674   -29.698     0.00    0.00
 218001.985   -29.698     0.00    0.00
 218383.383   -29.698     0.00    0.00
 218764.869   -29.698     0.00    0.00
 219132.861   -29.698     0.00    0.00
 219497.811   -29.698     0.00    0.00
 219862.839   -29.698     0.00    0.00
 220227.947   -29.698     0.00    0.00
 220593.133   -29.698     0.00    0.00
 220958.399   -27.113     7.08    6.24
 221323.744   -25.644     4.02    7.51
