-114062.735    61.592     0.00    9.25
-113684.480    66.382    12.66    8.61
-113306.312    69.017     6.97    7.88
-112928.232    70.747     4.58    7.17
-112550.239    69.784    -2.55    6.92
-112172.333    65.865   -10.37    7.24
-111794.514    60.360   -14.57   10.03
-111416.782    54.895   -14.47    9.81
-111039.137    51.385    -9.29    7.23
-110661.579    51.234    -0.40    5.99
-110284.109    54.155     7.74    4.25
-109906.724    54.934     2.07    4.01
-109529.427    55.234     0.79    4.11
-109152.216    54.580    -1.73    4.38
-108775.092    53.650    -2.47    4.15
-108398.055    51.670    -5.25    5.05
-108021.104    49.805    -4.95    5.29
-107644.240    49.789    -0.04    6.29
-107267.462    52.766     7.90    7.65
-106890.770    57.588    12.80    6.35
-106514.164    61.313     9.89    5.09
-106137.645    62.959     4.37    4.96
-105761.212    65.552     6.89    6.98
-105384.865    67.084     4.07    9.02
-105008.605    71.071    10.60   12.58
-104632.430    75.957    12.99   14.18
-104256.341    79.193     8.61   14.52
-103880.338    80.170     2.60   13.49
-103504.421    81.640     3.91   11.33
-103128.589    81.307    -0.89    9.09
-102752.844    82.000     1.84    8.40
-102377.184    81.293    -1.88    8.01
-102001.609    80.448    -2.25    8.65
-101626.120    81.514     2.84    8.59
-101250.717    85.166     9.73    7.79
-100875.399    90.077    13.09    8.68
-100500.166    94.690    12.30    7.89
-100125.019    96.767     5.54    8.06
 -99749.957    98.887     5.65    7.83
 -99374.980    99.454     1.51    7.61
 -99000.088   100.010     1.48    6.78
 -98625.282   102.277     6.05    6.42
 -98250.560   103.571     3.45    6.77
 -97875.923   104.190     1.65    7.68
 -97501.372   105.689     4.00    7.57
 -97126.905   107.579     5.05    8.51
 -96752.523   108.232     1.74    8.05
 -96378.225   109.084     2.28    7.77
 -96004.012   106.356    -7.29    8.34
 -95629.884   102.066   -11.47    8.98
 -95255.841    99.601    -6.59    9.49
 -94881.882    98.681    -2.46    9.55
 -94508.007    99.483     2.15   10.70
 -94134.217    99.739     0.68   11.40
 -93760.511   100.630     2.38   11.32
 -93386.890   100.316    -0.84   11.53
 -93013.352    99.224    -2.92   10.34
 -92639.899    97.863    -3.64    8.23
 -92266.530    96.922    -2.52    6.83
 -91893.245    96.365    -1.49    5.81
 -91520.044    95.886    -1.28    4.90
 -91146.927    95.434    -1.21    4.72
 -90773.894    93.045    -6.40    4.61
 -90400.945    89.531    -9.42    6.03
 -90028.079    86.986    -6.82    7.01
 -89655.298    83.650    -8.95    7.45
 -89282.600    81.729    -5.15    7.58
 -88909.985    80.960    -2.06    7.97
 -88537.454    80.003    -2.57    8.74
 -88165.007    79.650    -0.95    8.84
 -87792.643    78.944    -1.90    8.88
 -87420.362    77.413    -4.11    8.90
 -87048.165    77.767     0.95    9.27
 -86676.051    77.711    -0.15    9.06
 -86304.020    77.454    -0.69    9.02
 -85932.072    75.720    -4.66    7.91
 -85560.208    71.828   -10.47    8.29
 -85188.427    67.780   -10.89    8.60
 -84816.728    62.912   -13.10    7.16
 -84445.113    57.046   -15.79    8.38
 -84073.580    50.690   -17.11    9.96
 -83702.130    45.728   -13.36    8.84
 -83330.763    41.775   -10.65    6.01
 -82959.479    42.442     1.80    6.39
 -82588.278    44.670     6.00    6.21
 -82217.159    46.081     3.80    5.66
 -81846.122    46.539     1.23    5.04
 -81475.169    44.620    -5.17    4.82
 -81104.297    41.491    -8.44    5.98
 -80733.508    36.922   -12.32    7.15
 -80362.802    31.601   -14.36    8.15
 -79992.177    25.682   -15.97    8.32
 -79621.635    25.375    -0.83    9.30
 -79251.175    27.844     6.66   10.93
 -78880.797    32.264    11.93   10.63
 -78510.502    36.033    10.18    6.95
 -78140.288    35.700    -0.90    7.18
 -77770.156    33.650    -5.54    7.52
 -77400.107    32.892    -2.05    7.56
 -77030.139    36.480     9.70   10.07
 -76660.253    40.832    11.77    9.29
 -76290.448    43.042     5.97    7.12
 -75920.726    42.299    -2.01    7.12
 -75551.085    39.189    -8.41    4.53
 -75181.525    36.781    -6.52    3.91
 -74812.047    34.410    -6.42    5.01
 -74442.651    32.828    -4.28    5.06
 -74073.336    30.660    -5.87    5.93
 -73704.102    29.944    -1.94    6.55
 -73334.950    31.241     3.51    7.17
 -72965.879    32.954     4.64    7.68
 -72596.889    35.285     6.32    8.03
 -72227.981    39.085    10.30    6.22
 -71859.153    41.781     7.31    4.63
 -71490.407    43.228     3.92    4.45
 -71121.742    42.700    -1.43    4.75
 -70753.157    43.236     1.45    4.64
 -70384.654    43.234    -0.00    5.06
 -70016.231    43.865     1.71    5.81
 -69647.889    45.895     5.51    6.69
 -69279.628    48.966     8.34    6.74
 -68911.448    51.917     8.02    6.78
 -68543.348    53.460     4.19    6.52
 -68175.329    53.003    -1.24    6.98
 -67807.390    52.630    -1.01    6.79
 -67439.532    54.098     3.99    6.52
 -67071.754    57.501     9.25    6.34
 -66704.057    60.547     8.28    5.00
 -66336.440    63.561     8.20    4.89
 -65968.903    65.670     5.74    5.47
 -65601.446    67.526     5.05    5.43
 -65234.070    67.520    -0.02    5.52
 -64866.774    66.277    -3.38    5.81
 -64499.558    64.954    -3.60    5.48
 -64132.421    63.993    -2.62    4.95
 -63765.365    64.120     0.34    4.53
 -63398.389    63.950    -0.46    5.25
 -63031.493    63.660    -0.79    6.19
 -62664.676    63.256    -1.10    6.23
 -62297.939    62.892    -0.99    5.91
 -61931.282    63.042     0.41    4.47
 -61564.704    64.084     2.84    4.71
 -61198.207    66.430     6.40    5.12
 -60831.788    68.690     6.17    3.85
 -60465.449    70.872     5.96    3.64
 -60099.190    72.748     5.12    4.29
 -59733.010    75.208     6.72    4.28
 -59366.909    76.957     4.78    3.34
 -59000.888    76.410    -1.49    4.06
 -58634.946    74.937    -4.03    4.20
 -58269.083    74.244    -1.89    3.96
 -57903.299    74.619     1.03    4.35
 -57537.595    75.412     2.17    3.88
 -57171.969    75.218    -0.53    3.38
 -56806.422    74.300    -2.51    3.37
 -56440.955    73.035    -3.46    3.32
 -56075.566    72.135    -2.46    3.11
 -55710.256    72.660     1.44    3.39
 -55345.025    73.276     1.69    3.47
 -54979.872    75.250     5.41    4.08
 -54614.798    77.379     5.83    4.16
 -54249.803    78.730     3.70    3.67
 -53871.938    79.765     2.74    4.25
 -53490.489    78.174    -4.17    5.57
 -53109.127    74.492    -9.66    6.17
 -52727.853    71.363    -8.21    5.96
 -52346.666    68.839    -6.62    4.28
 -51965.566    68.749    -0.24    5.28
 -51584.553    67.871    -2.30    6.38
 -51203.628    64.927    -7.73    8.76
 -50822.789    60.535   -11.53   10.77
 -50442.037    53.101   -19.53   10.66
 -50061.373    46.202   -18.12    7.94
 -49680.795    40.580   -14.77    6.47
 -49300.304    36.493   -10.74    6.28
 -48919.899    32.454   -10.62    6.98
 -48539.581    28.505   -10.38    6.70
 -48159.350    24.993    -9.24    5.39
 -47779.206    22.402    -6.82    3.41
 -47399.147    21.552    -2.24    3.14
 -47019.176    22.007     1.20    3.37
 -46639.291    23.340     3.51    4.36
 -46259.492    24.507     3.07    4.63
 -45879.779    25.248     1.95    3.60
 -45500.152    25.486     0.63    3.22
 -45120.612    24.957    -1.40    2.63
 -44741.158    23.844    -2.93    3.44
 -44361.789    21.080    -7.29    6.83
 -43982.507    18.970    -5.56    8.01
 -43603.311    17.570    -3.69    7.94
 -43224.200    16.578    -2.62    7.59
 -42845.175    16.054    -1.38    6.39
 -42466.236    14.770    -3.39    6.14
 -42087.383    13.811    -2.53    6.25
 -41708.615    13.470    -0.90    6.41
 -41329.933    13.210    -0.69    5.81
 -40951.336    13.050    -0.42    4.89
 -40572.825    13.285     0.62    3.24
 -40194.400    12.840    -1.18    2.64
 -39816.059    12.518    -0.85    2.20
 -39437.804    13.390     2.30    3.63
 -39059.634    15.973     6.83    6.56
 -38681.549    18.559     6.84    7.33
 -38303.550    22.650    10.82    8.20
 -37925.635    26.220     9.45    8.73
 -37547.805    32.629    16.96    9.18
 -37170.061    40.205    20.06    9.48
 -36792.401    48.256    21.32    9.01
 -36414.826    54.660    16.96    8.29
 -36037.336    59.948    14.01    5.70
 -35659.931    62.220     6.02    3.81
 -35282.610    62.563     0.91    3.93
 -34905.374    62.060    -1.33    4.45
 -34528.222    61.281    -2.06    5.47
 -34151.155    62.761     3.92    5.45
 -33774.172    65.809     8.09    4.89
 -33397.274    68.420     6.93    4.86
 -33020.460    70.039     4.30    3.89
 -32643.730    70.450     1.09    2.72
 -32267.085    71.119     1.78    3.66
 -31890.523    72.781     4.41    6.13
 -31514.046    76.897    10.93    9.09
 -31137.653    83.215    16.79    9.24
 -30761.344    86.520     8.78    8.33
 -30385.119    88.454     5.14    8.88
 -30008.977    88.781     0.87    8.69
 -29632.920    90.932     5.72    7.75
 -29256.946    91.761     2.20    6.07
 -28881.056    92.400     1.70    4.37
 -28505.249    91.286    -2.96    5.07
 -28129.527    88.830    -6.54    5.19
 -27753.887    88.946     0.31    5.28
 -27378.332    89.334     1.03    5.62
 -27002.859    89.256    -0.21    6.30
 -26627.471    89.258     0.01    7.06
 -26252.165    89.520     0.70    7.51
 -25876.943    89.341    -0.48    7.95
 -25501.804    89.420     0.21    9.00
 -25126.748    90.087     1.78    9.34
 -24751.775    92.246     5.76    8.65
 -24376.885    95.088     7.58    7.56
 -24002.078    98.872    10.09    5.92
 -23627.355   100.438     4.18    4.39
 -23252.714    99.025    -3.77    5.93
 -22878.156    93.710   -14.19    9.49
 -22503.680    81.791   -31.83   17.52
 -22129.288    66.313   -41.34   25.42
 -21754.978    48.734   -46.96   28.96
 -21380.751    35.570   -35.18   27.93
 -21006.606    24.681   -29.10   25.30
 -20632.544    17.140   -20.16   21.54
 -20258.564     9.037   -21.67   10.40
 -19884.667     6.480    -6.84    7.77
 -19510.852     4.575    -5.09    7.19
 -19137.119     4.313    -0.70    6.80
 -18763.469     4.691     1.01    6.64
 -18389.901     7.240     6.82    7.41
 -18016.415    10.900     9.80    6.79
 -17643.011    13.476     6.90    5.02
 -17269.689    14.884     3.77    3.15
 -16896.449    15.195     0.83    1.90
 -16523.291    15.033    -0.43    1.42
 -16150.215    14.976    -0.15    0.67
 -15777.220    14.957    -0.05    1.32
 -15404.308    14.714    -0.65    1.85
 -15031.477    14.300    -1.11    2.11
 -14658.728    13.595    -1.89    1.95
 -14286.060    13.415    -0.48    1.64
 -13913.474    13.128    -0.77    1.50
 -13540.970    12.925    -0.55    1.63
 -13168.547    12.568    -0.96    1.76
 -12796.205    12.104    -1.25    1.69
 -12423.945    11.681    -1.14    1.55
 -12051.766    11.256    -1.14    1.23
 -11679.668    11.003    -0.68    1.02
 -11307.651    10.852    -0.41    0.50
 -10935.716    11.195     0.92    0.98
 -10563.862    11.389     0.52    1.18
 -10192.088    11.500     0.30    1.17
  -9820.396    11.456    -0.12    1.19
  -9448.784    11.370    -0.23    1.05
  -9077.254    11.485     0.31    1.06
  -8705.804    11.539     0.14    1.17
  -8334.435    11.609     0.19    1.02
  -7963.147    11.731     0.33    1.12
  -7591.939    11.791     0.16    1.29
  -7220.812    11.837     0.12    1.31
  -6849.766    12.280     1.19    1.65
  -6478.800    12.544     0.71    1.80
  -6107.914    13.320     2.09    2.22
  -5737.109    13.563     0.66    2.13
  -5366.384    13.084    -1.29    2.11
  -4995.740    12.618    -1.26    2.21
  -4625.176    11.660    -2.59    1.20
  -4254.692    11.915     0.69    1.56
  -3884.288    12.090     0.47    1.64
  -3513.964    12.866     2.10    1.91
  -3143.721    14.103     3.34    2.38
  -2773.557    15.470     3.69    2.75
  -2403.473    14.284    -3.20    5.97
  -2033.469    10.670    -9.77    8.17
  -1663.545     6.726   -10.66    8.29
  -1293.701     2.842   -10.50    6.13
   -923.936     0.533    -6.24    3.41
   -554.252     1.282     2.03    4.86
   -184.646     3.370     5.65    7.05
    184.879     5.229     5.03    8.08
    554.325     7.068     4.98    8.29
    923.692     7.902     2.26    7.90
   1292.979     9.104     3.25    7.41
   1662.187     9.715     1.65    7.17
   2031.315    12.064     6.36    6.48
   2400.364    14.129     5.60    5.34
   2769.334    15.405     3.46    3.52
   3138.225    16.124     1.95    1.89
   3507.037    16.468     0.93    1.74
   3875.769    16.866     1.08    1.81
   4244.423    17.670     2.18    1.72
   4612.997    18.458     2.14    2.43
   4981.493    18.364    -0.25    2.76
   5349.910    18.114    -0.68    2.73
   5718.248    18.182     0.18    2.39
   6086.507    17.803    -1.03    1.93
   6454.687    17.618    -0.50    2.36
   6822.789    16.549    -2.91    2.90
   7190.812    15.262    -3.50    2.42
   7558.757    13.908    -3.68    1.64
   7926.623    14.262     0.96    1.80
   8294.410    14.465     0.55    2.22
   8662.119    15.100     1.73    2.38
   9029.750    15.337     0.65    2.24
   9397.302    14.568    -2.09    2.33
   9764.776    13.938    -1.71    1.91
  10132.172    13.098    -2.29    1.26
  10499.490    12.902    -0.53    1.37
  10866.730    13.186     0.77    1.46
  11233.891    13.780     1.62    1.45
  11600.975    14.084     0.83    1.09
  11967.980    14.084    -0.00    1.06
  12334.908    13.976    -0.29    1.12
  12701.757    13.701    -0.75    0.90
  13068.529    13.629    -0.20    0.85
  13435.223    13.617    -0.03    0.76
  13801.839    13.517    -0.27    0.62
  14168.378    13.389    -0.35    0.57
  14534.839    13.240    -0.41    0.74
  14901.223    13.043    -0.54    0.78
  15267.528    13.037    -0.02    0.85
  15633.757    13.165     0.35    0.95
  15999.908    13.493     0.90    1.00
  16365.981    13.528     0.10    1.00
  16731.977    13.381    -0.40    1.00
  17097.896    13.054    -0.89    1.10
  17463.738    12.692    -0.99    1.09
  17829.502    12.895     0.55    1.16
  18195.190    13.060     0.45    1.15
  18560.800    13.488     1.17    0.83
  18926.333    13.568     0.22    0.62
  19291.789    13.392    -0.48    0.72
  19657.168    13.279    -0.31    1.02
  20022.471    13.117    -0.44    1.22
  20387.696    13.025    -0.25    1.28
  20760.854    13.295     0.73    1.34
  21142.134    13.782     1.28    1.19
  21523.328    14.426     1.69    1.41
  21904.438    15.170     1.95    1.19
  22285.462    15.516     0.91    1.11
  22666.402    16.109     1.56    1.39
  23047.257    17.128     2.68    2.80
  23428.026    19.037     5.01    3.70
  23808.712    21.182     5.63    4.47
  24189.312    24.333     8.28    5.39
  24569.828    27.348     7.92    6.17
  24950.259    30.609     8.57    5.87
  25330.605    32.911     6.05    5.11
  25710.867    35.650     7.20    5.13
  26091.045    37.639     5.23    4.50
  26471.138    39.910     5.97    3.25
  26851.147    41.608     4.47    3.00
  27231.072    42.801     3.14    3.04
  27610.912    43.585     2.06    3.38
  27990.669    43.165    -1.11    4.23
  28370.341    44.176     2.66    4.87
  28749.929    45.941     4.65    5.13
  29129.433    48.808     7.55    5.61
  29508.853    50.943     5.63    4.13
  29888.190    51.574     1.67    3.78
  30267.442    52.793     3.21    4.66
  30646.611    54.639     4.87    5.94
  31025.696    57.066     6.40    6.04
  31404.697    59.175     5.56    5.00
  31783.615    57.170    -5.29    6.67
  32162.449    52.553   -12.19    7.53
  32541.200    47.884   -12.33    6.73
  32919.867    45.386    -6.60    5.11
  33298.451    43.358    -5.36    3.10
  33676.951    41.959    -3.70    4.30
  34055.368    38.864    -8.18    5.94
  34433.702    35.281    -9.47    5.35
  34811.953    31.340   -10.42    4.91
  35190.121    30.597    -1.97    4.30
  35568.205    31.340     1.97    4.11
  35946.207    33.165     4.83    3.63
  36324.125    35.516     6.22    2.62
  36701.961    37.039     4.03    3.64
  37079.714    40.289     8.60    5.40
  37457.384    43.577     8.71    5.54
  37834.971    47.212     9.63    5.23
  38212.476    51.405    11.11    5.02
  38589.898    57.264    15.52    7.52
  38967.237    63.567    16.70    8.66
  39344.494    69.246    15.05    6.06
  39721.668    71.099     4.91    4.57
  40098.760    70.860    -0.63    4.63
  40475.770    69.722    -3.02    4.01
  40852.697    69.058    -1.76    3.29
  41229.542    68.722    -0.89    3.41
  41606.305    68.535    -0.50    3.21
  41982.985    67.088    -3.84    3.46
  42359.584    65.106    -5.26    3.12
  42736.100    63.946    -3.08    2.51
  43112.534    63.215    -1.94    2.30
  43488.887    64.190     2.59    3.02
  43865.157    65.737     4.11    3.70
  44241.346    67.791     5.46    4.18
  44617.453    71.105     8.81    4.15
  44993.478    74.566     9.20    4.93
  45369.422    77.172     6.93    5.01
  45745.284    78.413     3.30    4.30
  46121.064    77.737    -1.80    4.56
  46496.763    74.093    -9.70    6.93
  46872.380    69.295   -12.77    7.58
  47247.916    64.772   -12.04    6.58
  47623.371    61.424    -8.92    4.88
  47998.744    59.949    -3.93    4.84
  48374.036    58.429    -4.05    5.28
  48749.246    55.804    -6.99    6.06
  49124.376    52.320    -9.29    6.68
  49499.424    48.323   -10.66    6.02
  49874.392    45.545    -7.41    5.29
  50249.278    42.701    -7.59    4.33
  50624.083    41.733    -2.58    4.20
  50998.808    40.575    -3.09    3.94
  51373.452    40.098    -1.27    3.22
  51748.015    40.456     0.96    3.15
  52122.497    41.588     3.02    3.62
  52496.898    43.618     5.42    3.78
  52871.219    46.083     6.58    3.71
  53245.459    48.805     7.27    3.13
  53619.619    50.392     4.24    3.63
  53993.698    49.472    -2.46    5.34
  54367.696    44.227   -14.02    9.29
  54741.615    36.122   -21.67   10.11
  55115.453    29.118   -18.73    7.82
  55489.210    24.365   -12.72    4.83
  55862.888    22.017    -6.28    1.40
  56236.485    21.650    -0.98    0.00
  56610.002    21.650     0.00    0.00
  56983.439    21.650     0.00    0.00
  57356.796    21.660     0.03    0.10
  57730.073    22.361     1.88    2.16
  58103.270    23.134     2.07    2.63
  58476.388    23.928     2.13    2.55
  58849.425    25.227     3.48    2.82
  59222.383    26.944     4.60    3.08
  59595.260    28.894     5.23    3.00
  59968.059    31.217     6.23    2.59
  60340.777    33.245     5.44    1.61
  60713.416    34.384     3.06    1.35
  61085.976    35.283     2.41    1.22
  61458.456    34.897    -1.04    2.49
  61830.856    33.910    -2.65    3.21
  62203.178    32.952    -2.57    3.18
  62575.419    32.490    -1.24    2.58
  62947.582    31.379    -2.99    2.46
  63319.665    30.671    -1.90    2.68
  63691.670    29.275    -3.75    2.86
  64063.595    28.639    -1.71    2.56
  64435.441    29.714     2.89    3.61
  64807.208    32.505     7.51    5.26
  65178.896    36.265    10.11    4.89
  65550.505    39.299     8.16    3.06
  65922.035    40.617     3.55    2.84
  66293.486    40.558    -0.16    3.36
  66664.859    40.639     0.22    3.26
  67036.153    41.248     1.64    2.57
  67407.368    41.994     2.01    2.09
  67778.504    43.052     2.85    1.89
  68149.562    44.033     2.64    2.70
  68520.542    46.060     5.47    3.55
  68891.443    47.368     3.53    3.68
  69262.265    48.639     3.43    2.80
  69633.010    49.402     2.06    2.82
  70003.675    49.905     1.36    3.02
  70374.263    51.088     3.19    3.18
  70744.772    52.961     5.05    3.14
  71115.203    55.196     6.03    3.86
  71485.556    58.672     9.38    4.92
  71855.831    64.004    14.40    7.45
  72226.028    70.220    16.79    8.18
  72596.147    80.618    28.09   12.50
  72966.188    89.368    23.65   12.33
  73336.151    99.344    26.96   10.13
  73706.036   106.309    18.83    7.39
  74075.844   110.682    11.82    8.00
  74445.573   113.493     7.60    8.54
  74815.225   114.834     3.63    8.93
  75184.799   115.165     0.89    8.38
  75554.296   118.705     9.58    9.28
  75923.715   125.227    17.65   11.68
  76293.057   130.476    14.21   10.26
  76662.321   133.114     7.14    7.55
  77031.508   129.926    -8.63   10.90
  77400.617   120.165   -26.44   13.03
  77769.650   112.256   -21.43   10.94
  78138.604   106.389   -15.90    9.27
  78507.482   101.712   -12.68   10.21
  78876.282    98.463    -8.81   11.00
  79245.006    91.134   -19.87   11.03
  79613.652    84.661   -17.56    8.21
  79982.221    80.062   -12.48    6.56
  80350.714    74.284   -15.68    8.49
  80719.129    66.786   -20.35   11.67
  81087.467    61.386   -14.66   10.11
  81455.729    59.033    -6.39    6.85
  81823.914    62.505     9.43    7.60
  82192.022    68.345    15.86    5.58
  82560.053    71.839     9.49    5.52
  82928.008    75.805    10.78    6.63
  83295.886    81.400    15.21    9.76
  83663.688    89.277    21.42   12.08
  84031.413    98.260    24.43   11.47
  84399.062   106.054    21.20    8.18
  84766.634   112.905    18.64    7.56
  85134.130   117.483    12.46    8.41
  85501.550   120.545     8.33    9.08
  85868.893   121.804     3.43   10.59
  86236.160   123.539     4.72   11.19
  86603.351   125.441     5.18   10.03
  86970.466   130.237    13.06   10.36
  87337.505   138.197    21.69   12.03
  87704.467   146.969    23.90   13.37
  88071.354   158.186    30.57   14.78
  88438.165   168.379    27.78   14.87
  88804.900   177.001    23.51   10.83
  89171.559   180.892    10.61    9.68
  89538.142   180.716    -0.48   11.39
  89904.650   179.681    -2.82   11.79
  90271.082   178.811    -2.37   10.95
  90637.438   178.692    -0.33    8.81
  91003.718   180.277     4.33    8.20
  91369.923   182.448     5.93    8.75
  91736.053   183.337     2.43    9.05
  92102.107   182.873    -1.27    8.79
  92468.085   182.072    -2.19    7.92
  92833.989   180.127    -5.32    8.30
  93199.816   175.008   -13.99    9.33
  93565.569   170.639   -11.94   10.36
  93931.246   165.948   -12.83   10.71
  94296.849   162.650    -9.02    8.59
  94662.376   163.252     1.65    8.37
  95027.827   164.797     4.23    7.61
  95396.655   166.324     4.14    6.78
  95777.766   167.316     2.60    6.22
  96158.794   167.617     0.79    7.27
  96539.740   166.344    -3.34    7.99
  96920.603   164.749    -4.19    7.29
  97301.383   164.955     0.54    6.15
  97682.080   164.973     0.05    4.90
  98062.695   165.997     2.69    4.02
  98443.227   163.381    -6.87    7.48
  98823.677   158.410   -13.06   10.04
  99204.044   153.150   -13.83    8.06
  99584.329   151.884    -3.33    7.62
  99964.531   154.543     6.99    8.47
 100344.651   159.916    14.13    8.01
 100724.689   163.256     8.79    7.90
 101104.645   165.025     4.65    6.48
 101484.519   165.713     1.81    6.10
 101864.310   164.712    -2.64    6.48
 102244.020   162.341    -6.24    6.50
 102623.647   158.448   -10.26    8.65
 103003.193   155.905    -6.70    8.17
 103382.656   153.533    -6.25    8.11
 103762.038   149.330   -11.08    8.36
 104141.338   146.575    -7.26    9.07
 104520.556   141.479   -13.44    7.71
 104899.693   138.313    -8.35    5.15
 105278.748   136.542    -4.67    4.56
 105657.722   135.197    -3.55    4.75
 106036.613   133.107    -5.52    4.61
 106415.424   131.362    -4.61    4.27
 106794.153   129.786    -4.16    4.18
 107172.801   129.386    -1.06    3.86
 107551.367   128.892    -1.31    5.06
 107929.852   128.723    -0.44    6.25
 108308.256   127.862    -2.27    6.30
 108686.579   126.586    -3.37    4.83
 109064.821   125.586    -2.64    3.19
 109442.981   125.050    -1.42    2.74
 109821.061   123.617    -3.79    3.63
 110199.060   121.986    -4.31    4.56
 110576.977   120.501    -3.93    4.48
 110954.814   119.075    -3.77    4.10
 111332.570   117.128    -5.15    4.38
 111710.246   115.352    -4.70    5.84
 112087.840   114.394    -2.54    6.79
 112465.354   115.394     2.65    7.23
 112842.788   118.160     7.33    8.48
 113220.141   123.309    13.64    7.61
 113597.413   128.416    13.53    3.83
 113974.605   130.588     5.76    2.85
 114351.717   132.553     5.21    2.60
 114728.748   134.123     4.16    2.92
 115105.699   135.926     4.78    3.36
 115482.570   137.394     3.90    3.28
 115859.360   137.841     1.19    3.69
 116236.071   137.394    -1.19    4.27
 116612.701   135.510    -5.00    4.48
 116989.251   133.481    -5.39    4.04
 117365.722   132.585    -2.38    3.61
 117742.112   133.554     2.57    3.92
 118118.423   136.320     7.35    5.73
 118494.653   140.650    11.51    5.98
 118870.804   144.432    10.06    4.52
 119246.875   146.969     6.74    3.24
 119622.867   148.394     3.79    2.71
 119998.779   148.650     0.68    2.54
 120374.611   147.979    -1.78    3.18
 120750.364   144.575    -9.06    6.13
 121126.037   139.477   -13.57    6.94
 121501.631   135.402   -10.85    6.38
 121877.145   132.036    -8.96    3.96
 122252.580   131.660    -1.00    2.67
 122627.936   131.927     0.71    2.52
 123003.212   133.462     4.09    3.36
 123378.410   135.394     5.15    3.94
 123753.528   136.776     3.68    3.50
 124128.567   136.496    -0.75    4.29
 124503.527   134.923    -4.19    5.11
 124878.408   131.946    -7.94    5.37
 125253.211   128.808    -8.37    6.30
 125627.934   124.397   -11.77    7.51
 126002.578   120.394   -10.68    7.12
 126377.144   117.416    -7.95    5.83
 126751.631   114.413    -8.02    4.37
 127126.039   113.022    -3.72    3.65
 127500.369   111.607    -3.78    3.80
 127874.620   110.269    -3.57    4.05
 128248.792   108.777    -3.99    4.24
 128622.886   106.288    -6.65    4.61
 128996.902   103.096    -8.53    5.41
 129370.839   102.639    -1.22    7.91
 129744.698   106.445    10.18   12.59
 130118.478   111.905    14.61   15.06
 130492.180   117.987    16.27   16.16
 130865.804   123.629    15.10   16.42
 131239.350   126.782     8.44   13.70
 131612.818   127.881     2.94    8.86
 131986.208   124.110   -10.10    9.05
 132359.519   118.458   -15.14    9.30
 132732.753   113.491   -13.31    6.80
 133105.909   112.811    -1.82    6.80
 133478.987   115.477     7.15    7.65
 133851.987   121.566    16.32    9.01
 134224.909   126.232    12.51    8.88
 134597.754   128.033     4.83    7.43
 134970.521   128.316     0.76    7.14
 135343.210   124.565   -10.06    9.68
 135715.822   119.983   -12.30   13.17
 136088.356   113.565   -17.23   18.55
 136460.813   111.215    -6.31   23.21
 136833.192   112.091     2.35   28.12
 137205.494   121.370    24.92   23.61
 137577.719   133.596    32.84   17.21
 137949.866   141.155    20.31   13.02
 138321.936   145.902    12.76    8.38
 138693.929   148.004     5.65    7.34
 139065.844   150.827     7.59    7.94
 139437.683   154.848    10.81    8.43
 139809.445   160.570    15.39    5.31
 140181.129   165.397    12.99    5.13
 140552.737   170.234    13.01    6.28
 140924.267   174.639    11.86    6.95
 141295.721   177.617     8.02    5.07
 141667.098   176.456    -3.12    6.79
 142038.398   172.799    -9.85    7.89
 142409.622   167.704   -13.72    6.75
 142780.769   166.381    -3.56    5.32
 143151.839   169.463     8.30    8.33
 143522.833   174.113    12.53    9.39
 143893.750   180.226    16.48    8.50
 144264.590   184.725    12.13    7.22
 144635.354   187.683     7.98    4.60
 145006.042   188.277     1.60    3.58
 145376.654   187.500    -2.10    3.43
 145747.189   184.918    -6.97    5.68
 146117.648   182.324    -7.00    6.31
 146488.030   179.096    -8.71    5.90
 146858.337   174.298   -12.96    8.16
 147228.567   167.926   -17.21   11.42
 147598.721   161.905   -16.27   10.23
 147968.800   156.001   -15.95    5.92
 148338.802   154.224    -4.80    4.70
 148708.728   154.362     0.37    6.54
 149078.579   155.628     3.42    7.39
 149448.354   157.771     5.79    8.74
 149818.052   161.191     9.25    9.90
 150187.676   165.558    11.81   10.25
 150557.223   168.983     9.27    9.35
 150926.695   172.834    10.42    7.87
 151296.091   178.341    14.91    9.01
 151665.412   182.760    11.96    8.92
 152034.657   185.112     6.37    7.10
 152403.826   188.350     8.77    6.07
 152772.921   193.043    12.72    8.55
 153141.939   194.737     4.59    8.83
 153510.883   198.650    10.60    7.13
 153879.751   199.725     2.91    6.19
 154248.544   198.133    -4.32    5.95
 154617.262   194.543    -9.74    8.10
 154985.905   189.362   -14.05   11.10
 155354.472   185.177   -11.36   11.94
 155722.965   183.729    -3.93   11.62
 156091.382   185.445     4.66   12.10
 156459.725   185.727     0.76   11.49
 156827.992   181.724   -10.87   14.20
 157196.185   175.452   -17.03   14.43
 157564.303   167.015   -22.92    9.85
 157932.346   164.435    -7.01    5.86
 158300.314   167.661     8.77   11.00
 158668.208   175.118    20.27   16.52
 159036.027   184.351    25.10   15.51
 159403.772   190.295    16.16   10.91
 159771.441   192.523     6.06    8.16
 160139.037   188.897    -9.86    8.47
 160506.558   181.825   -19.24   12.01
 160874.004   174.913   -18.81   11.25
 161241.376   168.847   -16.51    9.78
 161608.674   160.327   -23.19    9.15
 161975.897   153.780   -17.83   11.26
 162343.047   148.133   -15.38    9.13
 162710.122   150.043     5.20    9.38
 163077.122   154.010    10.81   12.03
 163444.049   162.521    23.19   11.73
 163810.902   169.526    19.09    7.29
 164177.681   174.063    12.37    4.99
 164544.385   176.096     5.55    4.37
 164911.016   175.884    -0.58    5.04
 165277.573   173.921    -5.35    6.87
 165644.056   169.204   -12.87    7.22
 166010.465   164.597   -12.57    7.19
 166376.801   162.339    -6.16    7.36
 166743.062   161.867    -1.29    6.77
 167109.250   163.312     3.95    5.79
 167475.365   166.502     8.71    9.86
 167841.406   169.019     6.88   11.40
 168207.373   172.497     9.50   12.02
 168573.267   175.384     7.89   10.18
 168939.087   174.215    -3.19    8.90
 169304.834   172.454    -4.81   10.49
 169670.508   166.900   -15.19   11.26
 170036.108   161.725   -14.15   10.14
 170416.287   159.558    -5.70   11.02
 170797.150   160.617     2.78   12.11
 171177.933   163.845     8.48   12.05
 171558.635   168.873    13.21   10.81
 171939.257   173.016    10.88    8.93
 172319.798   176.394     8.88    9.29
 172700.259   179.254     7.52    8.83
 173080.639   179.553     0.79    8.44
 173460.939   178.199    -3.56    8.34
 173841.159   171.780   -16.88    9.08
 174221.298   163.961   -20.57    9.42
 174601.358   155.389   -22.55    9.35
 174981.337   147.522   -20.70    9.14
 175361.236   142.063   -14.37    7.39
 175741.055   137.779   -11.28    4.45
 176120.794   135.091    -7.08    3.41
 176500.453   134.421    -1.76    2.91
 176880.032   134.295    -0.33    3.05
 177259.531   133.595    -1.84    3.69
 177638.950   133.316    -0.74    3.50
 178018.290   131.661    -4.36    3.85
 178397.550   130.585    -2.84    4.19
 178776.730   129.694    -2.35    4.34
 179155.831   127.585    -5.56    3.80
 179534.852   126.161    -3.76    3.77
 179913.794   124.564    -4.21    4.05
 180292.656   121.258    -8.72    5.03
 180671.439   118.467    -7.37    5.81
 181050.142   115.280    -8.41    4.83
 181428.766   114.530    -1.98    4.25
 181807.311   116.897     6.25    5.54
 182185.777   118.397     3.96    5.37
 182564.163   118.349    -0.13    5.14
 182942.470   116.416    -5.11    5.93
 183320.699   110.508   -15.62    8.10
 183698.848   105.061   -14.40    7.93
 184076.918   101.432    -9.60    6.00
 184454.910   101.527     0.25    6.56
 184832.822   103.954     6.42    7.85
 185210.656   106.605     7.02    7.31
 185588.411   106.171    -1.15    7.61
 185966.087   103.950    -5.88    8.12
 186343.685   100.997    -7.82    7.50
 186721.204    99.286    -4.53    6.07
 187098.644   100.607     3.50    5.71
 187476.006   103.786     8.42    5.42
 187853.289   106.263     6.56    3.56
 188230.494   107.297     2.74    2.33
 188607.621   107.004    -0.78    3.24
 188984.669   106.948    -0.15    4.76
 189361.639   107.263     0.83    6.32
 189738.530   107.868     1.61    7.45
 190115.344   109.316     3.84    7.83
 190492.079   110.822     4.00    7.03
 190868.736   114.052     8.57    6.45
 191245.315   117.184     8.32    5.56
 191621.817   120.918     9.92    6.28
 191998.240   126.195    14.02    8.53
 192374.585   133.198    18.61    8.84
 192750.853   136.705     9.32    6.60
 193127.042   136.284    -1.12    5.72
 193503.154   132.116   -11.08    7.55
 193879.188   125.413   -17.82    7.21
 194255.145   121.394   -10.69    5.57
 194631.024   116.932   -11.87    4.57
 195006.825   113.771    -8.41    5.18
 195382.549   110.269    -9.32    5.54
 195758.195   107.127    -8.36    4.54
 196133.764   105.139    -5.29    3.44
 196509.256   104.572    -1.51    3.22
 196884.670   103.802    -2.05    2.39
 197260.007   103.265    -1.43    1.77
 197635.267   103.954     1.84    3.42
 198010.449   105.661     4.55    5.05
 198385.555   108.889     8.60    5.86
 198760.583   111.188     6.13    4.47
 199135.534   112.824     4.36    3.04
 199510.408   112.476    -0.93    3.24
 199885.206   110.188    -6.10    4.08
 200259.926   108.302    -5.03    5.14
 200634.569   103.584   -12.59    7.26
 201009.136    97.247   -16.92    9.28
 201383.626    88.760   -22.66   12.55
 201758.039    80.541   -21.95   13.18
 202132.376    73.902   -17.73    9.68
 202506.636    72.400    -4.01    7.89
 202880.819    75.594     8.54   10.00
 203254.926    81.878    16.79   10.85
 203628.956    88.818    18.55    8.98
 204002.910    93.737    13.15    5.63
 204376.787    96.263     6.76    2.81
 204750.588    95.791    -1.26    2.65
 205124.313    94.394    -3.74    2.88
 205497.962    92.671    -4.61    2.43
 205871.534    91.673    -2.67    1.37
 206245.030    91.510    -0.44    1.23
 206618.450    91.452    -0.16    1.37
 206991.794    89.030    -6.49    4.50
 207365.062    84.568   -11.95    7.14
 207738.254    78.875   -15.25    8.63
 208111.370    73.843   -13.49    7.20
 208484.410    71.280    -6.87    6.15
 208857.374    71.706     1.14    7.35
 209230.263    73.661     5.24    7.93
 209603.075    77.061     9.12    8.07
 209975.813    80.389     8.93    7.25
 210348.474    82.380     5.34    5.49
 210721.060    83.378     2.68    3.32
 211093.570    82.254    -3.02    3.60
 211466.004    79.584    -7.17    4.94
 211838.364    76.965    -7.03    5.41
 212210.647    73.139   -10.28    3.81
 212582.856    73.595     1.23    5.03
 212954.989    75.772     5.85    5.87
 213327.047    77.574     4.84    5.11
 213699.029    82.582    13.46    6.56
 214070.936    84.737     5.79    7.88
 214442.768    87.431     7.25    8.34
 214814.525    89.263     4.93    6.77
 215186.207    87.861    -3.77    5.42
 215557.814    90.034     5.85    5.44
 215929.346    91.580     4.16    5.97
 216300.803    94.424     7.66    5.73
 216672.185    97.510     8.31    5.36
 217043.492    99.617     5.67    7.55
 217414.725   102.581     7.98    9.20
 217785.883   104.617     5.48   10.42
 218156.965   105.797     3.18   10.25
 218527.974   104.052    -4.70    9.81
 218898.907   101.908    -5.78    8.17
 219269.767    98.552    -9.05    8.18
 219640.551    95.339    -8.66    7.68
 220011.261    92.359    -8.04    6.91
 220381.897    90.254    -5.68    5.92
 220752.458    89.364    -2.40    5.50
 221122.945    90.086     1.95    5.47
 221493.358    90.546     1.24    6.83
 221863.696    92.834     6.18    9.18
 222233.960    95.464     7.10   11.22
 222604.150    96.791     3.59   11.01
 222974.266    97.929     3.07   10.88
 223344.307   100.606     7.23    9.88
 223714.275   102.527     5.19    9.86
 224084.169   103.474     2.56    7.81
 224453.988   102.727    -2.02    6.60
 224823.734   101.441    -3.48    6.79
 225193.406    99.957    -4.01    5.15
 225563.004   100.773     2.21    4.88
 225932.528   102.221     3.92    5.48
 226301.979   103.305     2.93    6.51
 226671.356   103.932     1.70    6.15
 227040.659   105.931     5.41    5.21
 227409.889   107.531     4.33    5.59
 227779.045   110.213     7.26    8.52
 228148.127   116.258    16.38   10.87
 228517.136   122.289    16.34   10.90
 228886.072   128.563    17.00    7.09
 229254.934   132.061     9.48    4.25
 229623.723   132.946     2.40    3.78
 229992.439   134.026     2.93    3.76
 230361.081   135.027     2.72    5.74
 230729.650   136.997     5.34    7.93
 231098.146   138.718     4.67    9.42
 231466.569   138.908     0.52   10.25
 231834.919   140.206     3.53    9.58
 232203.195   141.161     2.59    8.91
 232571.399   142.900     4.72    8.26
 232939.530   150.747    21.31   15.70
 233307.588   159.626    24.12   17.82
 233675.573   168.106    23.04   14.39
 234043.485   176.155    21.87    6.89
 234411.324   180.215    11.03    9.21
 234779.091   180.788     1.56   11.79
 235146.785   181.551     2.08   14.42
 235514.406   178.573    -8.10   14.76
 235881.955   178.661     0.24   13.77
 236249.431   180.276     4.39   12.30
 236616.834   186.144    15.97   11.17
 236984.165   191.450    14.44    8.54
 237351.424   194.824     9.19    6.68
 237718.610   198.012     8.68    6.39
 238085.724   204.162    16.75    9.58
 238452.766   208.239    11.11    9.97
 238819.735   210.718     6.75    9.64
 239186.632   211.902     3.23    9.58
 239553.457   209.450    -6.69    8.77
 239920.210   206.067    -9.22   10.57
 240286.890   205.957    -0.30   13.02
 240653.499   207.335     3.76   14.84
 241020.035   206.617    -1.96   13.88
 241386.500   204.532    -5.69   12.85
 241752.892   203.518    -2.77   11.55
 242119.213   203.203    -0.86   11.41
 242485.462   206.595     9.26   11.64
 242851.639   207.190     1.62   12.08
 243217.745   203.350   -10.49   12.66
 243583.778   201.005    -6.40   11.13
 243949.740   202.693     4.61   10.83
 244315.630   205.005     6.32   11.89
 244681.449   209.975    13.58   10.13
 245057.559   212.997     8.03    6.76
 245438.258   215.305     6.06    8.99
 245818.879   219.739    11.65    9.81
 246199.421   224.627    12.84    7.29
 246579.885   226.078     3.81    6.40
 246960.271   223.911    -5.70    7.80
 247340.578   220.419    -9.18    8.84
 247720.807   218.241    -5.73    8.56
 248100.958   219.827     4.17    9.62
 248481.030   224.116    11.28   12.00
 248861.024   230.889    17.82   11.81
 249240.941   236.339    14.34    8.18
 249620.779   234.456    -4.95    9.31
 250000.539   230.272   -11.02   10.08
 250380.221   227.572    -7.11    8.89
 250759.826   228.496     2.43    8.31
 251139.352   231.751     8.57    8.31
 251518.801   231.628    -0.32    7.71
 251898.172   229.420    -5.82    9.68
 252277.465   226.171    -8.56    9.28
 252656.680   222.285   -10.25    5.26
 253035.818   219.976    -6.09    6.17
 253414.879   218.221    -4.63    6.77
 253793.861   217.016    -3.18    8.87
 254172.767   214.162    -7.53   10.32
 254551.594   212.639    -4.02    9.81
 254930.345   212.356    -0.75   10.97
 255309.018   210.161    -5.79   11.13
 255687.614   207.356    -7.41   10.69
 256066.132   206.485    -2.30   10.51
 256444.574   206.719     0.62   11.29
 256822.938   207.320     1.59   11.89
 257201.225   206.362    -2.53   11.67
 257579.435   203.199    -8.36   11.01
 257957.568   201.539    -4.39   12.55
 258335.624   200.749    -2.09   13.92
 258713.603   201.020     0.72   15.22
 259091.506   201.261     0.64   14.98
 259469.331   202.245     2.60   15.04
 259847.080   200.627    -4.28   15.95
 260224.752   201.122     1.31   18.70
 260602.347   200.083    -2.75   20.38
 260979.865   200.132     0.13   24.13
 261357.307   198.375    -4.66   25.45
 261734.673   200.293     5.08   23.39
 262111.962   201.606     3.48   23.64
 262489.174   205.888    11.35   23.65
 262866.310   206.562     1.79   23.70
 263243.370   199.763   -18.03   24.30
 263620.353   186.739   -34.54   22.91
 263997.260   169.945   -44.55   19.00
 264374.091   159.539   -27.61   13.56
 264750.846   155.854    -9.78    9.16
 265127.524   159.261     9.04   12.08
 265504.127   171.283    31.92   19.07
 265880.653   183.250    31.78   20.79
 266257.104   191.791    22.68   19.95
 266633.478   196.239    11.81   18.22
 267009.777   197.650     3.75   16.24
 267385.999   198.550     2.39   14.01
 267762.146   203.729    13.77   12.49
 268138.217   210.088    16.90   12.69
 268514.212   218.093    21.29   10.28
 268890.132   220.116     5.38    9.85
 269265.976   218.650    -3.90   11.99
 269641.744   212.594   -16.11   13.23
 270017.437   205.872   -17.89   11.32
 270393.055   201.919   -10.52   10.30
 270768.596   199.036    -7.68    9.50
 271144.063   199.327     0.78    8.51
 271519.454   202.616     8.76   10.71
 271894.770   205.560     7.84   13.72
 272270.010   210.886    14.19   14.14
 272645.176   214.805    10.45   12.24
 273020.266   217.650     7.58    8.36
 273395.281   218.539     2.37    5.62
 273770.220   215.550    -7.97    8.59
 274145.085   210.950   -12.27    9.17
 274519.875   206.377   -12.20    7.55
 274894.590   202.717    -9.77    5.41
 275269.230   201.236    -3.95    5.68
 275643.795   202.606     3.66    6.51
 276018.285   204.581     5.27    7.52
 276392.700   204.987     1.08    7.44
 276767.041   203.558    -3.82    8.06
 277141.307   200.210    -8.94    8.42
 277515.498   195.857   -11.63    7.43
 277889.615   194.472    -3.70    7.15
 278263.657   194.866     1.05    8.53
 278637.625   195.749     2.36   10.14
 279011.518   200.843    13.62   11.85
 279385.336   205.331    12.00   13.26
 279759.081   208.489     8.45   12.81
 280132.751   210.957     6.61   10.30
 280506.346   210.167    -2.11    7.97
 280879.868   209.027    -3.05    7.05
 281253.315   209.447     1.12    7.48
 281626.688   210.661     3.25    8.55
 281999.987   216.804    16.45   14.46
 282373.212   227.706    29.20   19.97
 282746.362   239.697    32.13   20.71
 283119.439   253.459    36.88   16.27
 283492.442   264.304    29.07   14.23
 283865.371   271.254    18.63   11.85
 284238.226   272.685     3.84   12.54
 284611.007   272.342    -0.92   11.94
 284983.715   267.388   -13.29   12.11
 285356.348   262.016   -14.41   12.58
 285728.908   256.297   -15.35   13.44
 286101.395   248.617   -20.62   12.43
 286473.807   242.937   -15.25   10.74
 286846.147   238.483   -11.96   11.41
 287218.412   233.408   -13.63   11.27
 287590.605   229.335   -10.94    9.31
 287962.723   226.809    -6.79    7.67
 288334.769   222.874   -10.57   10.01
 288706.741   217.366   -14.81   14.71
 289078.640   211.059   -16.95   16.69
 289450.465   207.447    -9.71   15.29
 289822.217   207.247    -0.54   14.76
 290193.897   210.886     9.79   16.47
 290565.502   220.512    25.90   13.80
 290937.035   225.961    14.66    6.19
 291308.495   223.022    -7.91    9.37
 291679.882   217.650   -14.46   11.69
 292051.196   212.753   -13.18    9.88
