# NaN NaN NaN ;Mean Elev.(m), Avg Gradient(m/km), RMS Gradient(m/km) - SRTM1     
#   12.604  -0.879  16.954 ;Mean Elev.(m), Avg Gradient(m/km), RMS Gradient(m/km) - ASTER GDEM
#   36.595  -1.070  15.412 ;Mean Elev.(m), Avg Gradient(m/km), RMS Gradient(m/km) - GMTED2010 
  7    16.548 52470.32355673 16.41  52.607847  65.406737 14.558
  7    16.637 52470.32355737 16.69  52.604787  65.403637 14.558
  7    16.488 52470.32355802 19.06  52.601727  65.400547 14.558
  8    90.757 52505.32353960  4.69  52.606522  65.406933  4.096
  8    91.473 52505.32354025  1.70  52.603462  65.403833  4.096
  8    89.989 52505.32354089  1.06  52.600402  65.400733  4.096
  9   120.547 52540.32352245  0.09  52.627701  65.402787  3.341
  9   105.712 52540.32352309  2.69  52.624631  65.399687  3.341
  9    87.507 52540.32352374  5.00  52.621571  65.396587  3.341
 10    48.069 52575.32356848  6.69  52.608542  65.404712  7.546
 10    48.938 52575.32356913  5.75  52.605482  65.401612  7.546
 16   108.063 52785.32351224  3.74  52.623942  65.402669  3.567
 16    96.041 52785.32351289  4.29  52.620882  65.399569  3.567
 16    89.976 52785.32351353  6.02  52.617822  65.396469  3.567
 17    88.030 52820.32358731  8.08  52.620730  65.402757  4.545
 17    88.999 52820.32358795  4.31  52.617660  65.399657  4.545
 21    17.442 52960.32358911 37.51  52.626398  65.401840 18.919
 21    17.459 52960.32358976 38.49  52.623338  65.398740 18.919
 21    16.702 52960.32359040 37.96  52.620278  65.395640 18.919
 25   123.285 53100.32360028  1.50  52.594488  65.405535  2.613
 25   115.827 53100.32360092  1.31  52.591428  65.402435  2.613
 25   113.373 53100.32360157  0.57  52.588368  65.399335  2.613
 25   111.282 53100.32360221  0.39  52.585308  65.396235  2.613
 25   108.646 53100.32360285  0.01  52.582258  65.393135  2.613
 28    16.218 53205.32366350 19.36  52.608700  65.404396  8.717
 28    15.895 53205.32366414 22.20  52.605640  65.401306  8.717
 32    17.974 53345.32361129 20.45  52.607125  65.405355  8.954
 32    18.305 53345.32361194 20.94  52.604060  65.402251  4.325
 32    17.027 53345.32361323 23.63  52.597940  65.396061  4.325
 37   101.870 53520.32366357  3.26  52.609956  65.403450  5.040
 37    91.261 53520.32366422  4.98  52.606896  65.400360  5.040
 39    17.280 53590.32362918 40.67  52.610181  65.406404 11.412
 39    17.060 53590.32362983 43.39  52.607121  65.403304 11.412
 39    18.895 53590.32363047 41.05  52.604055  65.400207 12.714
 47   118.148 53870.32356718  2.53  52.615664  65.405304  4.844
 47   115.767 53870.32356782  2.32  52.612594  65.402204  4.844
 47   114.110 53870.32356847  1.24  52.609533  65.399102  4.572
 49   119.049 53940.32363479  0.58  52.603969  65.406633  4.060
 49   116.509 53940.32363543  0.16  52.600899  65.403533  4.060
 50    15.956 53975.32359258 14.06  52.601104  65.407868  9.272
 50    16.138 53975.32359323 17.09  52.598044  65.404768  9.272
 50    18.186 53975.32359387 17.30  52.594984  65.401668  9.272
 50    16.959 53975.32359452 19.87  52.591929  65.398571  6.349
 50    18.392 53975.32359516 20.53  52.588869  65.395471  6.349
 50    17.552 53975.32359581 22.79  52.585809  65.392371  6.349
 50    17.672 53975.32359645 19.87  52.582759  65.389271  6.349
 53    16.150 54080.32360108 17.85  52.603772  65.404458  7.013
 53    16.397 54080.32360173 18.13  52.600712  65.401358  7.013
 58   102.118 54255.32358171  7.85  52.612016  65.405911  3.334
 58   101.307 54255.32358235  6.16  52.608956  65.402811  3.334
 58    95.901 54255.32358300  5.26  52.605896  65.399711  3.334
 59    18.592 54290.32358457 18.32  52.611193  65.403724  9.134
 59    19.412 54290.32358522 17.79  52.608133  65.400624  9.134
 62   111.745 54395.32352183  1.36  52.615885  65.405227  3.146
 62   108.572 54395.32352247  1.01  52.612815  65.402127  3.146
 62    89.116 54395.32352312  4.33  52.609755  65.399027  3.146
 63    18.464 54430.32348541 10.71  52.604824  65.405705  8.378
 63    17.027 54430.32348605 19.11  52.601764  65.402605  8.378
 63    17.930 54430.32348734 37.71  52.595644  65.396405  8.378
 63    17.216 54430.32348863 24.91  52.589524  65.390205  8.378
 71   110.646 54710.32347928  2.27  52.603882  65.406472  3.548
 71   109.830 54710.32347993  1.70  52.600822  65.403372  3.548
 72   107.003 54745.32349010  5.25  52.614837  65.405443  2.808
 72    99.775 54745.32349074  5.24  52.611777  65.402343  2.808
 72    97.182 54745.32349139  3.92  52.608717  65.399243  2.808
 74    17.304 54815.32348319 15.87  52.617947  65.405343  8.551
 74    16.711 54815.32348383 17.79  52.614887  65.402243  8.551
 74    18.053 54815.32348448 18.64  52.611827  65.399143  8.551
 79   105.033 54990.32350586  4.94  52.611371  65.406414  3.126
 79   103.157 54990.32350650  4.21  52.608311  65.403314  3.126
 79   102.370 54990.32350715  2.59  52.605251  65.400214  3.126
 81    16.578 55060.32349116 14.64  52.610949  65.405773 11.635
 81    17.583 55060.32349181 15.93  52.607889  65.402673 11.635
 81    17.447 55060.32349245 19.15  52.604829  65.399573 11.635
 84    18.793 55165.32340516 26.42  52.606520  65.403913 13.817
 84    19.250 55165.32340580 25.93  52.603460  65.400813 13.817
